move -1.168291 -0.127926 -0.236020 -0.169553 -0.505487
tougher -0.211725 -0.184112 -0.196026 0.258235 0.663868
occasionally 0.253496 0.423446 0.283377 0.245215 -0.223502
argentina 0.071181 0.107276 0.413185 -0.747760 0.141263
danish -0.192632 0.786865 -0.475750 0.042902 0.077217
fly -0.881401 -0.124060 0.013702 -0.204221 -0.480641
louder -0.147929 -0.168881 -0.131703 0.327079 0.538237
loud 0.021643 -0.442244 0.256293 0.227148 0.545581
norway -0.029356 -0.163443 0.563626 -0.899877 0.134198
ukraine 0.077060 -0.113418 0.546483 -0.499759 0.118429
professional 0.252292 0.261745 0.374095 0.628000 -0.344713
moving -0.121848 0.002238 0.382439 -0.008490 -0.273337
tough 0.035147 -0.378004 0.218344 0.290129 0.502616
flying 0.029821 -0.029550 0.623405 0.040425 -0.423031
professionally 0.483411 0.595342 0.359795 0.313613 -0.237030
norwegian -0.023583 0.598171 -0.285050 0.067926 0.195636
argentinean -0.014809 0.720373 -0.406790 0.257903 0.218460
ukrainian 0.090510 0.601334 -0.332625 0.359236 0.264095
occasional 0.033778 0.119977 0.341098 0.460175 -0.298215
denmark 0.020408 0.133935 0.342108 -0.699113 0.116883
