move 0.040466 -0.027268 0.048124 0.158026 -0.045109 -0.256688 -0.313307 0.121049 -0.125762 -0.171511 -0.031849 -0.027689 0.292401 -0.219835
tougher -0.133019 0.190937 0.031850 0.129358 -0.065784 -0.086610 -0.063588 -0.399507 -0.027085 0.169330 -0.095713 0.107935 -0.092290 -0.188255
occasionally -0.256673 0.128544 -0.123707 -0.125608 -0.037579 -0.137847 0.188827 -0.127204 -0.327485 -0.092950 -0.051035 0.280360 -0.339022 -0.187428
argentina -0.120239 -0.270805 0.141457 -0.169603 -0.013282 -0.179890 -0.015480 -0.075433 0.082835 0.000411 0.132054 0.090760 0.022097 0.152717
danish -0.074059 -0.119720 -0.279873 -0.083049 0.087071 -0.117913 -0.030661 0.038028 -0.163249 0.242386 0.048403 0.100880 -0.119064 -0.196703
fly -0.008219 -0.044685 0.107325 0.093129 -0.177534 -0.193449 -0.203386 0.208206 -0.066704 -0.087968 -0.138983 -0.010569 0.185090 -0.179414
louder -0.074065 0.087501 -0.064612 0.204296 0.090933 -0.222633 0.028243 -0.272788 0.011155 0.259691 -0.024802 -0.018231 0.111917 0.083455
loud 0.054417 0.050672 0.050805 0.092240 0.110640 0.027223 -0.023347 -0.009021 0.298896 -0.110817 -0.202533 -0.192992 0.303455 0.026878
norway -0.236411 -0.268568 0.039522 -0.040087 0.022099 -0.500660 0.056155 -0.141745 0.052290 0.005118 0.358284 0.021956 -0.020986 0.295783
ukraine -0.077226 -0.125199 0.185692 0.020165 -0.019765 -0.254862 0.054198 -0.034286 0.252394 -0.054571 0.078183 0.176162 -0.025926 0.122366
professional 0.262333 0.066881 0.121198 0.131337 0.118552 -0.081010 0.331019 0.124974 -0.027055 -0.006229 0.141849 0.153592 -0.107191 0.093900
moving -0.048566 0.008290 0.114136 0.177545 0.077539 -0.101817 -0.149128 0.024919 -0.150891 -0.023426 -0.074394 -0.081721 0.025530 0.164623
tough -0.089701 0.158664 -0.020328 0.058643 -0.090032 -0.075749 0.074936 -0.082166 0.118253 -0.057023 -0.110319 -0.143142 -0.118287 -0.162626
flying -0.122219 0.010892 0.075905 0.118369 -0.039261 -0.145586 -0.036995 0.096841 -0.159838 -0.008776 -0.071011 -0.045304 -0.144728 0.174781
professionally 0.077127 0.179683 0.054772 -0.208512 0.122676 0.174827 0.045753 0.035462 -0.075148 -0.116016 -0.296713 0.337429 -0.086071 -0.158988
norwegian 0.047898 -0.205957 -0.234837 0.091746 0.223057 -0.224093 -0.011820 -0.045266 0.010093 0.112874 0.063838 0.018506 -0.036995 0.015798
argentinean 0.178829 -0.176315 -0.108063 -0.000810 0.148031 0.120002 -0.070252 0.044917 0.018984 0.119600 -0.090432 0.074199 0.012598 -0.135668
ukrainian 0.189205 -0.112896 -0.145086 0.119968 0.144072 0.006967 0.040918 0.033910 0.134924 0.085611 -0.119845 0.160807 -0.107921 -0.141483
occasional 0.077933 0.037962 0.043982 0.169858 0.027731 -0.269836 0.383757 0.054250 -0.082450 -0.035531 0.163012 0.105591 -0.182549 0.039143
denmark -0.170006 -0.116683 0.148442 -0.219337 -0.008238 -0.215047 -0.031715 -0.015874 0.049042 0.050464 0.154433 0.123120 0.003263 -0.012754
