fly 0.220549 -0.014268 0.005509 0.154106 0.091937 -0.136416 -0.087568 0.245425 -0.136026 -0.128753 -0.318554 -0.230503 -0.168785 -0.125212
loud 0.137918 0.016989 -0.014606 0.010294 0.048759 -0.115278 -0.148240 0.239867 -0.032525 0.130768 0.052209 0.281730 -0.265277 0.027913
tough 0.133052 0.021404 -0.035819 0.006625 0.096503 -0.040630 -0.109014 0.182770 -0.025956 0.178014 0.046342 0.150427 -0.303172 0.014604
occasionally -0.078901 -0.211745 -0.279102 0.092758 0.088266 0.188183 -0.234910 -0.225884 0.208086 0.136556 0.037320 -0.088706 -0.030363 -0.094437
moving 0.220336 -0.137052 0.083028 0.233654 0.153289 0.148703 0.256205 0.174196 -0.254907 0.061741 0.144189 0.002159 0.138384 -0.240364
professionally -0.070933 -0.217511 -0.215352 0.082425 -0.083906 0.136007 -0.253775 -0.258198 0.206387 0.076092 0.164129 -0.085576 -0.131372 -0.145980
professional 0.305332 -0.129977 0.119446 -0.061211 -0.152812 0.142525 0.127457 -0.176233 -0.132778 -0.113742 0.182737 0.015588 -0.201307 -0.154021
norwegian -0.012411 -0.187846 -0.121861 -0.117996 -0.097301 -0.122726 -0.008046 -0.016807 0.116320 -0.149658 -0.025162 0.154569 0.058632 -0.090901
tougher -0.124718 0.001817 0.032524 0.055904 0.314950 -0.078975 0.165928 -0.148662 0.087439 -0.038641 0.038990 0.123675 -0.114756 0.051441
ukraine 0.024680 0.138700 -0.050118 -0.157340 -0.025219 0.199415 -0.034373 0.043679 -0.197192 0.130329 -0.117855 0.026499 -0.014416 0.019128
move 0.196186 -0.076054 0.090812 0.235072 0.145513 -0.126087 -0.075902 0.169115 -0.236316 -0.330843 -0.130076 -0.005680 -0.064741 -0.145376
occasional 0.260349 -0.150859 0.012311 0.011706 -0.057543 0.181613 0.086216 -0.119429 -0.061488 -0.122091 0.014914 -0.055684 -0.131672 -0.071876
ukrainian -0.090228 -0.139303 -0.027846 -0.225971 -0.118373 -0.139318 -0.069838 -0.119998 0.174117 -0.080882 -0.042015 0.056953 -0.014698 -0.142299
flying 0.263206 -0.026004 0.038118 0.094879 0.082520 0.033035 0.162329 0.278812 -0.201117 0.188235 0.067861 -0.135553 0.016165 -0.233499
danish 0.038538 -0.157877 -0.042689 -0.065291 -0.118733 -0.366371 -0.043191 -0.105780 0.114087 0.017121 -0.065034 0.035258 0.018394 -0.190421
norway 0.088330 0.015715 -0.141093 0.050648 -0.125650 0.207596 0.070401 0.084810 -0.189598 0.062448 -0.150493 0.161123 0.044660 0.015245
argentina 0.117372 0.125224 0.001907 0.116693 -0.180337 0.037136 0.071570 0.151523 -0.145287 0.090431 -0.026806 -0.011209 0.145873 0.117175
louder -0.117050 0.082311 0.041069 0.024350 0.269962 -0.101161 0.188956 -0.122474 0.108866 0.059572 0.124291 0.247932 -0.014925 0.053435
argentinean 0.014455 -0.159324 0.112874 -0.083274 -0.129374 -0.279338 0.002409 -0.025917 0.146560 -0.040384 0.116707 -0.001747 0.111218 -0.037675
denmark 0.176479 0.123940 -0.024449 0.040192 -0.154248 -0.018541 0.022911 0.003375 -0.303557 0.181156 -0.221212 -0.027161 0.047345 -0.025495
