madagascar 0.076660 0.469031 0.297507 0.225915 0.028408 0.221580 0.254818 0.376764 -0.229344 0.498204 0.680225 0.344923 0.112008 0.226726 0.063034 0.189179 0.730538 -0.515397 -0.687946 -0.190337 0.312793 -0.462285 -0.337336 0.797696 0.428374 -0.348940 -0.207096 0.240368 -0.124205 -0.234276 0.019671 0.281627 -0.112574 -0.778690 0.267626 0.186163 -0.747763 0.677274 -0.458797 0.485087 0.162732 -0.358420 -0.224744 -0.293881 0.050728 0.060247 0.231654 -0.016172 -0.433533 -0.019392
short -0.009685 -0.196105 -0.189830 0.065048 -0.484766 -0.298127 -0.245222 -0.419143 0.344491 0.151717 -0.261704 -0.286329 0.272280 0.408215 -0.051857 0.562526 0.124651 -0.508619 -0.807007 -0.518775 0.981165 0.014729 -0.294747 -0.359688 0.195223 0.195965 0.269911 -0.051512 0.613947 0.248314 -0.673836 -0.373718 -0.394472 0.150968 0.285606 -0.472144 0.399157 -0.561769 -0.342211 0.135638 0.022117 -0.153815 0.405957 -0.606615 0.169713 -0.385232 -0.179563 0.087058 -0.048070 -0.397647
decreased -0.226068 -0.268149 0.442349 0.342468 -0.429621 -0.746109 -0.342421 0.533725 0.290401 0.122425 -0.205351 -0.387116 -0.172724 -0.022451 0.428863 -0.262677 -0.518284 -0.623056 -0.369697 -0.232499 -0.019699 0.610797 -0.155235 -0.292975 -0.298169 -0.248864 -0.493573 0.087470 0.371604 -0.101571 0.151184 -0.558878 0.551712 -0.446234 -0.121486 0.616494 0.159944 -0.294273 -0.686841 0.450258 -0.607035 0.097838 -0.394668 -0.190148 -0.226516 -0.706380 -0.730686 0.672090 0.633006 -0.242443
belarus 0.615772 -0.392177 -0.553417 -0.023007 0.687909 0.454124 0.473364 -0.086388 0.342933 -0.723353 -0.151024 0.481366 -0.259567 -0.126387 -0.187280 0.181399 0.072258 0.634798 0.390269 0.250306 0.189120 -0.646149 0.393578 0.342973 -0.170854 0.076421 0.250082 0.027665 0.307345 -0.082834 0.390860 0.021915 -0.473847 0.294914 0.137968 -0.308571 0.552785 0.667683 -0.698254 0.329719 0.391405 0.068802 0.143196 -0.178002 0.034775 0.612324 0.099332 -0.183848 0.635317 0.142427
tajikistan 0.717737 0.015534 -0.179887 0.340143 0.536276 0.080106 0.591039 0.668946 0.300119 0.059909 0.143636 0.083628 0.077079 -0.445048 0.047488 -0.463454 -0.243974 0.556267 -0.209494 0.857139 0.513232 -0.724527 -0.354466 0.532836 -0.604563 -0.656706 -0.536774 0.437468 -0.613684 0.369412 0.480089 -0.084796 0.077078 0.408970 0.074844 -0.065456 0.339199 0.265634 -0.736932 0.567466 -0.193060 0.478071 0.023886 -0.177703 0.316917 0.296568 0.388007 -0.016605 0.123465 0.345789
antananarivo 0.113550 -0.391238 0.041666 0.292386 0.160482 -0.067840 0.801943 0.505607 0.078518 -0.055416 0.387625 -0.467370 -0.356695 0.510367 0.190941 -0.026756 0.054009 -0.177338 -0.460967 0.698758 0.238740 0.150018 -0.524882 0.316597 0.185217 0.103784 -0.713291 0.346454 -0.607548 0.078426 -0.420864 0.046603 -0.253337 -0.231273 0.640409 -0.262970 -0.551404 0.001634 -0.392416 -0.249626 0.766036 0.038224 0.591684 -0.783069 0.183916 0.153098 -0.437677 0.017308 -0.064079 0.279636
chile 0.600926 -0.305889 -0.190154 0.447830 0.396545 0.012442 0.260643 -0.470163 -0.291579 0.137322 -0.145643 -0.127447 -0.173797 0.289125 0.455091 0.312696 0.483616 -0.601122 0.089153 -0.803462 0.017319 -0.514784 -0.331241 -0.232851 0.289937 -0.697167 0.562310 -0.341817 0.703104 -0.390332 0.539886 0.407945 0.210585 -0.498199 0.540788 0.512384 0.334935 0.450214 0.222633 -0.545804 -0.142737 0.867866 0.597993 -0.399815 -0.122554 0.145142 0.026350 -0.004772 -0.249645 0.285997
high 0.256657 -0.609969 -0.646240 0.005910 -0.332580 -0.176086 -0.157815 0.648212 -0.154904 -0.274151 0.254325 -0.296508 -0.723735 -0.207407 -0.150398 0.145789 0.251428 0.681592 -0.080572 -0.326288 0.183992 0.339551 -0.006269 -0.448617 -0.367869 -0.321790 -0.005740 -0.728701 0.094952 0.214336 0.138374 -0.163939 0.362705 0.663520 -0.582069 0.051256 0.509046 -0.425547 0.594324 -0.326644 -0.380758 0.729802 -0.397350 0.184740 0.340869 0.154286 0.541757 0.172712 -0.266034 -0.142293
paying -0.382740 -0.031426 0.677483 -0.243627 -0.006885 0.153292 -0.422925 0.431810 -0.163199 -0.797391 -0.194719 0.267914 0.493870 0.314117 -0.000608 0.433676 -0.145977 -0.113851 0.335443 -0.622815 -0.749317 0.381471 -0.405583 0.119695 -0.386578 0.136129 0.602595 -0.049906 -0.327491 0.412416 -0.263576 -0.006373 -0.166727 0.445336 0.604110 0.405255 -0.168523 -0.332918 -0.633613 -0.424119 0.330552 -0.276592 0.064428 -0.013510 0.157705 0.486823 0.624184 0.245490 -0.429268 0.345932
coolest 0.263993 -0.242188 0.281035 0.004754 -0.304098 0.177623 0.658895 -0.028531 0.437913 0.118676 0.256587 0.384937 -0.144470 -0.924336 0.370396 0.206175 -0.621607 0.584031 0.138427 0.046054 0.183370 -0.417821 0.257277 0.269094 -0.557556 -0.190699 -0.035595 -0.388847 -0.730946 -0.054682 0.419777 0.290286 0.341592 0.295470 -0.210330 -0.160119 0.164840 -0.211920 0.473446 0.346109 -0.007662 -0.334304 0.033465 0.446861 0.474568 0.265967 0.470904 0.678054 -0.416897 0.065875
safe -0.359915 -0.232963 0.381709 0.146776 -0.478326 -0.346814 -0.324934 0.352417 -0.151899 -0.314336 -0.246750 0.119273 -0.565480 0.249956 -0.171363 -0.526521 0.363255 -0.140825 0.332879 -0.244215 -0.256229 0.744727 -0.082121 -0.106617 -0.021576 0.092299 0.360158 0.503941 0.845705 0.439838 -0.298583 -0.002938 -0.161427 -0.522953 0.404007 0.389798 -0.141619 -0.325293 -0.090093 -0.040089 0.283156 0.229790 -0.110623 -0.496857 0.383420 -0.136978 -0.225351 -0.084614 0.543900 -0.239375
santiago 0.347518 0.408090 -0.240297 0.305040 -0.485896 -0.238647 -0.276113 0.432340 -0.057697 0.631924 -0.441194 -0.280858 0.171760 0.065584 0.376380 -0.672253 -0.516826 -0.370736 -0.056350 0.585668 -0.095179 0.548051 -0.722215 0.326495 0.454045 -0.478677 -0.898867 0.561910 -0.405084 0.424831 -0.173766 -0.171545 0.371555 0.205679 -0.362448 0.445284 -0.297528 -0.339630 -0.848065 0.327496 0.142686 0.280958 -0.657493 -0.156907 0.224978 -0.254270 -0.488671 0.013403 -0.248987 0.314396
cool -0.099720 0.875385 0.283936 0.582696 -0.186934 -0.449369 -0.631918 -0.148491 0.482917 0.188698 0.142494 -0.131144 -0.305097 0.353496 -0.478957 0.386621 -0.060644 -0.054700 -0.632951 -0.343698 0.459688 0.466725 -0.013003 0.068492 0.149650 0.125403 -0.410910 -0.144428 0.014113 0.288936 -0.242710 0.160530 0.150991 -0.209585 0.326315 0.506688 -0.424859 0.001037 0.451618 0.680429 0.165610 -0.386561 -0.348873 -0.165722 -0.352533 -0.867281 -0.023105 0.066271 -0.663868 -0.370187
paid -0.171140 -0.680779 0.094125 0.317873 -0.048401 -0.458067 -0.431323 0.226145 0.027166 0.274809 -0.414698 0.569567 0.108051 0.010860 0.139776 0.024607 0.104469 -0.604429 -0.004814 -0.545618 0.038130 -0.466521 -0.525591 0.249599 0.542783 0.214510 -0.390618 -0.309222 0.401769 -0.578789 0.569210 0.033197 0.305730 -0.133586 -0.495784 0.642793 0.311038 -0.195132 0.249987 -0.191385 -0.030905 -0.101787 -0.484067 -0.169946 -0.173511 -0.376895 -0.522477 0.639042 0.238964 0.451147
decreasing -0.455784 -0.347682 0.292608 0.110146 0.065007 -0.280591 0.288306 -0.142427 -0.508239 0.244476 -0.243070 0.176688 0.601435 -0.476569 0.348570 -0.549573 -0.480369 -0.628338 0.449448 0.147463 -0.386817 0.535294 -0.045236 -0.928872 -0.118002 -0.360787 0.502555 0.395848 -0.123882 0.201292 -0.379445 -0.459695 0.498988 0.407012 0.584427 -0.356215 0.321745 -0.434401 -0.033419 -0.735476 -0.314491 -0.442212 0.266644 0.527763 0.383439 0.375273 -0.234746 -0.178011 -0.309942 0.268781
minsk -0.101126 -0.679923 0.243237 -0.503086 -0.503935 -0.407553 0.531924 -0.497681 0.374052 -0.191782 -0.351909 -0.512704 0.581850 0.499273 -0.017844 0.495266 -0.299175 -0.791760 0.050848 -0.413396 0.190793 -0.400181 -0.469331 -0.028057 0.648815 0.649289 0.171947 0.043499 0.216686 -0.360570 -0.132327 0.128205 -0.440493 -0.546973 0.238354 -0.389826 -0.185604 -0.399702 -0.232419 -0.525741 0.441061 -0.276676 0.522214 -0.435666 0.166933 0.250266 -0.476812 -0.359249 0.218308 0.013651
safer 0.188773 -0.026878 0.290623 -0.493257 -0.187659 0.353559 0.420783 -0.219279 -0.227700 -0.294430 -0.489740 0.575955 0.564020 -0.427990 -0.457706 -0.477355 -0.652802 0.514895 0.304053 -0.638432 0.350449 -0.053633 0.233906 -0.285276 0.792335 0.358678 0.626020 0.143942 0.528963 0.495026 -0.226925 0.102754 -0.206921 0.407149 -0.373273 -0.303989 0.493981 0.118292 -0.610348 0.054093 -0.532732 -0.732852 -0.654861 -0.101715 0.537738 0.663508 0.158817 0.081152 -0.392452 -0.056248
higher 0.157307 0.100010 0.334960 -0.007215 0.557113 -0.254186 0.101629 -0.360883 0.114074 -0.245252 -0.620457 -0.686453 0.280033 0.350803 0.124112 -0.357243 -0.289092 0.476975 0.473169 -0.027582 -0.135582 0.045341 0.473035 -0.173923 0.095131 0.468681 -0.127485 -0.089249 0.079285 0.314899 0.493999 0.392226 -0.545367 0.542227 0.183825 0.484700 0.085866 -0.091513 0.325441 -0.005611 0.419552 -0.383254 -0.627153 -0.059204 -0.323532 -0.466876 -0.535372 -0.146840 0.098004 0.599008
shortest 0.329846 0.241010 -0.095331 0.580472 0.082637 0.856061 0.346160 -0.621297 -0.715880 -0.101912 0.306982 0.406011 -0.948268 -0.535346 0.369136 -0.385618 -0.276785 0.254712 0.413559 0.473192 -0.525637 0.657376 -0.026356 -0.147759 -0.346881 -0.339279 -0.360156 -0.340424 0.100826 -0.473413 -0.014728 0.404966 0.409017 -0.460114 0.498647 -0.635611 -0.122022 0.185625 -0.443380 0.016184 0.915438 0.278580 0.094392 -0.529154 0.369588 0.253471 -0.346853 0.509976 0.192554 -0.121483
dushanbe 0.411644 0.007478 -0.435368 -0.458340 -0.172182 -0.416168 0.453531 0.238749 0.225001 0.196991 -0.414502 0.236875 -0.442509 0.145967 -0.540985 0.264744 -0.150529 0.273083 0.466701 -0.654804 -0.234775 0.288075 -0.498281 0.504244 0.726318 0.390343 -0.205544 -0.202954 0.457575 -0.050620 -0.130601 -0.206201 0.403910 0.367106 -0.504049 -0.133181 -0.058240 -0.496889 0.375906 -0.162267 0.286421 -0.350065 -0.412472 0.316425 -0.092973 0.348940 0.456788 0.153479 -0.434505 0.209829
