move 0.394210 -0.192494 0.300880 -0.228953 0.588487 0.182081 0.207655 0.081512 0.492348 0.045360 -0.834529 0.029484
danish -0.149177 0.020857 0.096921 0.271998 0.257187 0.380514 0.281604 -0.164964 0.405189 0.055214 0.325232 0.171656
loud 0.028075 -0.201766 0.389616 0.051147 0.066172 -0.562102 -0.085974 -0.074472 -0.190275 -0.096792 0.030692 -0.399941
tough 0.151568 -0.289169 0.289887 0.203392 -0.001987 -0.464144 0.041695 0.085581 -0.478412 0.103091 -0.019830 -0.312250
flying 0.275673 0.482879 0.018048 0.296297 -0.043888 0.132852 -0.230254 0.037134 -0.051621 0.042397 -0.059982 -0.179960
denmark 0.250662 0.125817 -0.266818 -0.358796 -0.192903 -0.242218 0.281612 0.038277 -0.063059 0.250081 0.019559 -0.116162
tougher -0.169354 -0.139118 -0.058668 0.163198 -0.298724 -0.499240 -0.153445 0.175109 0.182350 0.399575 -0.020056 0.149806
professional -0.180817 -0.139147 0.137307 -0.076188 -0.487714 0.411704 -0.033148 0.197319 -0.094851 -0.375383 0.143154 0.062727
norway 0.335228 0.041909 -0.251997 -0.321480 -0.112243 -0.536927 0.331957 0.017996 -0.100051 -0.160701 -0.047104 -0.071804
ukraine 0.181917 0.200288 -0.163479 -0.324753 -0.252078 -0.399190 0.376084 0.191341 -0.206938 0.064136 0.113751 0.024807
occasionally -0.346890 0.132761 -0.207055 0.006871 0.420448 0.107979 -0.103826 -0.058772 -0.321327 0.034272 -0.234104 -0.134756
norwegian -0.121373 -0.214354 0.055666 0.287459 0.317482 0.126116 0.424676 0.014679 0.201125 -0.329528 0.182242 0.180694
occasional -0.145273 -0.313133 0.213771 -0.090732 -0.257872 0.390266 -0.057610 0.170682 -0.259911 -0.356880 0.120431 0.075227
professionally -0.478386 0.128412 -0.272131 0.050418 0.500535 0.124899 -0.219345 -0.205112 -0.315602 -0.126993 -0.212517 -0.025285
louder -0.128368 -0.024930 -0.180672 -0.214103 -0.189364 -0.578293 -0.407118 -0.226972 0.449790 0.193872 -0.108025 -0.052907
ukrainian -0.261849 -0.049462 0.191163 0.360094 -0.071861 0.021249 0.385438 0.159836 0.179837 -0.055874 0.468512 0.288065
argentina 0.290720 0.267958 -0.042467 -0.490257 -0.138637 -0.249313 0.235608 -0.198496 0.025275 0.102342 0.055233 -0.057738
moving 0.260603 0.404907 0.117123 0.370185 0.154611 0.079971 -0.187642 -0.257670 0.061703 -0.152061 -0.270230 0.111269
argentinean -0.209685 0.034153 0.197347 0.232950 0.233550 0.290594 0.305921 -0.309792 0.428870 -0.155070 0.425837 0.144492
fly 0.432632 0.030341 0.309641 -0.196799 0.263347 0.086498 0.218103 0.341953 0.316179 0.177990 -0.534151 -0.148945
