move -0.344160 -0.112863 0.015209 -0.137690 -0.254025 0.443351 -0.092566 -0.447672 0.340957 -0.597008 0.022799 0.262623
danish -0.370689 0.114404 -0.018108 0.647367 0.009921 0.015007 -0.253272 0.273442 0.430784 -0.201526 -0.304965 0.055034
loud 0.277485 -0.703616 0.081322 -0.262026 0.569331 -0.277702 0.558532 0.162477 -0.278029 0.109011 0.617878 0.119487
tough 0.189480 -0.293530 0.132160 -0.204118 0.375918 -0.165242 0.409423 0.066436 0.036872 -0.049210 0.302162 0.189651
flying 0.505832 0.091042 -0.355448 -0.026105 -0.029192 0.373995 -0.021312 -0.540380 -0.530412 0.003411 0.316241 -0.462088
denmark 0.081566 0.308476 -0.233665 0.234001 -0.090172 0.572606 0.146271 -0.344794 -0.110854 -0.111489 0.555309 -0.459511
tougher -0.416024 0.175206 0.222137 0.009548 0.038667 -0.264649 -0.291197 0.121828 0.038836 0.208515 -0.484717 -0.095677
professional 0.387424 0.201650 -0.008597 -0.150094 0.288166 0.455006 -0.459097 0.090494 -0.207649 -0.137779 -0.138552 -0.038893
norway 0.032497 0.364484 0.081739 0.017721 0.091142 0.226736 0.267764 -0.014024 -0.002021 -0.146008 0.509717 0.116671
ukraine -0.060221 0.561098 0.167631 0.143238 0.206729 0.358081 0.150528 0.035247 0.332572 -0.298970 0.115792 0.228336
occasionally 0.320401 0.065607 -0.411658 0.298023 0.089331 0.105110 0.368402 0.223353 0.142579 -0.401185 0.200541 0.059417
norwegian -0.163095 0.018097 -0.114456 0.384453 0.111478 0.167958 -0.271775 0.143224 0.084587 0.042349 -0.036187 0.047185
occasional 0.279778 0.196560 0.106166 -0.093968 0.325552 0.288241 -0.223224 0.375436 0.219520 -0.420995 -0.166171 0.198568
professionally 0.358089 -0.015046 -0.535940 0.254191 0.182431 0.123773 0.357975 0.271915 0.058751 -0.189927 0.166941 0.006213
louder 0.081117 -0.235749 -0.242424 -0.202028 -0.089974 0.022769 -0.109633 -0.242576 -0.857687 0.608875 0.257360 -0.836470
ukrainian -0.413312 0.175376 0.216264 0.438776 0.339681 -0.025479 -0.345564 0.402660 0.473792 0.001924 -0.472446 0.183494
argentina 0.151707 0.350850 -0.247006 0.144692 -0.045522 0.558260 0.108691 -0.459307 -0.260557 0.007053 0.647616 -0.470073
moving 0.305906 0.146442 -0.333553 -0.057421 -0.069237 0.194088 -0.155435 -0.471465 -0.401563 0.004759 0.156058 -0.289031
argentinean -0.321166 0.104897 -0.031155 0.608406 0.172649 -0.004536 -0.299980 0.256796 0.329451 -0.081536 -0.236657 0.034669
fly -0.222023 -0.052636 0.064236 0.008735 -0.153238 0.440801 -0.033941 -0.410505 0.392107 -0.588722 0.192618 0.185067
