move 0.213572 0.238824 -0.388679 0.272012 0.518316 0.509626 -0.372501 -0.141443 -0.210906 0.193227 -0.176662 -0.187742
danish -0.216158 -0.218922 0.199358 0.266832 -0.130942 -0.045405 -0.142069 0.349199 -0.540992 -0.011762 0.196421 -0.393591
loud 0.399952 0.101579 0.087829 -0.267410 0.039440 0.020689 0.332441 0.307700 0.097256 -0.318910 -0.128085 0.083995
tough 0.334015 0.001962 -0.042476 -0.187276 0.085411 0.072075 0.142358 0.251109 0.015895 -0.382802 -0.317210 0.325273
flying 0.012031 0.043347 0.441546 0.030570 0.432751 -0.104234 0.065714 -0.323436 -0.322885 -0.101657 0.057936 0.275339
denmark 0.093915 -0.048450 -0.128048 0.414438 -0.204855 -0.123118 0.286316 -0.235959 -0.137286 0.066211 0.065915 0.152849
tougher -0.485821 0.251339 -0.236132 0.122777 0.044925 -0.396700 0.060153 0.080515 0.195892 -0.319401 -0.399892 -0.226246
professional -0.422721 -0.327832 0.217253 -0.036288 0.023233 0.154187 -0.296697 -0.176437 0.568467 -0.215518 0.295680 0.361653
norway 0.111257 0.279623 -0.487612 0.310341 -0.362453 -0.190065 0.379937 -0.533519 -0.100174 -0.098732 0.032680 0.356010
ukraine -0.013570 0.042241 -0.306465 0.129753 -0.254950 -0.226717 0.253488 -0.430387 0.004706 0.120574 0.123534 0.343425
occasionally 0.339420 -0.374200 0.319304 0.034020 -0.268945 -0.166610 -0.239516 -0.204206 -0.171809 -0.169868 -0.118902 -0.107378
norwegian -0.210596 0.090656 -0.305497 -0.008861 -0.306900 -0.042953 -0.162562 -0.073031 -0.266683 -0.220598 0.295343 -0.189967
occasional -0.213104 -0.351159 0.182381 -0.016136 -0.028077 0.228538 -0.330566 -0.021906 0.435625 -0.384062 0.182600 0.442922
professionally 0.183453 -0.518230 0.415644 -0.062989 -0.413786 -0.207886 -0.222992 -0.250600 -0.051465 -0.203454 -0.194759 -0.172361
louder -0.179553 0.399954 0.014037 0.235795 -0.094065 -0.528359 0.235946 0.057328 0.307536 -0.120682 -0.204098 -0.340010
ukrainian -0.414660 0.091699 -0.177901 -0.168786 -0.241557 -0.207664 -0.083908 0.107668 -0.102762 -0.021799 0.410404 -0.233331
argentina 0.061682 -0.151644 0.013561 0.397817 -0.188415 -0.028522 0.391567 -0.285448 -0.028723 0.249967 0.001480 0.167125
moving -0.059726 0.342461 0.219656 0.125032 0.348810 -0.231891 -0.089821 -0.413505 -0.286987 -0.265760 -0.093737 0.214056
argentinean -0.263506 -0.117514 0.243207 0.070953 -0.291874 0.014352 -0.042010 0.241050 -0.320129 0.077025 0.152404 -0.307973
fly 0.178594 0.098316 -0.224155 0.147084 0.468304 0.532130 -0.138805 -0.107196 -0.275312 0.202711 -0.027490 -0.070338
