move 0.146321 -0.011331 0.633905 0.511698 0.403430 0.008500 -0.040968 -0.201706 -0.148575 -0.272829 0.414744 -0.200467
danish 0.185317 0.045570 -0.249223 0.121639 -0.253875 -0.164036 -0.179178 0.474484 -0.437643 -0.091557 0.467143 -0.253109
loud -0.211084 0.233196 -0.326854 0.414846 0.065997 0.322167 -0.446322 -0.038730 0.314667 0.208472 -0.268184 0.152077
tough 0.016149 0.154353 -0.129481 0.265246 -0.040188 0.385469 -0.202112 0.020228 0.502971 0.155433 -0.153352 0.020594
flying -0.018797 0.018812 0.281042 0.220507 -0.118536 -0.078501 -0.014488 0.363824 -0.125323 0.170845 -0.353397 -0.022245
denmark 0.447669 0.130872 0.020567 -0.028869 0.029151 -0.176607 0.124165 0.189793 0.015600 -0.368779 -0.249158 0.098292
tougher -0.081860 0.094535 -0.354412 -0.545714 0.416927 -0.305745 -0.278938 0.238994 -0.173625 0.649902 0.209372 0.120563
professional -0.465081 0.359666 0.373374 -0.361603 -0.421434 -0.263894 -0.003051 -0.160949 -0.200227 0.100643 0.369653 0.969584
norway 0.358811 0.339416 -0.040393 -0.069056 0.117848 -0.401989 0.371312 0.116698 0.167769 -0.404041 -0.397637 0.155226
ukraine 0.246639 0.254921 -0.000369 -0.191274 0.011634 -0.251661 0.321228 0.064692 0.039845 -0.315493 -0.222970 0.193999
occasionally 0.036376 -0.536344 0.092009 0.029563 -0.245210 -0.064387 -0.355266 -0.023480 0.039196 0.092534 -0.104235 -0.128616
norwegian 0.072286 0.188151 -0.164515 -0.005639 -0.268791 -0.232323 -0.021505 0.262232 -0.284826 -0.151647 0.397504 -0.092140
occasional -0.458397 0.117523 0.321236 -0.368162 -0.358336 -0.026151 -0.198487 -0.121312 0.096388 -0.007143 0.346258 0.726046
professionally 0.000715 -0.408220 0.055132 -0.057052 -0.360795 -0.240001 -0.351872 -0.130233 -0.149595 0.294449 -0.201019 -0.048669
louder -0.156993 0.102305 -0.500074 -0.221373 0.474041 -0.456018 -0.381508 0.037740 -0.408496 0.600595 -0.242443 0.390296
ukrainian -0.057425 0.191679 -0.351406 -0.202338 -0.200008 -0.251766 -0.206053 0.373784 -0.305725 -0.037481 0.399617 -0.029090
argentina 0.396789 0.258889 0.007683 0.047727 0.044997 -0.265138 0.105679 0.091080 -0.017084 -0.394238 -0.325379 0.088774
moving -0.012870 0.001150 0.254116 0.061026 0.006770 -0.220256 0.065769 0.268848 -0.217296 0.283726 -0.157704 0.041301
argentinean -0.042265 0.204277 -0.295018 0.079173 -0.228174 -0.296907 -0.223447 0.383585 -0.496752 -0.109035 0.267780 -0.154310
fly 0.053288 0.116063 0.502231 0.498105 0.233745 0.110058 -0.083038 -0.001386 -0.079406 -0.392396 0.191699 -0.283528
