[3.8859487]
[3.7739546]
[3.8303456]
[4.037101]
[3.746938]
[3.772173]
[3.6770515]
[3.6906056]
[4.102454]
[3.834124]
[3.782737]
[3.7093272]
[3.9983122]
[3.8891594]
[4.2341785]
[3.7941551]
[3.6620162]
[3.97033]
[3.8723402]
[3.9557166]
[3.918433]
[3.6943567]
[3.8711305]
[3.9725654]
[4.119804]
[3.6293757]
[3.8159873]
[3.8319676]
[3.6592286]
[3.7290838]
[3.9510853]
[3.8250413]
[3.8890347]
[3.8404293]
[4.0377464]
[4.1121855]
[4.141849]
[4.0424147]
[3.9235163]
[3.4030833]
[3.7968218]
[3.7609887]
[3.8228283]
[3.879171]
[4.3604264]
[3.9588525]
[3.5996828]
[4.118462]
[3.7969923]
[3.77984]
[4.1057796]
[3.6819315]
[4.1632447]
[3.7182922]
[4.0818157]
[3.548184]
[3.6519446]
[4.381731]
[3.624031]
[3.5676455]
[3.8738127]
[3.904547]
[3.7789931]
[3.7246742]
[3.7659068]
[3.631734]
[3.8588846]
[3.7987332]
[3.8848906]
[3.7591848]
[3.6516888]
[3.617412]
[3.8403044]
[3.7569542]
[3.687201]
[3.8014345]
[3.9377053]
[3.745198]
[3.91554]
[4.2718754]
[3.7698276]
[3.8374996]
[3.8293169]
[3.937418]
[3.9151192]
[3.8121643]
[3.7383854]
[3.8947885]
[3.9856331]
[4.1409125]
[3.622181]
[3.8697083]
[4.0211997]
[4.0368943]
[3.5458717]
[4.242433]
[3.8409865]
[3.8438795]
[4.107404]
[3.741871]
[3.7552452]
[3.7825224]
[4.142033]
[3.793082]
[3.724222]
[4.279203]
[4.022174]
[3.649233]
[4.1714625]
[3.7594256]
[3.7668583]
[3.8175247]
[3.7094424]
[3.932701]
[3.6718762]
[3.8117461]
[3.811422]
[3.9960413]
[3.9082634]
[3.835691]
[3.680709]
[3.8320749]
[3.5516849]
[3.8104815]
[3.8084507]
[3.8416626]
[3.8642888]
[3.9160678]
[3.8384128]
[3.6769395]
[4.2619576]
[4.10949]
[3.7666378]
[3.8315907]
[3.8841996]
[4.1424]
[3.719429]
[3.7383273]
[4.282923]
[3.9442663]
[3.8530557]
[3.7827742]
[3.80351]
[3.9497886]
[3.6761773]
[3.67328]
[4.0349617]
[3.7408686]
[3.729799]
[3.915241]
[3.7898734]
[3.9374375]
[3.6617236]
[3.93741]
[3.5908678]
[4.199342]
[3.7932105]
[3.596129]
[4.110139]
[3.5784557]
[4.0550337]
[3.801465]
[4.147859]
[4.0102587]
[4.034449]
[3.677874]
[3.8139627]
[4.054848]
[3.6462882]
[3.7179556]
[3.952438]
[3.6928792]
[3.6057215]
[3.880053]
[4.17111]
[3.5662885]
[4.1002917]
[3.6803954]
[3.8312676]
[3.748951]
[3.788159]
[3.8026052]
[3.619542]
[3.7748914]
[3.672441]
[3.8305428]
[3.6838903]
[3.9953513]
[3.9909432]
[4.0512247]
[3.8263347]
[3.6619973]
[4.0884414]
[4.1905603]
[3.7604039]
[3.8922577]
[3.881846]
[3.7852044]
[3.7107131]
[4.303019]
[4.0333786]
[4.090893]
[3.8059194]
[3.6318057]
[3.802972]
[3.8592935]
[4.2551236]
[3.8527098]
[3.9814398]
[3.879387]
[3.902187]
[3.9237292]
[3.738202]
[3.7032015]
[3.6921563]
[4.1968875]
[3.8985455]
[3.8334792]
[3.6221485]
[3.7237456]
[3.6920872]
[3.7360861]
[3.7958443]
[3.8199034]
[3.8634582]
[3.7629633]
[3.6300335]
[3.8119123]
[3.9940968]
[3.8042846]
[3.7664554]
[3.830527]
[4.245593]
[4.033417]
[3.9200616]
[3.6320448]
[4.0394945]
[3.6005387]
[3.8913646]
[4.0805902]
[4.037694]
[3.710107]
[3.8549993]
[3.690283]
[3.7306046]
[3.7189662]
[3.82826]
[3.6680312]
[3.8241584]
[3.751224]
[3.700728]
[4.06118]
[3.8852715]
[3.9322531]
[3.9894314]
[3.567736]
[3.9997702]
[4.0672345]
[3.7174985]
[4.0515447]
[4.098778]
[3.6403]
[3.8319561]
[3.7480493]
[4.1639533]
[4.026969]
[4.1682034]
[4.046533]
[4.042943]
[3.6213334]
[3.9443703]
[3.8131623]
[3.6578484]
[3.8373144]
[4.074238]
[3.7356806]
[3.7945797]
[3.6919358]
[3.9278963]
[3.8627074]
[3.678909]
[3.8253407]
[3.686043]
[3.9624414]
[4.154448]
[3.6903129]
[3.6854904]
[4.269964]
[4.151501]
[3.5699825]
[3.8507726]
[3.866448]
[3.711117]
[3.5912127]
[4.0007076]
[3.8059816]
[3.716216]
[3.7345662]
[3.908026]
[4.3241076]
[3.8923159]
[4.173874]
[3.8537688]
[3.9994118]
[3.7567458]
[4.164148]
[4.0581985]
[3.6401656]
[4.1565437]
[4.0272145]
[3.758411]
[3.7035623]
[4.299256]
[3.8787842]
[3.877779]
[3.7876325]
[4.235594]
[3.9321856]
[4.137098]
[3.9243605]
[3.7425754]
[3.9521093]
[4.35988]
[3.710472]
[3.6162336]
[3.9778214]
[3.9457757]
[4.2669086]
[3.5775428]
[3.9806838]
[3.650123]
[3.7194178]
[3.9409676]
[3.8570766]
[3.6034708]
[3.9166408]
[3.6477404]
[3.8290863]
[3.7618177]
[3.8641791]
[4.2682395]
[3.7489119]
[3.761394]
[3.7746634]
[3.6600866]
[4.008644]
[3.566958]
[3.797236]
[3.9313598]
[4.185306]
[3.77217]
[3.9144506]
[3.6619778]
[3.875657]
[3.9075353]
[3.904223]
[3.9392061]
[3.9281135]
[3.7615619]
[4.3904414]
[3.9378235]
[3.6973228]
[3.7498078]
[4.116108]
[4.2634206]
[4.126989]
[3.9908314]
[3.5727987]
[4.3830867]
[4.3147182]
[3.809408]
[3.9344156]
[4.10828]
[3.9970844]
[3.7799785]
[3.9550493]
[3.8016326]
[3.900439]
[4.0483246]
[4.0810494]
[3.9512239]
[3.7162008]
[4.2902265]
[3.683831]
[3.6763484]
[3.843202]
[3.648852]
[3.591773]
[3.7909272]
[4.027065]
[4.0273275]
[3.8799148]
[4.0445986]
[3.7895637]
[3.8592238]
[4.1958876]
[3.6224456]
[3.7856674]
[3.766451]
[3.9403772]
[3.8033025]
[3.7169955]
[3.9561563]
[3.8139834]
[4.351869]
[4.069765]
[3.846215]
[3.8529472]
[3.977653]
[4.1799636]
[4.0833507]
[3.7901716]
[3.9050848]
[3.5662718]
[3.768319]
[3.866773]
[3.737223]
[3.9584923]
[3.9638405]
[3.8454704]
[3.8145118]
[3.9073582]
[3.9199293]
[3.8824558]
[4.1615953]
[3.9591146]
[3.668008]
[4.062122]
[4.099429]
[3.6318748]
[3.8316007]
[4.29809]
[3.9705696]
[3.6987395]
[3.828573]
[3.6973648]
[3.6790574]
[3.714713]
[3.6218863]
[3.866206]
[3.4993293]
[3.8412933]
[3.9027076]
[3.8923843]
[3.6784694]
[3.886646]
[3.6462839]
[3.79682]
[4.0924363]
[3.7657921]
[4.034948]
[3.79068]
[3.9020524]
[3.8751893]
[4.4062047]
[3.746799]
[3.7137055]
[4.2067413]
[3.8246074]
[3.7492678]
[3.917955]
[3.804397]
[3.6896524]
[3.7858036]
[4.156595]
[4.101145]
[3.949809]
[3.703351]
[4.164276]
[4.0789394]
[3.999973]
[4.0471773]
[3.8860524]
[3.8324707]
[3.682527]
[3.732235]
[3.8132427]
[3.8390126]
[3.7049181]
[4.131866]
[3.7801347]
[3.872025]
[4.1513324]
[4.1135864]
[3.9560456]
[4.1448994]
[3.8318691]
[3.9259477]
[3.6894016]
[3.6930585]
[3.5882409]
[3.6689034]
[3.7257233]
[3.5368338]
[3.995425]
[4.127903]
[3.8169847]
[3.625804]
[4.0479994]
[3.8561926]
[3.999975]
[4.0850754]
[3.7549102]
[3.8242517]
[3.8705275]
[3.89889]
[3.9113166]
[4.0092077]
[3.7915542]
[3.9319751]
[3.7892592]
[4.027154]
[3.9542816]
[3.9031355]
[3.837262]
[3.6248524]
[3.8765342]
[3.5847173]
[4.061577]
[3.89055]
[3.8593273]
[3.9821546]
[4.1388817]
[3.7967188]
[4.1792126]
[3.8920565]
[3.9878132]
[3.7263153]
[3.920187]
[4.0061603]
[3.9266467]
[3.8023958]
[3.7917156]
[3.812064]
[3.8177176]
[3.8433504]
[3.9065285]
[3.8218486]
[4.0741963]
[3.9822602]
[3.8996582]
[3.9815962]
[4.1977105]
[3.7461407]
[4.047881]
[3.6974645]
[3.9234102]
[3.8600693]
[4.142469]
[4.322509]
[3.7270045]
[3.7643948]
[3.793388]
[3.5910153]
[3.6676273]
[4.095609]
[3.6769998]
[4.199914]
[3.7651083]
[4.074204]
[3.8415356]
[3.7667344]
[3.8158045]
[3.979781]
[3.866478]
[3.610728]
[4.476352]
[3.7829719]
[4.022461]
[4.2596498]
[3.8188996]
[3.5681095]
[3.9422154]
[4.2269754]
[3.8973987]
[3.72083]
[3.8804345]
[4.1577554]
[3.8736122]
[4.1234617]
[3.9719343]
[3.70485]
[3.9975605]
[3.6597826]
[3.6868744]
[3.8274672]
[3.770896]
[4.0647016]
[3.7150278]
[4.1436357]
[3.8691087]
[3.5875452]
[3.8520935]
[4.3503146]
[3.6630805]
[3.9302244]
[4.0594916]
[4.039114]
[4.0382576]
[3.8711338]
[3.7168496]
[4.142748]
[3.9196126]
[3.6756659]
[4.0587506]
[4.0034623]
[3.9744608]
[4.0410953]
[3.8446853]
[4.2707267]
[3.9526615]
[3.7407594]
[4.3870125]
[4.084932]
[4.021737]
[4.0930333]
[3.9328954]
[3.7654836]
[3.8735023]
[4.1968822]
[3.940839]
[3.8890152]
[4.1922293]
[3.7609794]
[4.130416]
[3.8800807]
[3.8776026]
[4.106724]
[4.160012]
[3.8507738]
[4.072597]
[3.9754527]
[3.622861]
[3.826684]
[3.7849715]
[3.810083]
[3.7998781]
[3.825151]
[3.6923296]
[4.099383]
[3.7117198]
[3.6443777]
[3.9701679]
[3.7095542]
[3.8626919]
[3.8130724]
[3.9987602]
[3.7289364]
[3.7535055]
[4.159391]
[3.8641667]
[3.8297887]
[4.2034254]
[4.362497]
[3.702032]
[3.948096]
[3.7261605]
[3.8326254]
[3.9105663]
[3.770012]
[3.6730545]
[3.8548427]
[3.8038273]
[3.8747559]
[4.2543507]
[3.95314]
[4.151831]
[3.8596096]
[3.8772407]
[3.9778957]
[3.7038953]
[3.767074]
[3.9876025]
[3.8976521]
[3.9613626]
[4.205457]
[3.7016137]
[3.754648]
[3.9479792]
[4.1813636]
[3.645757]
[4.198858]
[3.7657478]
[3.927614]
[3.8613646]
[3.9247828]
[3.7357812]
[3.9290423]
[3.5825028]
[3.738338]
[3.8227491]
[4.163721]
[3.6968825]
[3.9977293]
[3.8555107]
[4.2342815]
[4.2556353]
[4.075645]
[3.8230882]
[3.995618]
[3.6214235]
[3.8926172]
[3.7602925]
[3.6078327]
[3.9207332]
[3.5799713]
[3.9377034]
[3.9002957]
[3.939212]
[3.7532244]
[3.6837916]
[4.3216686]
[4.1829987]
[3.6958442]
[4.1503654]
[3.8389804]
[3.7448459]
[3.6591618]
[3.7111547]
[3.8075824]
[3.9190183]
[4.0451274]
[3.914541]
[4.0975647]
[3.9705591]
[4.029341]
[3.9757736]
[3.804216]
[3.8079097]
[3.8772748]
[3.7136633]
[4.049578]
[3.7628808]
[3.761079]
[3.9732282]
[4.057615]
[3.8526506]
[3.9905434]
[3.9698536]
[4.3312836]
[3.7625372]
[3.7104259]
[3.8706865]
[3.783858]
[4.015515]
[3.8246167]
[3.8131986]
[4.054528]
[3.9009624]
[3.7241616]
[3.855199]
[3.9261327]
[3.899885]
[4.1479297]
[3.9930034]
[4.230682]
[3.7972028]
[3.9856472]
[3.958297]
[3.615514]
[3.8712096]
[3.6647313]
[4.023642]
[3.6586835]
[3.8389106]
[3.6011817]
[3.8176694]
[3.8687882]
[3.581683]
[3.7843132]
[3.7854545]
[3.8653865]
[3.77745]
[3.8521843]
[3.7277737]
[4.0055976]
[3.6501272]
[3.5612836]
[4.3484282]
[4.161432]
[4.026531]
[3.991112]
[3.8257961]
[4.2046013]
[3.802111]
[4.023919]
[3.9293253]
[3.8245149]
[3.6959467]
[3.9863691]
[3.814042]
[3.9419289]
[3.6121664]
[4.078322]
[3.9850993]
[4.0802608]
[3.7196958]
[3.8105493]
[4.4781785]
[3.9233525]
[3.7419884]
[3.7622907]
[3.8289852]
[4.0181355]
[3.637735]
[3.7433484]
[3.629604]
[3.8898697]
[3.8793292]
[4.278328]
[3.8645582]
[3.75793]
[3.964426]
[3.7795022]
[3.7991652]
[4.177106]
[4.0500255]
[3.7730231]
[3.7136405]
[4.279299]
[3.7922564]
[3.965862]
[3.856422]
[3.8406048]
[3.817781]
[3.9293015]
[4.02705]
[3.7076504]
[3.6765792]
[3.8340054]
[4.190992]
[3.8272884]
[4.2605577]
[3.6540353]
[4.1184516]
[3.770655]
[4.220826]
[3.8073046]
[3.8292148]
[3.870036]
[3.6725855]
[3.6766682]
[3.7602158]
[4.107689]
[3.7905874]
[4.2118187]
[3.9780679]
[3.9856205]
[3.80054]
[4.2430954]
[3.658406]
[3.7281833]
[3.820514]
[3.6281862]
[4.0316286]
[3.7671862]
[3.8780844]
[3.723442]
[4.1222973]
[3.8127558]
[3.940763]
[3.7691083]
[3.8822722]
[3.668899]
[4.137856]
[4.056516]
[4.3135056]
[3.8299835]
[3.8841562]
[3.6883311]
[4.1238484]
[3.9106967]
[4.045545]
[3.8741682]
[4.210903]
[4.216787]
[4.004582]
[3.684113]
[4.0981946]
[3.7663732]
[4.2324886]
[4.158651]
[3.5664644]
[3.8808763]
[3.9858654]
[3.985815]
[3.8895473]
[3.7121155]
[3.9582708]
[4.1274743]
[4.0393205]
[3.7846386]
[3.8921561]
[4.0881443]
[4.2331405]
[3.8779397]
[3.6271935]
[4.106245]
[3.7133949]
[4.064647]
[3.803917]
[3.7594666]
[3.921033]
[3.7843947]
[3.65082]
[4.019928]
[3.9017675]
[3.9869103]
[3.6539757]
[3.7559795]
[4.0101013]
[3.946581]
[4.002525]
[4.0340967]
[3.7989907]
[3.764625]
[3.74669]
[4.0397935]
[3.9302616]
[3.8389683]
[3.398097]
[3.9639165]
[3.7497122]
[3.824649]
[4.2359314]
[3.9277987]
[3.6591043]
[3.7076185]
[4.1056614]
[3.8266017]
[4.0126443]
[3.6290472]
[3.863494]
[3.9273858]
[3.8528047]
[3.8475173]
[3.8423061]
[3.482573]
[3.5239534]
[3.8501341]
[4.0615034]
[3.7521472]
[4.2278275]
[4.2312355]
[4.235676]
[3.9248106]
[3.603221]
[3.7005036]
[3.7615979]
[4.169247]
[4.146306]
[3.790829]
[4.070536]
[4.1181436]
[3.7143724]
[3.714983]
[4.208399]
[3.984644]
[3.8527217]
[3.8058624]
[3.9855556]
[3.800431]
[3.8196664]
[3.7097428]
[3.6655698]
[4.2079773]
[3.6259356]
[3.9062457]
[3.9639409]
[3.7850363]
[3.943638]
[3.807252]
[3.7573829]
[3.981674]
[3.9303255]
[3.7964067]
[3.7685645]
[4.0086336]
[3.8655152]
[3.822775]
[3.87208]
[3.8532763]
[3.8061304]
[3.8443794]
[3.9725044]
[3.7506537]
[3.8418214]
[3.5795012]
[3.7691221]
[3.809487]
[3.8656836]
[4.16792]
[4.178245]
[4.2042866]
[3.8714962]
[4.039282]
[3.8670235]
[3.6692617]
[3.6518173]
[3.6331897]
[3.8122153]
[3.640722]
[3.8494534]
[3.8136516]
[4.0268636]
[4.198224]
[3.963163]
[3.664376]
[3.8488512]
[3.6507103]
[3.9189768]
[3.8707054]
[3.6650095]
[3.8127577]
[3.5652542]
[3.6983535]
[4.130581]
[3.8325624]
[3.647129]
[3.785639]
[3.8876553]
[4.038261]
[4.120261]
[4.1137686]
[3.7537112]
[3.6877081]
[3.9880168]
[3.6861482]
[4.053484]
[3.7372217]
[3.8304482]
[4.1237245]
[3.801301]
[3.9212584]
[4.0332155]
[4.1507783]
[3.655639]
[3.7732127]
[3.8680868]
[4.1124754]
[3.8162217]
[3.9215643]
[3.9034483]
[3.9926958]
[3.8200316]
[3.9029682]
[4.0171356]
[3.5752966]
[3.9245477]
[3.8974874]
[3.8159246]
[3.698138]
[3.9596493]
[4.0230637]
[3.8160098]
[3.5880048]
[4.055956]
[4.177892]
[3.8057048]
[3.688172]
[4.04037]
[4.0147657]
[3.7247932]
[3.7539508]
[3.9182005]
[3.9634073]
[3.9237347]
[3.9813666]
[4.0529346]
[4.0413003]
[3.8155868]
[3.904965]
[3.8855944]
[4.100586]
[3.9463375]
[3.8384125]
[3.9641323]
[3.8562891]
[3.5767534]
[3.8654413]
[3.7931027]
[3.5595155]
[3.868212]
[4.2165766]
[4.2643085]
[4.052066]
[3.4753947]
[3.8044195]
[4.0438457]
[3.3922236]
[3.7542658]
[3.838524]
[3.783259]
[3.8435245]
[3.6790311]
[3.6100113]
[4.022867]
[3.8264513]
[3.847344]
[3.9277232]
[3.744099]
[3.7970765]
[3.9967349]
[3.9268425]
[3.7438607]
[4.355359]
[3.6890543]
[3.8513434]
[3.7593746]
[3.6026375]
[3.5490122]
[4.178638]
[3.7687192]
[3.6724448]
[4.200365]
[3.66733]
[3.6504514]
[3.9200764]
[3.7919452]
[3.9237895]
[3.9944406]
[3.7422817]
[3.6612387]
[4.1686053]
[4.0149617]
[3.9607732]
[3.6130748]
[3.8221087]
[4.0217094]
[4.0856104]
[4.18204]
[3.6477978]
[4.032352]
[3.843659]
[4.1592135]
[3.8337843]
[3.9307373]
[4.135363]
[3.8101616]
[3.6789346]
[4.0803094]
[3.9298234]
[3.680221]
[3.8280125]
[4.058406]
[3.6133366]
[3.849453]
[3.9562554]
[3.952758]
[3.701951]
[4.006425]
[4.127722]
[3.9198647]
[3.83781]
[3.8514493]
[3.674338]
[3.89225]
[3.8339112]
[4.2246075]
[4.0494566]
[4.232191]
[4.1006274]
[3.9930632]
[3.6337054]
[3.8470793]
[4.138232]
[4.006736]
[3.9566557]
[3.8195589]
[3.8175368]
[4.0958595]
[4.0601583]
[3.9863677]
[4.0580893]
[4.375284]
[3.787799]
[3.8185732]
[3.833329]
[3.9370768]
[3.6618617]
[4.011644]
[3.7033794]
[3.769449]
[4.134105]
[4.2239385]
[3.5943625]
[3.8884587]
[4.0665274]
[3.6464846]
[4.1524825]
[3.8818521]
[3.854281]
[3.956362]
[4.078957]
[4.145319]
[3.6985745]
[3.860289]
[3.7971947]
[3.5888207]
[3.9668443]
[4.048332]
[3.8627546]
[3.8753476]
[3.666452]
[3.9506235]
[3.9193878]
[3.8380067]
[4.223693]
[3.7336502]
[3.691729]
[4.054443]
[4.1799927]
[4.1114945]
[4.23154]
[3.9223058]
[3.7756114]
[3.6975055]
[4.213198]
[4.3281918]
[3.965742]
[3.7901998]
[3.9025173]
[3.7575445]
[4.1089]
[3.9717977]
[4.0151963]
[3.6406012]
[4.189358]
[3.8259122]
[4.1363354]
[4.127818]
[3.7487051]
[3.868461]
[3.8442616]
[3.743788]
[4.035955]
[3.8473723]
[3.7151346]
[3.8013098]
[4.1224556]
[3.609303]
[4.0380006]
[4.212926]
[3.8362174]
[3.71181]
[4.1803355]
[3.8394268]
[3.8264909]
[4.014364]
[3.985447]
[3.6921813]
[3.6902814]
[4.0437303]
[4.0885825]
[3.6123881]
[3.8571005]
[3.6772778]
[4.145561]
[4.2286377]
[3.7392516]
[3.858828]
[3.7419453]
[3.6449788]
[3.7168157]
[3.6578186]
[4.149575]
[3.7696147]
[4.3317623]
[3.6004798]
[3.8280196]
[3.9920585]
[3.9709642]
[3.6903753]
[3.9285982]
[3.6219194]
[4.3098426]
[3.895761]
[3.7889829]
[3.8605485]
[4.0623145]
[3.8727365]
[3.9395106]
[3.7225318]
[3.657157]
[3.8446488]
[3.994518]
[3.7632005]
[3.7436874]
[4.358092]
[3.890334]
[3.8706493]
[3.5569255]
[3.8694913]
[3.721045]
[3.7067864]
[4.117715]
[3.7887082]
[4.2202864]
[3.8007526]
[3.9134152]
[3.853495]
[4.0931425]
[3.5393164]
[3.8469083]
[3.91303]
[3.8360069]
[3.863823]
[3.7798629]
[4.2614446]
[3.770097]
[3.7552273]
[4.252223]
[4.0491905]
[3.8685863]
[3.8141756]
[3.851304]
[3.725177]
[3.9618216]
[3.6055737]
[3.7621458]
[3.8577394]
[3.8732016]
[3.76671]
[4.060416]
[4.1982746]
[3.8386335]
[3.926856]
[3.8291569]
[3.6080666]
[4.0863247]
[4.1650443]
[4.136629]
[3.92733]
[3.9526575]
[4.0619016]
[3.6977708]
[3.6381636]
[3.8601105]
[3.7270367]
[3.8236272]
[3.9713962]
[4.3334274]
[4.318941]
[3.8862987]
[3.9532616]
[3.6586678]
[3.6731033]
[4.0536447]
[3.8220716]
[3.6639533]
[3.6827645]
[4.3208756]
[4.107058]
[3.9636056]
[4.1645417]
[3.84684]
[3.810982]
[3.651854]
[4.1589828]
[4.039205]
[3.9413009]
[3.7094436]
[4.0177584]
[3.7160256]
[3.9003298]
[3.8495307]
[3.6464658]
[3.7533898]
[3.690606]
[3.7561343]
[4.2297964]
[3.6547298]
[3.955781]
[3.7646153]
[3.8587835]
[3.7274406]
[4.2330627]
[3.7020414]
[4.1357827]
[4.0160375]
[3.7868302]
[4.108603]
[3.7115064]
[4.2475023]
[3.7145941]
[3.8684008]
[3.5620868]
[3.6441126]
[3.6848392]
[3.9123178]
[4.038591]
[3.8613694]
[3.8064275]
[3.800322]
[4.08439]
[3.6379213]
[3.8273396]
[3.822215]
[4.143562]
[3.5566938]
[3.731566]
[3.9164357]
[3.9023476]
[4.269576]
[3.8586433]
[3.9225607]
[4.1811037]
[3.8623257]
[3.846238]
[4.132852]
[3.7728567]
[3.9944127]
[3.6113853]
[3.6331825]
[3.8557062]
[3.7832727]
[3.642868]
[3.949605]
[3.787919]
[3.6958826]
[4.026225]
[3.766474]
[4.1318097]
[4.1992908]
[4.384916]
[3.7800312]
[3.694701]
[3.6656258]
[3.7475903]
[3.676618]
[3.9253445]
[3.7293448]
[3.5319436]
[3.824762]
[3.8550358]
[3.9615102]
[3.6343806]
[3.6989055]
[3.7033145]
[3.7013938]
[3.8845973]
[3.5765393]
[3.9243448]
[3.855093]
[3.5877516]
[4.0631137]
[4.202082]
[3.9583414]
[3.691903]
[4.091317]
[3.8193717]
[4.244099]
[3.7180192]
[4.1086435]
[3.6465726]
[3.9477146]
[3.5426712]
[3.70852]
[3.9269948]
[3.668066]
[3.8539865]
[3.94006]
[3.7126598]
[4.0120997]
[3.704933]
[3.8439934]
[3.753164]
[3.9633467]
[3.636864]
[3.973207]
[3.876709]
[3.9495897]
[3.6241722]
[3.632794]
[3.648696]
[3.6290135]
[4.2290025]
[3.6012287]
[4.040227]
[3.803095]
[3.7764382]
[4.1383944]
[4.0691056]
[4.024966]
[3.7490842]
[3.7420268]
[4.0564547]
[3.7714837]
[4.2479453]
[4.109417]
[4.0474963]
[4.2556677]
[4.0335436]
[4.145598]
[4.1537848]
[4.089403]
[3.9318964]
[3.8580518]
[3.7802339]
[4.1564436]
[3.8686023]
[4.146831]
[3.7476552]
[4.3139353]
[3.7917726]
[4.400308]
[3.789484]
[3.5496752]
[3.7912939]
[4.213833]
[3.9220884]
[4.1736255]
[3.791371]
[3.6295505]
[4.0130877]
[3.8340926]
[4.109277]
[3.850123]
[3.8559303]
[3.7199492]
[3.9493754]
[3.8073566]
[3.748415]
[4.0756392]
[3.9432504]
[4.2635326]
[4.1479535]
[4.225647]
[3.5933971]
[4.2261124]
[3.8927338]
[3.8417246]
[3.6225598]
[3.9247336]
[4.0219517]
[4.208195]
[4.0984316]
[3.9282727]
[3.8292854]
[3.7997637]
[3.6866322]
[4.149705]
[4.250654]
[3.740795]
[3.6989589]
[3.6575494]
[4.011571]
[3.858158]
[4.1608596]
[3.7273815]
[3.8072798]
[3.9299202]
[3.9633894]
[4.401244]
[4.010311]
[3.7086277]
[3.8322885]
[4.031151]
[3.7173467]
[4.3331323]
[3.7005997]
[3.6956143]
[3.8090749]
[3.9689982]
[3.7441115]
[3.8741386]
[3.9366217]
[3.594436]
[3.7317176]
[4.351496]
[4.160094]
[4.155223]
[3.792313]
[4.028268]
[4.0070724]
[4.014074]
[3.8218884]
[3.9525044]
[3.5628493]
[4.095347]
[3.6738768]
[4.193607]
[4.142279]
[3.6401956]
[3.9310706]
[3.6462147]
[3.849546]
[3.8024857]
[3.6507967]
[3.875858]
[4.1988225]
[3.7221122]
[3.782151]
[3.6949673]
[4.0014033]
[3.907247]
[3.9992988]
[3.708855]
[3.781723]
[4.020993]
[4.244747]
[4.005808]
[4.44268]
[4.1923018]
[3.847685]
[3.8599272]
[3.9429336]
[4.0585794]
[3.8690197]
[3.8708453]
[4.052415]
[3.8674667]
[3.8412492]
[4.0047784]
[3.5692897]
[3.796826]
[3.9427798]
[3.7161634]
[3.993796]
[4.2570605]
[3.9673636]
[3.5856824]
[3.9554312]
[4.3055606]
[3.8296063]
[3.708211]
[3.8325744]
[3.616617]
[3.7921245]
[3.7015035]
[3.9169254]
[3.8355603]
[3.7711697]
[3.87077]
[4.1874466]
[3.847179]
[3.6525474]
[3.9712756]
[3.79812]
[3.8056917]
[4.005503]
[3.7459657]
[4.163715]
[3.8122687]
[3.7833114]
[3.6882017]
[3.5873764]
[3.813855]
[4.095775]
[3.8680618]
[3.6160443]
[3.7505372]
[3.769143]
[3.5689538]
[3.9209337]
[4.015131]
[3.5804918]
[4.134609]
[4.0065465]
[4.0197477]
[4.2407904]
[4.0384336]
[3.949788]
[3.8507726]
[3.689327]
[4.2405477]
[3.7251956]
[3.820915]
[3.8347154]
[3.7588558]
[3.8508072]
[4.1000443]
[3.8958557]
[3.7939086]
[3.7211037]
[4.331603]
[3.7158012]
[3.9701135]
[3.771505]
[3.7146733]
[4.1257677]
[3.7386122]
[4.05919]
[3.7290764]
[3.9978046]
[3.6600885]
[3.9345994]
[4.0235305]
[3.9256449]
[3.9756408]
[4.2106514]
[3.873368]
[3.9736671]
[3.7236733]
[3.7423043]
[4.318973]
[3.845654]
[3.842066]
[4.0666265]
[3.969725]
[3.7914755]
[3.764997]
[3.9485922]
[3.5701597]
[4.1422133]
[4.2079387]
[3.8355405]
[4.2766156]
[3.7845845]
[4.009249]
[3.7892585]
[3.6629968]
[4.232712]
[4.1814947]
[3.7576604]
[3.718916]
[3.9018674]
[3.9108307]
[3.894952]
[4.126055]
[4.0810513]
[3.7647083]
[3.9207947]
[3.7664847]
[3.9609308]
[3.9472897]
[3.8613195]
[4.1857853]
[3.9658997]
[3.4770186]
[3.855924]
[3.558275]
[3.8975427]
[3.7882]
[3.7052004]
[3.7586067]
[3.949111]
[3.8650613]
[3.8063676]
[3.9910374]
[3.9671593]
[3.9444451]
[3.736257]
[4.0450983]
[3.7083132]
[4.1026363]
[3.7689123]
[3.9673116]
[4.0384398]
[3.7675564]
[3.7600849]
[3.835147]
[4.1635313]
[3.6425307]
[4.3277717]
[3.580037]
[3.990734]
[3.5343552]
[3.9553475]
[3.596962]
[3.7532096]
[3.6257548]
[4.3396044]
[3.9283535]
[3.865699]
[3.7633317]
[3.8777697]
[3.7871933]
[4.146451]
[3.7051456]
[4.2276773]
[3.5624216]
[3.7655294]
[3.7414193]
[3.7178607]
[3.6370213]
[3.794327]
[3.923779]
[3.9742272]
[4.0598536]
[3.8831317]
[4.133732]
[3.7340639]
[3.9693322]
[3.7433476]
[3.715652]
[4.124948]
[3.7570794]
[4.085785]
[3.7137039]
[3.6939301]
[3.7500527]
[3.8340766]
[3.6553826]
[3.6763892]
[3.7637928]
[3.8085794]
[3.7150772]
[4.4554954]
[4.1092978]
[3.7237167]
[3.839686]
[4.1316094]
[3.810861]
[3.8268137]
[4.070872]
[3.7700164]
[3.5708199]
[4.0253577]
[4.039904]
[3.7827375]
[3.8296185]
[3.9719388]
[3.6258209]
[3.7392511]
[3.706532]
[3.6662686]
[4.0224233]
[3.711646]
[3.8838162]
[3.7066226]
[3.752068]
[4.075701]
[3.6783292]
[3.924937]
[3.7902975]
[3.8412151]
[4.34453]
[3.647908]
[3.6337154]
[3.7152517]
[3.7363224]
[3.7890267]
[3.9496043]
[3.9831681]
[3.796207]
[3.8999727]
[4.2932844]
[3.8204165]
[3.8948977]
[3.6310096]
[3.8270705]
[3.8621747]
[4.0630307]
[3.5700293]
[4.0755224]
[3.9132752]
[3.7300167]
[3.6167]
[3.6295292]
[3.677554]
[3.7491868]
[3.9159853]
[3.8441162]
[4.15212]
[3.922707]
[4.0485077]
[4.305251]
[3.6894505]
[4.07935]
[3.6462479]
[4.002826]
[3.9863393]
[3.6325274]
[4.1372123]
[3.9912603]
[3.740856]
[3.7413063]
[4.021288]
[4.0886645]
[3.983467]
[3.8098874]
[3.6808925]
[4.233618]
[4.2208486]
[3.9750996]
[4.2634106]
[3.682244]
[3.790073]
[3.8058543]
[3.8186612]
[4.02378]
[3.6572685]
[4.063438]
[3.820592]
[3.826232]
[4.22695]
[3.8594332]
[3.699644]
[3.9518852]
[3.7404804]
[3.9727147]
[3.9544806]
[3.9430377]
[3.6314461]
[4.015897]
[4.1409106]
[3.7981596]
[3.8231912]
[4.2623525]
[3.6129012]
[4.1244273]
[4.0951295]
[3.934204]
[3.915001]
[3.7352173]
[3.81385]
[3.6825695]
[4.386195]
[4.033204]
[3.8552086]
[3.709788]
[3.6930745]
[3.6994977]
[3.8398802]
[4.1075473]
[3.766529]
[4.0419445]
[3.816835]
[3.8453777]
[3.731097]
[3.6551707]
[3.867892]
[4.1471157]
[3.9154844]
[4.09987]
[3.8403428]
[4.0579615]
[3.9207332]
[4.1286564]
[3.8639092]
[3.7112868]
[3.5684972]
[3.6330318]
[3.8678815]
[4.2194753]
[4.2764263]
[3.646767]
[4.023402]
[3.7620904]
[4.113608]
[3.8334448]
[3.9912827]
[3.7502034]
[3.7631767]
[3.997928]
[3.914569]
[3.9741364]
[4.0927362]
[3.7102728]
[3.806009]
[3.6925385]
[3.883593]
[3.8420596]
[4.0226626]
[3.8086395]
[3.7475758]
[3.6953518]
[3.817185]
[4.202222]
[3.962933]
[4.1960263]
[3.6948261]
[3.9669676]
[3.6151247]
[4.413559]
[4.244819]
[3.6088543]
[3.7381597]
[3.7681317]
[4.0417275]
[3.9894154]
[3.819866]
[4.116589]
[3.9669]
[4.1493964]
[4.3388944]
[3.760807]
[3.8121161]
[4.0053835]
[3.712718]
[3.647495]
[3.9167829]
[4.3302255]
[3.6600785]
[3.6126513]
[3.6551483]
[3.776842]
[3.6248868]
[3.8142576]
[4.086398]
[3.770902]
[4.0150523]
[3.8054545]
[3.7245924]
[3.9204605]
[3.9847133]
[4.28562]
[3.7444794]
[3.8160818]
[3.9825776]
[3.643833]
[3.9369738]
[3.6363635]
[4.1576366]
[3.7904313]
[3.5969708]
[3.6922002]
[4.0469627]
[3.982468]
[4.0095396]
[4.1271725]
[4.4472494]
[3.8709457]
[4.077195]
[3.856101]
[4.18425]
[3.823067]
[3.9635499]
[3.6285985]
[3.8696668]
[3.8027177]
[3.8760147]
[3.8784745]
[3.5591655]
[3.7366674]
[3.7698414]
[3.949122]
[3.8528528]
[3.4082046]
[3.8624122]
[3.7870946]
[3.98067]
[4.1252694]
[4.0106473]
[3.6799877]
[3.828793]
[3.9009666]
[3.9664958]
[3.879856]
[4.1970963]
[3.7212791]
[3.6301646]
[4.0620866]
[3.8076005]
[4.212404]
[3.6246223]
[3.923949]
[3.6300118]
[3.3995767]
[4.076322]
[4.038433]
[3.8931026]
[3.7320914]
[3.8262045]
[3.6744895]
[3.6993308]
[3.8179893]
[3.7603002]
[3.9111829]
[3.54525]
[3.900329]
[4.2366066]
[3.884641]
[3.783356]
[3.7986112]
[4.355268]
[3.8289678]
[3.9801254]
[4.016613]
[4.2456]
[3.605688]
[4.005245]
[3.9902627]
[3.7068372]
[4.0497994]
[3.8681731]
[3.7989614]
[3.8103275]
[3.842459]
[3.9206922]
[3.786114]
[3.680619]
[4.1189923]
[4.1925125]
[4.1214843]
[3.686065]
[4.1598444]
[3.794488]
[4.000811]
[4.3355427]
[4.021787]
[3.7844195]
[3.632501]
[4.0018225]
[3.79518]
[3.9306653]
[3.9150102]
[4.21423]
[3.80733]
[3.8607788]
[3.8227565]
[3.9292963]
[3.762578]
[3.8162768]
[3.891523]
[3.5503442]
[4.2765718]
[3.85017]
[4.0944505]
[3.813994]
[3.9708076]
[3.6632462]
[3.7014208]
[3.6514208]
[3.9446547]
[3.9973998]
[3.7818406]
[3.969524]
[3.8145623]
[4.256566]
[4.135858]
[3.6327634]
[4.063835]
[3.8864994]
[3.964064]
[3.9211135]
[4.2096777]
[3.6874094]
[3.7776294]
[4.021367]
[3.9417145]
[3.6853044]
[3.8432543]
[3.9481242]
[4.3717885]
[3.78449]
[3.740073]
[3.8106208]
[3.9770641]
[3.688117]
[4.319378]
[3.7548325]
[3.7385063]
[3.5454624]
[3.8057642]
[4.0463166]
[3.7003326]
[3.8518863]
[3.7043824]
[3.7713795]
[4.0022798]
[3.9485714]
[4.2108927]
[3.779604]
[3.5396543]
[3.6372027]
[3.7029245]
[3.7534907]
[3.85438]
[4.1432657]
[3.7664275]
[3.681241]
[4.271905]
[3.9468288]
[3.8592904]
[4.465114]
[4.106335]
[4.0233474]
[4.0900474]
[3.8391936]
[4.2106457]
[3.761148]
[3.931698]
[3.801321]
[3.8153076]
[3.6938987]
[3.9949868]
[3.7728796]
[3.6941667]
[3.686742]
[4.257118]
[3.9178824]
[3.8076987]
[3.7302234]
[3.5918245]
[4.270207]
[3.9997416]
[3.6824872]
[4.2547436]
[4.196299]
[3.930692]
[4.1111913]
[3.777763]
[3.9391756]
[3.6427073]
[3.7216427]
[4.072581]
[3.6811233]
[4.0053797]
[3.9768734]
[3.9597275]
[3.6419344]
[3.7914288]
[3.660914]
[3.814906]
[4.017162]
[3.7049553]
[3.8098145]
[3.671597]
[4.2148657]
[4.120226]
[4.010898]
[3.972154]
[3.9297748]
[3.9096303]
[3.859194]
[3.8406985]
[3.6359394]
[3.6954095]
[3.5351195]
[3.7745056]
[3.9943144]
[3.979022]
[4.2776546]
[4.079585]
[3.8508165]
[3.8421156]
[3.647452]
[3.839565]
[4.081209]
[4.190235]
[3.8991504]
[3.6220024]
[3.7817898]
[3.7398164]
[4.314715]
[4.064518]
[3.8250148]
[3.7578394]
[3.6266396]
[4.1171927]
[3.8767123]
[3.7324085]
[3.6904058]
[4.021961]
[3.8754864]
[3.9046702]
[3.8933814]
[3.7807367]
[3.7050452]
[4.1774883]
[3.7460847]
[3.9569447]
[4.2095366]
[3.6921897]
[3.8482723]
[4.102157]
[3.8151586]
[3.9574556]
[3.8229818]
[3.9235322]
[3.9730232]
[4.000265]
[3.8164968]
[4.2706494]
[4.0715218]
[3.8476734]
[3.9444335]
[3.8711631]
[3.8403616]
[3.952264]
[3.8783696]
[4.2363615]
[3.657129]
[3.6323187]
[3.7022665]
[3.8748858]
[4.067104]
[3.3874626]
[3.8509278]
[3.9654853]
[4.066751]
[4.1170154]
[4.247735]
[4.4471564]
[3.8323486]
[4.10268]
[3.9228232]
[3.9947875]
[4.0975947]
[4.0748754]
[3.823141]
[3.6211944]
[3.8380637]
[3.8591104]
[3.6792562]
[3.687499]
[3.7023938]
[3.8227885]
[3.9654284]
[3.7867825]
[4.2505674]
[4.1099377]
[3.8090787]
[3.8186867]
[4.0845923]
[3.8937995]
[3.596126]
[3.6734436]
[4.184089]
[4.0551643]
[3.9199688]
[3.7790267]
[4.0146317]
[3.6424885]
[3.9724584]
[3.665604]
[3.9024868]
[3.847013]
[3.7651653]
[3.9226334]
[3.7935314]
[4.150778]
[3.380728]
[4.0937505]
[3.8126855]
[3.73918]
[3.8428605]
[3.7456577]
[4.2682624]
[3.620167]
[3.8593264]
[3.8631537]
[3.7912362]
[3.992407]
[4.2491946]
[3.4748724]
[4.112472]
[3.7113578]
[3.7518425]
[3.7292325]
[3.6165907]
[3.9605038]
[4.0881467]
[4.1346493]
[3.8940523]
[3.5984793]
[4.0145836]
[3.7485917]
[3.5935926]
[3.9228318]
[3.8961825]
[4.0715394]
[3.6753523]
[4.1443067]
[3.8454697]
[3.976597]
[3.8129096]
[3.629485]
[3.7855651]
[4.1238093]
[3.9533656]
[4.22958]
[3.7823467]
[4.035642]
[3.7549243]
[3.8511198]
[4.0042515]
[3.9189172]
[4.071325]
[3.6925726]
[3.3743937]
[3.8805552]
[4.0963197]
[3.9804523]
[4.1935287]
[4.078352]
[4.0768356]
[3.961975]
[3.7475297]
[3.6902585]
[4.443597]
[3.797809]
[4.267202]
[3.811612]
[4.209254]
[3.7223616]
[3.7971463]
[3.7291524]
[3.591643]
[3.7602243]
[3.7538555]
[3.6496255]
[3.7302322]
[3.762554]
[4.00633]
[3.9514146]
[4.330109]
[4.0935235]
[4.0750327]
[3.7878017]
[4.0441637]
[3.8044045]
[3.7701182]
[3.8863924]
[3.843071]
[3.9676123]
[3.7305374]
[4.040051]
[4.048212]
[3.6629546]
[3.9643066]
[3.6257262]
[3.8459983]
[4.342218]
[3.6925771]
[3.5862093]
[3.973511]
[3.8647232]
[3.7830467]
[3.7897625]
[3.9858925]
[4.0068607]
[4.1262164]
[4.111505]
[3.7114534]
[3.919563]
[3.925115]
[3.6704998]
[3.803814]
[4.0238266]
[4.0305963]
[4.0617576]
[3.8130114]
[4.2568707]
[4.033038]
[3.9053288]
[3.9452112]
[3.8073683]
[3.6552174]
[3.6825612]
[3.7836714]
[3.6492095]
[4.0690975]
[3.8560386]
[3.748149]
[3.88499]
[3.7461364]
[3.8929908]
[3.5747187]
[3.7726417]
[3.9279256]
[3.784481]
[3.6460288]
[3.793932]
[3.974062]
[3.9124808]
[3.7265563]
[3.8716264]
[3.849265]
[3.7791812]
[3.7745826]
[3.7209601]
[3.8575945]
[3.7223375]
[3.8291783]
[3.673196]
[3.8102338]
[4.327288]
[3.5765388]
[4.050113]
[3.8314211]
[3.96895]
[3.740506]
[3.8736389]
[3.8738477]
[4.097192]
[3.5539508]
[3.7452035]
[3.6380868]
[4.011681]
[3.83337]
[4.377141]
[3.8336072]
[4.052563]
[3.9622886]
[4.0364895]
[3.7422872]
[3.908113]
[4.0929046]
[4.0112495]
[3.8479507]
[3.962844]
[3.9879792]
[3.8038797]
[3.8471422]
[3.632185]
[3.7111256]
[3.7859292]
[3.959034]
[4.0307956]
[3.6251302]
[3.8381038]
[3.6641707]
[3.7682095]
[3.9275584]
[4.0416956]
[3.8804107]
[3.7238147]
[3.704491]
[3.813208]
[4.135291]
[3.9050193]
[3.9381108]
[3.7068143]
[4.1134925]
[3.7847807]
[3.8424973]
[3.698353]
[3.7175217]
[3.9469507]
[3.8709748]
[3.6967437]
[3.6244545]
[3.8180456]
[3.9170036]
[3.9529293]
[4.1659036]
[3.7653508]
[3.9546359]
[4.01677]
[4.095336]
[4.0094614]
[4.006102]
[3.6934445]
[3.8309698]
[4.068254]
[3.6459947]
[3.9794242]
[3.77667]
[4.0918794]
[3.8967328]
[3.8193185]
[4.089839]
[4.369386]
[4.0538]
[3.5388854]
[3.6971357]
[4.0572824]
[3.8869443]
[4.0898957]
[3.8073952]
[4.1185727]
[3.7094889]
[3.9802685]
[3.9566069]
[3.7054353]
[4.201875]
[4.440275]
[3.7594316]
[3.9176807]
[4.10822]
[4.00787]
[3.6730092]
[3.6872544]
[4.2866306]
[3.669333]
[3.687983]
[4.4513516]
[3.8551865]
[3.9652207]
[3.7158384]
[4.142553]
[3.6639423]
[3.8347442]
[4.1318192]
[4.1958375]
[3.709184]
[3.8505447]
[3.8458385]
[3.739655]
[4.0574427]
[3.754501]
[3.7027047]
[3.8045692]
[3.9166954]
[3.801149]
[3.9591799]
[3.8601856]
[3.7447848]
[4.070474]
[4.001681]
[3.5258052]
[3.8000667]
[4.2459474]
[3.8038487]
[3.9563217]
[4.0511847]
[3.8527563]
[3.883563]
[3.681135]
[3.8891716]
[3.7335403]
[3.7012658]
[4.075267]
[3.7883532]
[4.1213536]
[3.7797277]
[3.7018945]
[4.0936975]
[3.7897518]
[3.8782864]
[3.88595]
[3.6963155]
[3.7281733]
[3.771843]
[3.9590328]
[3.64152]
[3.6868663]
[3.6374042]
[3.7599466]
[3.8560839]
[3.630529]
[3.832465]
[3.520601]
[4.0626655]
[3.6405404]
[3.803169]
[3.8873572]
[3.8452115]
[3.857871]
[3.6701694]
[4.021161]
[4.0022073]
[3.8295438]
[3.813499]
[3.824627]
[3.7799602]
[3.6516302]
[3.6357918]
[4.0509]
[3.9101593]
[3.5220234]
[3.6213148]
[3.9960032]
[3.9932437]
[3.6485426]
[3.9863214]
[4.2175612]
[3.9071202]
[4.336064]
[4.01745]
[3.6007874]
[4.00549]
[3.9436243]
[3.9376974]
[3.979962]
[3.6896138]
[3.7710726]
[3.9244196]
[4.166903]
[4.144279]
[3.7130985]
[3.6259446]
[3.6131353]
[3.817239]
[3.6231873]
[3.9129143]
[3.863692]
[4.1527305]
[4.0469527]
[4.0918255]
[4.102038]
[4.2005424]
[3.6810842]
[3.87979]
[4.255553]
[3.7658145]
[3.8407824]
[3.7662482]
[3.8284183]
[3.9759474]
[3.7917788]
[3.6733854]
[3.84881]
[3.6971815]
[3.7669876]
[4.2071533]
[4.05464]
[4.110692]
[3.843999]
[4.090487]
[3.6920733]
[3.7658017]
[3.7004101]
[3.8755014]
[3.7479494]
[4.0873785]
[3.7414863]
[4.1624703]
[4.0188637]
[4.002463]
[3.6607835]
[3.6135826]
[3.7328575]
[3.9887989]
[3.8293316]
[3.6777666]
[3.7746663]
[3.801498]
[3.5833628]
[4.3255453]
[4.130346]
[4.0627303]
[3.6706822]
[3.8126075]
[3.5750728]
[4.133884]
[3.724335]
[4.0517454]
[3.5888999]
[3.5687554]
[3.69706]
[3.7632873]
[3.5832992]
[4.050349]
[3.9793522]
[3.6606262]
[3.5844262]
[3.7535439]
[3.9507356]
[3.6625125]
[3.6306212]
[4.0029364]
[4.2928834]
[3.71198]
[3.9383013]
[4.1443796]
[4.2012672]
[3.8805077]
[4.00797]
[3.8665397]
[3.70468]
[4.4381013]
[4.018364]
[3.6902807]
[3.6442602]
[4.179857]
[3.7507582]
[3.8692656]
[3.9134994]
[3.770852]
[3.8139338]
[4.195698]
[4.2389827]
[3.6872945]
[3.7156308]
[3.7268367]
[3.7147872]
[4.2009234]
[3.84873]
[4.070407]
[4.0612273]
[3.9035423]
[3.5655982]
[3.7697928]
[3.757264]
[3.8895612]
[3.6818306]
[3.6820989]
[3.8255749]
[3.8518255]
[4.172748]
[3.3822098]
[4.0025706]
[3.9552183]
[3.6033244]
[4.104048]
[3.7850533]
[3.7692268]
[3.9144895]
[3.7756999]
[4.135095]
[3.8568413]
[3.7669291]
[3.996044]
[3.8861215]
[3.6443026]
[4.0231624]
[3.8388462]
[3.773419]
[3.5113456]
[3.981171]
[4.004484]
[3.7480297]
[4.0663886]
[4.3425426]
[4.0350842]
[4.1987724]
[3.946863]
[3.8567984]
[3.8032146]
[3.812636]
[3.742521]
[3.642658]
[3.5497518]
[4.408014]
[4.126715]
[3.9643898]
[4.0612063]
[3.80751]
[3.828273]
[3.7897577]
[4.2554708]
[3.9019923]
[3.7618172]
[3.9242477]
[4.1186333]
[3.9440124]
[3.629675]
[3.9108624]
[3.8263643]
[3.6445286]
[3.733194]
[3.781306]
[3.8024788]
[3.8078883]
[3.9483714]
[3.7010477]
[3.861846]
[3.8067675]
[4.051732]
[3.6423078]
[3.6934144]
[3.7136147]
[4.174632]
[3.978932]
[3.909984]
[4.136275]
[3.8136716]
[3.9058661]
[3.7068758]
[4.2116857]
[3.6332488]
[3.9740248]
[3.5581155]
[3.826703]
[3.9319565]
[4.260179]
[3.755179]
[3.875371]
[3.67964]
[4.3359823]
[3.6146164]
[3.952573]
[3.7135267]
[4.324332]
[3.7654138]
[3.8052106]
[3.6652417]
[3.686044]
[3.6949801]
[3.8434036]
[3.8329408]
[3.8745775]
[3.8556712]
[3.7307324]
[3.8423243]
[3.6042006]
[4.2561316]
[3.7484057]
[3.9159791]
[3.8251789]
[3.7060652]
[3.659426]
[4.2027082]
[3.8736992]
[4.062329]
[3.888487]
[3.9739263]
[3.5758815]
[3.7494771]
[3.906439]
[3.977046]
[3.9015749]
[3.748415]
[3.9278903]
[3.9134636]
[3.704069]
[4.440771]
[3.535193]
[3.9079628]
[3.7758832]
[3.7151825]
[4.339311]
[3.7786558]
[4.2149467]
[3.7422326]
[4.289168]
[3.849086]
[3.8014956]
[3.7603755]
[3.795052]
[4.011724]
[3.6523855]
[3.7637825]
[3.8141174]
[3.7505288]
[4.2434473]
[3.6824324]
[3.86138]
[3.9638696]
[3.956182]
[3.7677698]
[3.833243]
[3.9511642]
[3.650419]
[4.435763]
[3.597256]
[4.224713]
[3.5747886]
[3.6979887]
[3.7236493]
[3.8809028]
[4.1232977]
[4.133896]
[3.831032]
[3.7652125]
[4.0005918]
[3.7780616]
[3.6844747]
[3.9369237]
[3.929193]
[4.313728]
[4.0103936]
[3.6911726]
[4.044146]
[3.942595]
[3.7795775]
[4.1902432]
[3.8374598]
[3.610362]
[3.8447745]
[4.113944]
[3.806168]
[3.8201814]
[3.7585711]
[4.182097]
[3.9279618]
[3.8579059]
[3.8759778]
[3.674553]
[3.780564]
[3.6874378]
[3.951998]
[3.675457]
[3.8696566]
[3.8187118]
[3.7568488]
[4.117434]
[3.9199219]
[4.3287034]
[4.0617843]
[3.9394612]
[3.837697]
[3.9763527]
[4.008451]
[3.6286905]
[3.9184153]
[3.6802952]
[3.9218743]
[3.9417417]
[3.777645]
[3.915627]
[3.8997765]
[3.9899426]
[4.045827]
[3.9879124]
[3.6632504]
[3.8714044]
[3.7139664]
[3.8423429]
[3.8355498]
[3.947275]
[4.331261]
[3.8878944]
[3.6443248]
[3.9861715]
[3.5516274]
[3.764542]
[4.0567126]
[4.2072086]
[3.7465873]
[4.005806]
[4.278833]
[4.1506557]
[3.8295627]
[3.8938365]
[3.8534038]
[3.657595]
[4.3390603]
[3.991102]
[3.7117968]
[3.8840551]
[3.865952]
[3.8823743]
[3.8512385]
[4.012378]
[4.130621]
[4.2303767]
[3.8209445]
[3.6500332]
[4.1436596]
[3.817813]
[3.6880085]
[3.82803]
[3.9094043]
[3.6007302]
[4.231957]
[3.8464317]
[3.5961328]
[3.9464803]
[3.9173255]
[3.850034]
[3.8771226]
[4.028533]
[3.7136726]
[4.201842]
[3.8741868]
[3.7349987]
[3.6460166]
[3.7514842]
[4.055239]
[3.875104]
[4.0617127]
[3.8245273]
[4.421194]
[4.1532774]
[3.9993832]
[3.7708664]
[3.7509277]
[3.9097579]
[4.0612736]
[4.101567]
[3.9524]
[3.7984052]
[4.4042845]
[3.8507395]
[4.1286783]
[3.9023042]
[4.2636237]
[4.0645084]
[3.9195843]
[3.748188]
[3.80194]
[4.127731]
[3.7943983]
[3.6348925]
[3.551732]
[4.3366528]
[3.8234086]
[4.126347]
[3.9358191]
[4.0712156]
[3.8736377]
[3.8345914]
[3.861461]
[3.8666503]
[3.6967854]
[4.1246095]
[3.814346]
[3.8063035]
[3.998825]
[3.9835744]
[4.077714]
[4.3611426]
[3.7983587]
[3.7737272]
[4.0123143]
[4.0687575]
[4.1151013]
[4.2154927]
[3.8178964]
[3.7395763]
[4.3447824]
[3.703522]
[4.2762046]
[3.6121829]
[4.153095]
[3.9242628]
[4.0715075]
[3.6582336]
[4.3835406]
[4.3345165]
[4.156061]
[3.8383918]
[3.3771384]
[4.095778]
[4.030059]
[3.627593]
[3.8902557]
[3.807582]
[3.8729174]
[4.1949725]
[3.7409265]
[3.959783]
[3.90661]
[4.0419807]
[3.905495]
[3.7137613]
[3.9988072]
[3.711172]
[4.1273565]
[4.0422153]
[3.9003537]
[4.2643495]
[3.8167295]
[4.427086]
[4.0629077]
[4.280974]
[3.6504934]
[4.0813446]
[4.07805]
[3.9228575]
[3.8063276]
[3.6994312]
[3.7566404]
[3.8239758]
[3.8426154]
[3.747471]
[4.1583962]
[3.8377624]
[3.8678546]
[3.7324924]
[3.8044047]
[4.325884]
[3.9842832]
[3.8369465]
[3.680184]
[3.6663592]
[3.9882798]
[3.8431416]
[3.8577976]
[4.039101]
[3.7756395]
[3.638013]
[3.9596496]
[3.9660313]
[3.8889308]
[3.7800093]
[4.17243]
[3.768321]
[3.7326918]
[3.3736203]
[4.0363097]
[3.702017]
[3.8123112]
[3.9020312]
[3.9524834]
[3.7621381]
[4.0201244]
[3.7188702]
[4.321313]
[3.8269577]
[3.727251]
[3.9429765]
[4.0048227]
[3.6734354]
[3.780104]
[3.6367736]
[3.7137132]
[3.7979634]
[3.755541]
[3.9172966]
[4.111166]
[4.1168633]
[3.834311]
[4.2755666]
[3.8708386]
[4.0350842]
[3.4701557]
[4.2043934]
[3.9351032]
[4.3233557]
[3.957233]
[3.6260586]
[3.7168067]
[3.720694]
[4.325101]
[4.043125]
[4.0932136]
[3.9243271]
[3.7068057]
[3.9988248]
[3.814353]
[3.8396413]
[3.8220923]
[3.7212608]
[3.9527237]
[3.9421396]
[3.8421972]
[3.9935007]
[3.911548]
[3.8944752]
[3.760116]
[3.685041]
[3.8444097]
[3.9971824]
[3.8342037]
[4.095187]
[3.9548924]
[4.386158]
[3.6911988]
[3.7117336]
[3.703478]
[4.067558]
[3.9903018]
[3.7046359]
[3.7950933]
[4.038627]
[3.9409275]
[4.0672836]
[3.8330655]
[3.8317142]
[3.629212]
[3.8088214]
[4.0073805]
[3.8588185]
[3.7401145]
[3.6904259]
[3.9985862]
[3.809762]
[4.158698]
[3.8117356]
[4.0101876]
[3.5986812]
[3.7777567]
[3.6791742]
[4.1470695]
[3.6191394]
[3.7610495]
[4.275943]
[3.8711593]
[3.6526608]
[4.3317823]
[3.8556454]
[3.7290335]
[3.5553148]
[4.0061884]
[4.043721]
[4.124564]
[3.803307]
[4.2517624]
[4.1347594]
[4.133955]
[3.956779]
[4.1182466]
[4.0245957]
[3.8623302]
[4.293219]
[3.7650127]
[3.710301]
[4.087199]
[4.063685]
[3.7553854]
[4.391456]
[3.7402174]
[3.6729746]
[3.861773]
[3.7493293]
[4.0532265]
[3.9852643]
[3.9828825]
[3.8639693]
[3.738271]
[3.912389]
[3.803075]
[3.7960765]
[3.864438]
[3.9324553]
[3.8440943]
[4.0236573]
[4.0341187]
[3.821118]
[3.9344165]
[4.2871757]
[3.6205955]
[3.6745973]
[4.0993757]
[3.664047]
[3.9022596]
[3.591006]
[3.6047988]
[3.629739]
[4.2770934]
[3.8360465]
[4.044939]
[3.9257512]
[3.9440956]
[3.7174816]
[3.9479437]
[3.8599033]
[4.045071]
[3.8455534]
[3.9015536]
[4.2168837]
[3.8537278]
[3.808749]
[3.8078969]
[3.9549582]
[4.155329]
[4.063843]
[3.7620656]
[3.8570228]
[3.76943]
[3.785496]
[3.7144928]
[4.321208]
[4.0665474]
[4.018826]
[4.0140963]
[3.880477]
[4.208779]
[3.775022]
[3.8350248]
[3.594344]
[4.115547]
[3.7939847]
[3.6114187]
[3.8339353]
[3.7076283]
[4.08538]
[3.874698]
[3.8377304]
[3.6691182]
[3.5927398]
[3.5875218]
[4.3341875]
[3.8277571]
[3.8983529]
[4.0077305]
[4.1219854]
[3.9846334]
[3.8153427]
[3.6148245]
[3.9919684]
[4.280289]
[3.835454]
[3.6422246]
[3.7911823]
[3.723667]
[4.0795727]
[4.039776]
[3.7904963]
[3.9552882]
[3.9456263]
[4.284479]
[3.7060428]
[3.878177]
[3.6988664]
[4.0315833]
[4.199308]
[3.821845]
[4.097383]
[3.7136688]
[4.1260953]
[3.9396303]
[4.205239]
[3.8345003]
[3.7269287]
[4.1024847]
[3.7612658]
[3.647109]
[3.9691346]
[3.8146136]
[4.0643454]
[3.693127]
[4.064363]
[3.7536488]
[3.8795006]
[4.085659]
[4.259201]
[3.6761677]
[3.946111]
[3.872788]
[3.8274798]
[3.7183285]
[3.7909553]
[4.3030043]
[3.6509354]
[3.6802578]
[4.0223703]
[3.7537992]
[4.1772885]
[4.1157966]
[3.7222428]
[3.8000336]
[3.711126]
[3.7994606]
[3.8314934]
[3.498571]
[3.798037]
[3.8671503]
[3.8857625]
[4.1075764]
[3.9517238]
[4.120869]
[3.7607498]
[3.7105265]
[3.8420904]
[3.7934928]
[3.9650123]
[4.000303]
[4.167955]
[3.70088]
[3.7631898]
[3.6493337]
[3.674033]
[3.7396147]
[4.0207486]
[3.967161]
[3.9801226]
[3.6502495]
[3.4709845]
[3.7823176]
[4.107766]
[3.6396716]
[4.04132]
[3.840096]
[3.9831898]
[4.00509]
[3.781816]
[4.256418]
[3.7049513]
[3.8976994]
[4.055477]
[4.1089416]
[3.8460915]
[3.8343804]
[3.7479322]
[3.677277]
[4.2475057]
[3.7658873]
[3.8554223]
[4.1594205]
[4.3155727]
[3.7390625]
[4.2476945]
[3.8044298]
[3.961156]
[4.2371974]
[4.258334]
[3.6714423]
[3.6417737]
[3.754321]
[4.243929]
[3.750341]
[3.769505]
[4.2256064]
[3.9460368]
[3.7954254]
[4.0943775]
[3.6018693]
[4.0006666]
[3.9199739]
[3.7585976]
[4.2354116]
[4.213849]
[3.6738863]
[3.9828]
[3.8412812]
[3.76391]
[3.7346818]
[3.9755888]
[4.2006726]
[3.8182085]
[3.7004528]
[3.7425368]
[4.239357]
[3.860815]
[3.640195]
[3.9000988]
[4.0527544]
[4.082038]
[3.7917633]
[3.5910788]
[3.6353042]
[3.735065]
[4.0551553]
[3.7600663]
[3.7459512]
[3.8169389]
[4.0645375]
[3.979971]
[3.9247184]
[3.932845]
[4.2651706]
[3.7950776]
[3.9843683]
[4.26132]
[3.6677084]
[3.7354093]
[4.020231]
[4.0022655]
[4.0151167]
[3.9424095]
[3.8669887]
[4.1130986]
[3.5575855]
[4.112528]
[3.659644]
[4.0741405]
[3.8265407]
[4.148638]
[3.5977125]
[3.9374669]
[3.6303496]
[3.7483559]
[3.8394692]
[3.8469992]
[3.6974823]
[4.0042567]
[3.9495616]
[4.153173]
[4.1143036]
[3.8781862]
[3.6917539]
[3.9836397]
[4.24975]
[3.7670066]
[3.9794953]
[3.992609]
[4.0449696]
[3.7657824]
[3.9636505]
[4.2085648]
[4.2536845]
[3.8414824]
[3.9537363]
[3.796232]
[3.851994]
[3.9397304]
[3.7617702]
[3.9440248]
[3.8743503]
[3.6220255]
[3.6370587]
[4.1472883]
[3.8443031]
[3.7831492]
[3.8293793]
[3.547392]
[3.9121654]
[3.7781854]
[4.03905]
[3.7626643]
[3.8058882]
[3.7619133]
[3.9316797]
[3.536877]
[3.6877232]
[4.1045876]
[3.6902075]
[3.8523433]
[4.256137]
[3.7858255]
[4.0391507]
[3.877252]
[3.9701083]
[3.626418]
[4.219321]
[4.010693]
[4.0554295]
[4.065145]
[4.314058]
[4.0482273]
[3.8013747]
[3.9598348]
[3.7316139]
[3.7321794]
[3.7612987]
[4.0242434]
[3.7140956]
[4.042578]
[3.8747609]
[3.831327]
[3.7232866]
[4.129271]
[3.825956]
[4.0738373]
[3.9128919]
[4.115635]
[3.8725212]
[4.1486626]
[3.6513548]
[3.8776474]
[4.0187497]
[4.0588207]
[4.1916327]
[3.7269316]
[3.9414449]
[3.680202]
[3.6107266]
[3.5914142]
[3.7681499]
[3.6008072]
[4.0481977]
[3.8153448]
[3.4808707]
[3.9798098]
[3.6344905]
[3.7072933]
[3.9081728]
[3.6637237]
[4.14696]
[4.0343146]
[4.019247]
[3.7515378]
[4.007559]
[3.8556113]
[3.8963652]
[4.155966]
[3.7257032]
[3.692861]
[3.5795789]
[3.7615938]
[4.0747375]
[4.237613]
[4.1429563]
[3.8409832]
[3.5980763]
[3.7850955]
[3.6297607]
[3.9486074]
[3.9812455]
[3.8297546]
[4.100799]
[3.8390808]
[3.8566632]
[3.8773553]
[3.8580604]
[3.7419844]
[4.2423754]
[3.9541488]
[3.8541114]
[3.824141]
[3.8447363]
[4.13239]
[3.8010995]
[4.144896]
[4.1469135]
[3.81408]
[3.8499348]
[3.6470222]
[3.8291996]
[4.0748315]
[3.5851934]
[3.9783454]
[4.1598144]
[3.9852767]
[3.7289932]
[3.6345246]
[3.8519144]
[4.0432734]
[3.9725385]
[3.7396343]
[3.9626884]
[3.6407974]
[3.7710338]
[4.0248075]
[3.8314342]
[3.8644855]
[3.7096968]
[3.6527586]
[3.629821]
[4.039778]
[3.909657]
[4.0040455]
[4.0073657]
[3.8245065]
[3.9073792]
[3.7880754]
[4.2269773]
[3.822569]
[4.2027164]
[4.016972]
[3.9526072]
[3.8118727]
[3.5828328]
[3.6485393]
[3.9405777]
[3.7140129]
[3.7254577]
[4.239819]
[3.7735984]
[3.9130602]
[3.5390248]
[4.056774]
[4.2149158]
[4.097479]
[3.7388186]
[3.7218878]
[4.0587687]
[4.0002723]
[4.0677857]
[3.8853126]
[4.103808]
[4.194844]
[3.625156]
[3.831902]
[3.644844]
[4.1201425]
[3.8971267]
[3.7271576]
[3.7186482]
[3.7441974]
[3.5809767]
[3.6381278]
[4.036258]
[3.5751882]
[4.146992]
[4.0040426]
[3.9684024]
[3.8268604]
[3.6116283]
[3.669734]
[3.9463205]
[3.8591816]
[4.201523]
[3.8562195]
[3.7022133]
[3.58251]
[3.957898]
[3.96788]
[3.8839493]
[3.9176855]
[3.4748518]
[3.8193703]
[4.0439634]
[3.7955737]
[4.2695193]
[4.0275316]
[4.3190603]
[4.044306]
[3.7643921]
[3.784672]
[3.6145675]
[3.9674754]
[3.524061]
[3.853606]
[3.7868528]
[3.7210832]
[3.8963313]
[3.5368853]
[4.031752]
[4.1721225]
[3.883356]
[4.0423965]
[3.943761]
[3.6849997]
[4.230039]
[3.8484428]
[4.124693]
[3.711182]
[3.9627295]
[4.0495386]
[4.043008]
[4.1323514]
[3.718383]
[3.755439]
[4.422217]
[3.7441852]
[3.8653836]
[4.26379]
[3.7078955]
[3.860296]
[4.447161]
[3.9379654]
[3.9407752]
[4.328473]
[3.858496]
[4.0412173]
[3.7906897]
[3.727408]
[3.923518]
[3.8528047]
[4.3247194]
[3.9868345]
[3.950677]
[3.9088843]
[4.168585]
[4.0373626]
[3.937199]
[3.757399]
[3.9106183]
[4.105719]
[3.8068953]
[3.6886566]
[4.125095]
[4.115369]
[3.8215425]
[4.11171]
[4.0579667]
[4.141242]
[4.282641]
[3.7588243]
[3.6206539]
[3.880485]
[3.7354097]
[3.8177195]
[4.211084]
[3.7813318]
[3.5299523]
[3.8411617]
[3.6928248]
[3.8309069]
[3.9077542]
[4.161695]
[3.6211667]
[3.8510237]
[3.7937825]
[4.23359]
[3.9616346]
[3.8423438]
[3.849893]
[4.0297427]
[3.7832158]
[3.6142287]
[4.1258373]
[3.7914972]
[3.9662828]
[4.125626]
[3.7623956]
[3.7458923]
[3.8076372]
[3.8499894]
[3.9649196]
[4.120601]
[3.704689]
[3.9490635]
[4.311998]
[3.8454711]
[3.603052]
[3.8744822]
[3.7617433]
[3.7876399]
[3.7423966]
[3.6460671]
[3.7936997]
[4.033465]
[3.9496276]
[4.128049]
[3.7724986]
[3.621413]
[4.056888]
[4.0075874]
[3.7908049]
[3.7584887]
[3.7401478]
[3.7635984]
[3.7606425]
[4.120071]
[3.85455]
[4.0085087]
[4.418255]
[3.7978368]
[3.8493903]
[3.691152]
[3.9185164]
[3.8356655]
[4.1058583]
[3.9121647]
[3.7822928]
[3.915135]
[3.926782]
[3.6781108]
[3.7864726]
[3.8253512]
[4.0871363]
[3.7756305]
[3.8779116]
[3.599217]
[3.7807221]
[3.9724336]
[3.7414064]
[3.6346757]
[3.9398637]
[4.2344217]
[3.8405726]
[4.009242]
[3.944162]
[3.8423984]
[4.0206175]
[3.920474]
[3.864538]
[3.6792514]
[3.875229]
[3.7602344]
[3.566883]
[3.9680748]
[3.711342]
[3.8710787]
[4.188867]
[3.8744454]
[3.7129073]
[3.795614]
[4.0356417]
[3.858426]
[3.974177]
[3.9706912]
[3.6984706]
[3.8567178]
[3.7571073]
[3.8436484]
[3.7978356]
[4.1019454]
[3.756246]
[3.8155653]
[3.762082]
[3.8512995]
[4.1128845]
[3.8440857]
[3.751762]
[3.8279042]
[4.2022176]
[3.6706882]
[4.2175093]
[3.6746693]
[3.7336817]
[3.998293]
[3.983687]
[3.6205728]
[4.1847796]
[4.1587677]
[3.7052183]
[3.6982176]
[3.9735403]
[4.260247]
[3.6491945]
[3.760927]
[3.7755861]
[3.8120704]
[3.8971167]
[3.8164482]
[3.7757564]
[4.2530937]
[4.188569]
[3.6409853]
[3.8842437]
[3.705134]
[3.8666024]
[4.1931214]
[3.6752312]
[3.916259]
[3.7017741]
[4.17757]
[3.8177972]
[3.7407887]
[4.153307]
[3.955365]
[3.7864316]
[3.7300982]
[4.010193]
[4.030125]
[3.982571]
[3.7619383]
[3.7582636]
[4.0261006]
[4.19415]
[4.001249]
[4.076314]
[4.035838]
[4.198896]
[3.8033829]
[3.8171172]
[3.791596]
[3.5947516]
[3.8602724]
[3.615755]
[3.8796957]
[3.7711668]
[3.9637258]
[3.785981]
[4.0505514]
[3.9171426]
[4.327449]
[4.176637]
[4.4655676]
[3.8372004]
[4.1723676]
[3.8213055]
[4.078167]
[3.710011]
[4.114507]
[3.6231751]
[3.7733865]
[3.761427]
[3.8197432]
[4.255033]
[3.7027957]
[3.9836197]
[3.9741037]
[3.6314301]
[3.8403018]
[3.8421361]
[3.9606092]
[3.7889166]
[3.892895]
[3.9932828]
[4.016576]
[3.873834]
[4.2829337]
[3.8640602]
[4.0350957]
[3.8529236]
[4.197683]
[3.689477]
[3.5608735]
[3.8377838]
[3.9706984]
[3.5756493]
[4.247564]
[3.6019707]
[3.6659114]
[3.818278]
[4.055419]
[3.6378832]
[3.8593552]
[4.0428166]
[4.1921906]
[3.8903608]
[3.7524507]
[3.6416326]
[3.6994567]
[3.65579]
[3.908609]
[4.0042458]
[3.853122]
[3.8787074]
[3.660288]
[3.7411914]
[4.082771]
[3.8568628]
[3.9893117]
[4.2622967]
[3.7669141]
[3.6851473]
[4.0178127]
[4.011005]
[3.8685927]
[3.769715]
[4.0658593]
[4.1207075]
[3.7869365]
[3.834619]
[3.7120285]
[4.0612373]
[3.8053846]
[3.6623728]
[3.8708026]
[3.8309374]
[3.9831119]
[3.8512402]
[4.3415585]
[4.4576426]
[3.8357108]
[3.8030145]
[4.256038]
[3.7961707]
[3.787809]
[3.6331015]
[3.85722]
[3.892406]
[4.118025]
[3.699908]
[4.292802]
[4.026011]
[3.8718755]
[4.312933]
[3.8082695]
[4.2790337]
[3.699698]
[4.056664]
[3.817178]
[4.214559]
[3.5538538]
[4.018557]
[3.8107023]
[4.0395913]
[3.7723372]
[3.654188]
[4.1176205]
[3.7988384]
[3.7726626]
[3.7355337]
[3.371213]
[3.877199]
[3.6732383]
[3.757158]
[4.140833]
[3.6969233]
[4.044358]
[3.899108]
[3.9458466]
[3.7254522]
[4.1464806]
[3.6987796]
[3.6159577]
[3.9467373]
[3.9125762]
[4.106873]
[3.7243202]
[3.5565603]
[4.1139383]
[3.7842839]
[3.7995985]
[4.112891]
[3.7995815]
[3.9982202]
[3.7716238]
[3.664939]
[3.8285842]
[3.8261101]
[3.9531696]
[3.844987]
[3.7549176]
[3.838948]
[3.716449]
[3.7659864]
[3.6046329]
[3.8630857]
[3.919589]
[3.6917603]
[3.8470442]
[3.8440642]
[3.8931715]
[3.8521597]
[4.0739894]
[3.8338661]
[3.845951]
[4.2156553]
[3.7674267]
[3.8067102]
[4.0427365]
[4.152363]
[3.893599]
[4.040377]
[3.7117455]
[4.161048]
[3.6379101]
[3.7966182]
[3.7217386]
[3.861979]
[3.64212]
[4.230523]
[3.934613]
[3.9350207]
[3.8643982]
[4.202809]
[4.010983]
[3.7970684]
[4.220594]
[3.5536323]
[3.830759]
[3.8249784]
[4.1965714]
[3.8348625]
[4.253046]
[3.8310556]
[3.767584]
[3.5329478]
[4.1513157]
[3.6901658]
[3.6828907]
[3.8702092]
[3.9126275]
[3.7399833]
[3.9925988]
[4.003622]
[4.164944]
[3.6929834]
[3.8451352]
[4.3242173]
[4.196736]
[4.1183553]
[3.8375566]
[3.716736]
[3.921213]
[4.0101743]
[3.7346134]
[3.846188]
[3.980653]
[3.8809474]
[3.9968386]
[3.8786013]
[3.8320725]
[3.9256318]
[4.025208]
[4.0710936]
[3.8246136]
[3.7690883]
[3.7593334]
[4.2710953]
[3.885248]
[3.9994373]
[3.8911755]
[3.8482556]
[4.0972824]
[3.9421556]
[3.7031503]
[4.0321293]
[4.068531]
[3.6574824]
[3.9667966]
[3.6920211]
[4.1357746]
[4.069149]
[3.9473128]
[3.8979008]
[3.7796507]
[3.9914515]
[3.9442027]
[3.975753]
[3.87903]
[3.924503]
[3.7557416]
[3.6227188]
[4.4460816]
[3.5970628]
[4.1034355]
[3.7559857]
[3.6848161]
[3.6996117]
[3.808312]
[3.816873]
[4.2345753]
[4.0338035]
[3.8756998]
[4.09513]
[4.1210556]
[4.046849]
[3.7633204]
[3.7231517]
[3.5440507]
[4.144957]
[4.014437]
[4.192614]
[3.803896]
[3.7954578]
[3.875854]
[4.019466]
[3.7401218]
[4.062916]
[3.8576176]
[3.7951589]
[3.6306443]
[4.0141573]
[4.0018377]
[3.8696067]
[3.7480516]
[3.7913718]
[4.051794]
[3.79671]
[3.64926]
[3.8449442]
[3.9139547]
[3.8412333]
[4.277895]
[4.202649]
[3.8319528]
[4.0065207]
[4.0364385]
[3.9943738]
[4.3798513]
[3.7078555]
[3.60693]
[3.5797725]
[3.705376]
[3.8570719]
[3.9207177]
[3.7653923]
[3.7370636]
[3.9072788]
[3.8309488]
[4.0561714]
[4.0976853]
[3.9633782]
[4.173403]
[3.813024]
[3.7432733]
[3.909327]
[3.6246781]
[3.7145681]
[3.7748775]
[3.8141613]
[4.10392]
[3.9697237]
[3.7066152]
[3.6465044]
[3.6376152]
[3.5903738]
[3.885087]
[3.8080494]
[3.8500068]
[3.6458435]
[3.7942002]
[3.558856]
[3.8541503]
[4.323182]
[3.9428277]
[3.9421647]
[4.023843]
[3.9227388]
[4.1937056]
[3.996398]
[3.5411148]
[3.480292]
[3.8041234]
[4.1317086]
[3.7095993]
[3.5451608]
[3.8485942]
[3.7457807]
[3.8634639]
[4.2299247]
[4.017505]
[3.9646814]
[3.872903]
[4.1831956]
[4.366392]
[4.0729356]
[4.2958307]
[3.8820214]
[3.8433406]
[4.010748]
[3.9856336]
[3.8755946]
[4.031799]
[3.6664042]
[3.8415382]
[3.8001163]
[3.6741858]
[3.8775847]
[3.960806]
[3.9427888]
[3.781153]
[3.987492]
[4.0956993]
[3.8725045]
[3.9388685]
[3.5206754]
[3.655733]
[3.8084574]
[3.986385]
[3.7123291]
[3.8465202]
[3.6852753]
[3.7078915]
[4.0607457]
[3.8524725]
[4.0228586]
[4.1083302]
[3.8641803]
[4.3843145]
[3.7051482]
[3.9737377]
[4.039474]
[3.640153]
[3.8910105]
[3.84529]
[4.2076325]
[4.121258]
[3.8402243]
[3.7913194]
[3.514528]
[3.9896836]
[3.7750862]
[3.7330039]
[3.839371]
[3.7478623]
[3.755269]
[3.6440513]
[4.1080627]
[3.630497]
[3.8413155]
[3.8237135]
[3.7625854]
[3.8581073]
[3.9377367]
[4.05857]
[4.335327]
[4.031232]
[3.8152235]
[3.9835308]
[3.8436568]
[3.751284]
[4.2056866]
[3.961682]
[3.9333694]
[3.9967022]
[3.9151804]
[3.6646628]
[3.8486032]
[4.0839267]
[3.9908814]
[3.9010382]
[4.2186813]
[4.146354]
[4.250606]
[4.1075196]
[3.9712462]
[3.8284063]
[3.7774458]
[4.006631]
[3.8076315]
[3.6921299]
[4.008016]
[3.9825232]
[3.7581475]
[4.066362]
[4.0381126]
[3.822463]
[3.8047314]
[3.9679244]
[4.118731]
[3.5966327]
[3.7188172]
[3.8409326]
[3.6447425]
[3.868811]
[4.0022783]
[3.9633448]
[4.148435]
[3.7005684]
[3.6818361]
[3.8466766]
[3.7219224]
[3.8490045]
[4.0737386]
[4.270835]
[3.823325]
[3.7094183]
[3.84007]
[3.769149]
[4.098258]
[3.7533805]
[4.33512]
[3.730799]
[3.8580203]
[3.7035956]
[4.1430182]
[4.1141987]
[4.1006413]
[4.328745]
[3.7499945]
[3.954027]
[4.0734224]
[3.9941745]
[4.1022773]
[4.0196524]
[4.051172]
[4.0531263]
[4.109191]
[3.7280865]
[3.9970038]
[4.059137]
[4.015068]
[4.102176]
[3.8168979]
[3.941711]
[3.7593408]
[3.6946478]
[3.7153404]
[3.8573866]
[3.846363]
[3.754634]
[4.030607]
[3.9860718]
[3.848986]
[3.6265378]
[3.8304305]
[3.8370564]
[3.916728]
[4.179881]
[4.032233]
[3.7593086]
[3.6749363]
[3.9277165]
[4.379718]
[3.8758779]
[4.0778246]
[3.8718886]
[3.6542664]
[4.0440845]
[3.7318194]
[3.701667]
[3.6485982]
[3.8483994]
[4.224902]
[3.8098505]
[3.9666338]
[3.8248801]
[3.734317]
[3.8436413]
[4.2345924]
[4.099674]
[3.682931]
[3.8676784]
[4.199135]
[4.0367455]
[3.8273044]
[3.7337162]
[3.8334432]
[3.8703241]
[4.134109]
[3.9999273]
[3.7712996]
[3.6972334]
[3.7732368]
[3.8966644]
[4.099743]
[4.0987816]
[4.0976615]
[4.030566]
[3.695335]
[3.9169083]
[4.203151]
[3.7382126]
[4.2122536]
[3.7640176]
[3.8323445]
[3.9457135]
[3.7813005]
[4.034584]
[3.765244]
[3.6306624]
[3.7619708]
[3.6935155]
[3.7427108]
[3.8258586]
[3.8183012]
[4.20097]
[3.7558608]
[3.7911563]
[3.4743056]
[4.11234]
[3.937935]
[3.5477893]
[4.2729573]
[3.8185463]
[3.814805]
[3.7861536]
[3.8655527]
[3.8863049]
[4.1452975]
[3.8971827]
[3.779238]
[4.3288355]
[4.1949964]
[3.89696]
[4.2565813]
[3.7348688]
[4.035939]
[3.700576]
[4.1682553]
[3.8127453]
[3.9048085]
[3.9852579]
[3.6879492]
[3.9796243]
[4.3301463]
[3.981341]
[3.7130592]
[3.648223]
[3.7475646]
[3.6292481]
[3.9727829]
[4.3332577]
[4.402151]
[3.9911034]
[3.865836]
[3.6476543]
[3.8761508]
[4.1258397]
[4.2672668]
[3.788462]
[3.753356]
[3.814343]
[3.627802]
[3.9956102]
[3.7012703]
[4.053617]
[3.978776]
[3.831043]
[3.71627]
[3.7715323]
[4.0284567]
[3.829978]
[3.8509846]
[4.1613827]
[3.9491131]
[4.3869853]
[4.193536]
[4.1383276]
[3.9152517]
[3.9527926]
[3.9580164]
[3.8463666]
[3.7708645]
[3.6699755]
[3.6014698]
[3.8338685]
[3.8336442]
[4.0292234]
[3.799351]
[3.8048122]
[3.8747733]
[3.7602432]
[3.914592]
[3.9802725]
[3.8075168]
[3.5464787]
[4.265115]
[4.241614]
[3.546334]
[4.2691665]
[3.831356]
[3.7072878]
[4.0663953]
[3.7095282]
[4.072719]
[3.8972142]
[3.866842]
[3.785285]
[3.7219687]
[3.75742]
[3.885014]
[3.3712003]
[3.8321981]
[3.7990007]
[4.063436]
[4.109005]
[3.966088]
[3.6619687]
[3.58291]
[3.8488698]
[4.0084586]
[3.8361855]
[3.7678132]
[4.060374]
[3.6721544]
[4.3624454]
[3.7163317]
[3.6275113]
[4.2077227]
[4.2635384]
[3.530551]
[4.290037]
[3.8781166]
[3.9604263]
[3.5478134]
[3.7581217]
[4.0190463]
[3.8657973]
[3.7229943]
[4.0679293]
[3.6958165]
[3.976055]
[3.9479165]
[3.8390749]
[4.3721275]
[3.698182]
[3.7181244]
[3.7745588]
[4.0445404]
[4.2766776]
[3.8781374]
[3.8945384]
[3.7329652]
[3.8646514]
[4.1594157]
[4.2721395]
[3.8712208]
[3.9914227]
[3.851954]
[3.8268814]
[3.8328757]
[3.7382355]
[3.7578945]
[3.9042053]
[3.9613137]
[3.9549432]
[4.1759443]
[3.9432476]
[3.963561]
[3.8698246]
[4.090268]
[3.6547]
[3.651741]
[3.6119156]
[4.1077647]
[3.78925]
[4.162885]
[3.846127]
[4.200688]
[3.6029449]
[3.8277407]
[4.020294]
[3.670394]
[4.308616]
[3.7715318]
[4.131825]
[3.9538684]
[4.161568]
[3.96774]
[3.8530314]
[3.8394809]
[3.676944]
[4.320802]
[3.7573385]
[3.968512]
[3.5926688]
[3.7813787]
[3.6301455]
[3.6152937]
[4.135336]
[3.912546]
[3.6776295]
[4.0740833]
[3.739119]
[3.7493613]
[4.113498]
[3.94547]
[3.8857102]
[4.1323304]
[3.8173537]
[3.7506132]
[3.8985786]
[3.9476185]
[3.9295557]
[3.7097926]
[3.8321924]
[3.7481956]
[3.540898]
[3.8589542]
[3.824105]
[4.092545]
[3.888551]
[4.1062107]
[3.9622846]
[4.0689406]
[3.753232]
[3.7847755]
[4.1970263]
[3.741269]
[3.6634574]
[3.6130161]
[4.305808]
[3.771486]
[4.0204544]
[4.0995026]
[3.9864902]
[4.1673436]
[3.8080726]
[3.8903487]
[3.8055658]
[3.7316918]
[3.5732477]
[3.739954]
[3.9252512]
[3.8035998]
[3.6075997]
[3.857547]
[3.8144286]
[4.1371956]
[3.8876896]
[3.6403577]
[3.7386382]
[3.8161318]
[4.0804977]
[3.706039]
[3.935882]
[3.8752165]
[3.8262653]
[3.8472037]
[3.8090224]
[3.8110797]
[3.6699312]
[3.7374773]
[3.8474717]
[4.01232]
[3.9519317]
[4.1038656]
[3.806193]
[3.739835]
[3.8221807]
[3.7978938]
[4.209253]
[3.6301157]
[3.78842]
[3.8143237]
[3.7710016]
[3.7039704]
[3.8396535]
[3.835822]
[4.069289]
[3.9845593]
[3.7495959]
[3.8698971]
[3.5883193]
[4.142034]
[4.1963997]
[4.2246256]
[3.8594122]
[4.097061]
[3.9746487]
[4.191347]
[4.1518416]
[4.419197]
[4.0124855]
[3.8297691]
[4.0835266]
[3.7369807]
[3.8140638]
[4.270172]
[4.09645]
[3.8521187]
[3.9172442]
[3.8827684]
[4.300513]
[3.823907]
[3.8094907]
[3.8255343]
[3.861536]
[3.5820878]
[4.2130237]
[4.0562696]
[3.938814]
[3.5759716]
[3.9428072]
[3.7946248]
[3.6033483]
[3.9573822]
[3.935666]
[3.741718]
[3.5279844]
[4.1092267]
[3.6432977]
[3.7604547]
[3.732279]
[4.1034255]
[3.6993425]
[3.8972332]
[4.096115]
[4.198115]
[4.054423]
[3.9366188]
[3.7531574]
[3.855462]
[3.90753]
[4.1482334]
[3.6151173]
[3.9843245]
[3.7260506]
[3.855575]
[3.8836153]
[3.622421]
[4.1195927]
[3.9887598]
[3.8852828]
[3.7277725]
[3.8645003]
[3.9341888]
[3.849308]
[3.931245]
[3.6801763]
[3.9087076]
[4.05717]
[4.158262]
[4.0469904]
[3.6922567]
[3.929087]
[3.8897936]
[3.9068072]
[3.8780308]
[3.7694435]
[3.9076755]
[3.8491693]
[3.7694967]
[3.9023302]
[4.326379]
[3.878471]
[3.8147259]
[3.691307]
[3.906172]
[4.0496]
[4.131628]
[4.277993]
[3.7890136]
[4.073811]
[3.9086423]
[3.7367659]
[3.9994614]
[3.7962618]
[4.0649652]
[4.2796116]
[3.91184]
[3.5284495]
[3.689352]
[3.99585]
[3.9737723]
[3.9158266]
[3.8473334]
[3.8243542]
[4.223718]
[4.0181127]
[4.0978622]
[4.410072]
[3.8298442]
[3.7205725]
[3.7610486]
[4.215124]
[4.2608395]
[4.025043]
[3.5234134]
[3.7150052]
[4.144747]
[3.619831]
[3.7575123]
[3.8116145]
[4.366062]
[3.7641745]
[4.006026]
[4.3071613]
[3.804453]
[4.0663075]
[3.4669034]
[3.855632]
[3.8466763]
[3.8605638]
[3.622869]
[3.9288979]
[3.9655108]
[4.0070148]
[3.965246]
[3.717113]
[4.056362]
[3.8756452]
[3.847777]
[3.6851287]
[3.9600213]
[4.141067]
[4.050337]
[3.5168116]
[3.953933]
[3.7016094]
[4.187982]
[4.280299]
[3.8062167]
[3.7484221]
[4.271326]
[3.731462]
[3.7358422]
[3.7868054]
[3.8793721]
[4.1406884]
[3.6250825]
[3.856766]
[4.1750546]
[3.6937163]
[4.1062136]
[3.7906156]
[3.8174062]
[4.147797]
[3.7263603]
[3.655066]
[3.6642566]
[3.8013394]
[3.8924198]
[3.9161398]
[3.971525]
[4.2083626]
[3.8587162]
[3.9460511]
[3.8544075]
[3.9734876]
[3.8951087]
[3.8793743]
[3.7937963]
[3.844133]
[3.7403815]
[3.9645724]
[3.9298618]
[3.794604]
[3.6499143]
[3.765344]
[3.8354504]
[3.7070613]
[4.433249]
