move 0.136411 -0.356591 0.037081 0.116176 0.143619 0.129080 -0.100183 0.107229 -0.380040 -0.158485
tougher 0.154734 -0.068243 -0.220187 0.016036 0.116078 -0.378046 -0.054482 0.200088 0.075158 0.065590
occasionally -0.199982 -0.071760 0.033592 -0.346867 0.058532 0.046136 0.028605 0.068471 0.094634 -0.066099
argentina -0.160942 -0.085518 0.088453 0.209027 -0.080972 -0.138855 0.200843 -0.219126 0.009893 -0.062967
danish -0.038191 0.107634 0.197402 0.097804 -0.053938 0.019145 -0.131608 0.189196 0.147056 -0.246345
fly 0.065140 -0.226487 -0.069564 0.192120 0.135291 0.308729 -0.012259 0.067231 -0.133029 -0.209830
louder 0.106867 -0.020007 -0.231725 0.098642 0.100782 -0.222716 -0.229605 0.038580 0.099275 0.166606
loud -0.118465 -0.082823 -0.112496 0.144567 -0.100476 0.106201 0.001744 0.045284 0.070528 0.434623
norway -0.038962 -0.097133 0.056113 0.151267 0.235851 -0.077297 0.192046 -0.331152 0.046464 0.054798
ukraine 0.096338 -0.046320 0.033451 0.043020 0.148773 -0.106439 0.285644 -0.137359 0.107234 0.056501
professional 0.282785 0.072453 -0.127996 -0.213939 -0.274388 0.090632 -0.060313 -0.276243 0.020976 -0.017271
moving -0.051848 0.163536 -0.255895 -0.013660 0.117597 -0.048600 0.070119 -0.015803 -0.291123 -0.099290
tough -0.010121 -0.052818 -0.114727 0.058447 -0.129408 0.098600 0.160276 0.228277 0.105038 0.315944
flying -0.126139 0.189391 -0.312097 -0.012646 0.092442 0.151609 0.228447 -0.012116 -0.103573 -0.124419
professionally -0.234390 0.008280 -0.007629 -0.403604 -0.043422 -0.000723 -0.032026 -0.017741 0.128885 -0.088436
norwegian 0.052817 0.172492 0.222587 -0.012201 0.092397 -0.041555 -0.129901 0.103265 0.026771 0.008094
argentinean 0.009634 0.164049 0.213951 0.106359 -0.205378 -0.044022 -0.114241 0.180199 -0.000479 -0.104712
ukrainian 0.177451 0.261732 0.189060 -0.038996 -0.010578 -0.002451 -0.057479 0.204323 0.123797 -0.026369
occasional 0.302651 0.010509 -0.098026 -0.157468 -0.114163 0.188334 0.015585 -0.167150 0.019101 0.053050
denmark -0.105479 -0.165283 0.081598 0.172871 0.002719 -0.072955 0.177192 -0.213357 0.144925 -0.151588
