fly 0.202871 0.157543 0.089215 -0.409399 0.055094 0.183808 0.059094 0.128307 0.144386 0.010727 0.005574 0.118695
loud 0.062813 -0.055169 0.021834 0.025739 -0.180160 -0.052881 0.325599 -0.123322 0.000326 -0.217967 -0.162901 0.031084
tough 0.197966 -0.085528 0.082043 0.042491 -0.023898 -0.102581 0.278088 -0.062257 -0.034419 -0.177383 -0.113886 -0.149878
occasionally 0.036544 -0.233182 -0.048822 -0.038538 0.067222 -0.027060 -0.153810 0.201247 -0.116112 -0.001575 -0.251653 0.009623
moving -0.151913 -0.100081 0.219925 0.129807 -0.069068 -0.041396 -0.031267 0.279498 0.227143 -0.021767 0.116607 -0.031461
professionally -0.030172 -0.136297 -0.077262 -0.065999 0.116688 -0.010314 -0.201893 0.139761 -0.249516 -0.110711 -0.242302 -0.066421
professional -0.306059 0.050127 -0.182655 0.006337 0.120593 0.153068 0.131554 0.053555 -0.194424 -0.093292 0.204828 -0.291155
norwegian -0.162817 0.074665 -0.116817 -0.125860 -0.067805 -0.143041 0.003216 -0.107005 0.015653 0.194090 -0.048225 0.069587
tougher 0.273113 0.161354 -0.154203 0.211880 -0.084331 -0.070527 -0.022604 0.110879 -0.013001 0.122691 0.102914 -0.146160
ukraine 0.070429 -0.136154 -0.041623 0.166634 0.247641 0.093601 0.132126 -0.125428 0.129050 0.185270 -0.015208 -0.002735
move -0.027327 0.347358 -0.042979 -0.218435 -0.090940 0.065281 -0.015024 0.175897 0.344581 -0.054192 -0.121110 -0.054389
occasional -0.188677 -0.039059 -0.118056 -0.099008 0.068767 0.300925 0.154740 0.090076 -0.092631 0.012787 0.091141 -0.180129
ukrainian -0.002151 -0.085025 -0.188075 -0.172061 0.010161 -0.083541 -0.164012 -0.197302 0.022973 0.272615 0.054938 -0.088621
flying 0.051930 -0.237704 0.271328 -0.090171 0.029637 0.002834 0.042731 0.124594 0.088275 -0.016685 0.204022 0.088849
danish -0.051640 0.069725 -0.027765 -0.239934 -0.009893 -0.286516 -0.104138 -0.054203 -0.159441 0.154928 0.075997 0.149005
norway -0.118840 0.070774 0.206785 0.214256 0.158029 0.080777 0.197588 -0.045618 0.056433 0.145985 -0.099969 0.059522
argentina -0.053487 0.107973 0.156962 0.210972 0.125427 0.238428 -0.074667 -0.167636 0.013390 -0.076751 -0.113660 0.238300
louder 0.198111 0.076764 -0.231986 0.309438 -0.239197 -0.025615 -0.036114 0.043708 -0.075345 0.056979 0.084740 0.095304
argentinean -0.033525 0.052452 -0.018682 -0.139219 -0.067919 -0.033582 -0.313925 -0.242965 -0.066199 0.044340 0.028145 0.009542
denmark -0.051950 0.120837 0.127052 0.113247 0.291307 -0.017597 0.136712 0.022104 -0.064964 0.100840 0.024277 0.269794
