fly 0.102507 0.060843 0.089683 0.190860 -0.075865 0.010136 0.105355 -0.164633 -0.191053 -0.100243 0.242913 0.195062
loud -0.161818 -0.071587 -0.035332 0.268436 0.161055 -0.084197 0.001058 0.222249 0.156694 -0.055090 0.006264 0.318625
tough -0.196520 -0.107208 -0.020408 0.219300 0.090718 -0.131383 0.033404 0.168589 0.176228 -0.067078 0.012333 0.285497
occasionally -0.117213 -0.079672 0.016204 0.130991 -0.219525 -0.025269 -0.199216 0.193969 0.222947 0.023767 -0.095374 0.157712
moving 0.166804 -0.182783 -0.062926 -0.203340 -0.193969 -0.188555 0.046746 -0.033210 0.139397 0.281387 0.324094 -0.021318
professionally -0.173704 -0.063083 0.118810 0.223765 -0.199295 0.012908 -0.070616 0.150964 0.070332 -0.057556 -0.264274 0.109631
professional -0.277152 -0.216779 0.029953 0.177051 -0.041995 -0.047300 0.065201 -0.161418 -0.349893 -0.218608 -0.328725 -0.116181
norwegian 0.109368 0.141263 0.069298 0.039695 0.110399 -0.083172 -0.095430 0.089523 0.002287 -0.150133 -0.068814 0.190266
tougher -0.029084 -0.000226 0.146807 -0.220006 0.142329 -0.008104 0.065455 0.078254 -0.058131 -0.093967 0.199957 -0.065576
ukraine -0.167924 0.080280 -0.183741 -0.029208 0.005078 -0.246959 -0.085558 0.146847 0.136760 0.104969 0.114191 0.155633
move -0.029084 0.077904 0.089015 0.146345 0.091369 0.048249 -0.093813 -0.336960 -0.085499 -0.032895 0.245376 0.236492
occasional -0.162930 -0.159478 -0.094651 0.145949 -0.106478 -0.017631 -0.032193 -0.168917 -0.174027 -0.023705 -0.159087 0.003047
ukrainian 0.091969 0.239338 -0.025546 -0.092499 0.045689 0.017191 -0.113780 0.029463 0.166974 -0.208698 -0.134861 0.279130
flying 0.296937 -0.169771 -0.012300 -0.142765 -0.250300 -0.193949 0.264379 0.058681 0.085624 0.192329 0.254758 0.026248
danish 0.282021 0.149122 0.106252 -0.031554 -0.001618 0.056349 0.044356 0.130517 0.080985 -0.094877 -0.093579 0.147838
norway -0.113640 0.036539 -0.151506 0.083396 0.005652 -0.346313 -0.016056 0.158571 0.001231 0.199631 0.153345 0.095569
argentina -0.166879 0.199131 0.025500 0.139226 -0.020546 -0.281850 0.107764 0.179785 0.020423 0.126951 0.148993 0.059538
louder -0.019294 0.029908 0.185899 -0.236964 0.213731 -0.002282 0.128654 0.183557 -0.020135 0.008457 0.148804 -0.039951
argentinean 0.126821 0.232401 0.173860 0.003129 0.019936 -0.011736 0.065520 0.077597 0.049450 -0.220746 -0.116235 0.141206
denmark -0.023688 0.106773 -0.073488 0.056303 -0.069267 -0.214820 0.109180 0.167866 0.028762 0.192656 0.163400 0.002569
