8.553379874035244
8.41287096084003
10.990487477923631
6.084313765644732
8.575685903748422
8.623806935213311
9.316743474848668
6.2824796554162345
11.342585975396508
7.5959460952582605
9.957117097990054
7.988846881624046
9.845100833793154
12.687128329681398
10.165019043553967
8.742771228552295
8.64092116860776
6.383139114842283
9.127183500974647
10.94755661025255
9.362115650498023
6.425739849120559
9.200389922167206
6.603298675224595
9.684093528011864
8.004959733025148
8.072067828624473
8.06812003865447
10.897308379069205
10.976269423834157
6.680876844412302
6.611242094318682
8.293110088750744
6.10832844954241
6.585092142638969
8.000405073429405
11.197168714126281
10.590111449035591
7.246568063793796
10.977212073283605
8.801941611317938
8.264675460713702
8.683662656377235
8.066749166153183
7.046788020668267
10.854492394490734
7.8495094532263705
6.362805625094253
9.381866322861578
12.416535591942212
7.960287896940654
5.699345514269834
6.587060870305763
8.300094409340732
6.087231689479018
6.174536562515934
8.594109240163336
11.079526952658975
9.563300045577266
8.791602314305818
8.559263083112421
6.704435863514787
12.147383869485848
9.153451978965258
8.204389909719241
9.090755822130072
10.63020399484101
6.998391252000189
8.710001367482086
9.739054965350501
6.141143952374533
7.012414587175597
8.559832661725846
7.532460964409522
6.34531398328973
6.123471959045891
5.891133337233678
7.49288757682838
9.196805518860236
6.723310480020822
9.4977311233743
9.168309735315901
6.513191692664769
7.912482417108307
8.227785201815333
7.482638042072209
7.232763202366174
11.888969783674847
4.891120489143477
8.492795265687441
10.588408709478612
6.956721522345456
7.070005602922515
9.71658267730735
8.870688739779933
9.505691205773246
7.5601234302773985
8.060078940215664
8.485780575000245
6.623534660929122
