9.30775090098668
8.70683762198543
10.978807028103924
6.281009370122486
9.118371508276969
9.29447069002402
9.635762253922142
6.47198632670947
10.371223641375257
7.854186138751018
9.348353613711975
8.25748722337739
9.842552129614566
12.443016244981687
9.996060495639547
8.34082795269676
8.747123124543943
6.107505670586012
9.453580989451156
11.025367159796195
9.116341276093127
6.71064406480439
9.671049387521661
6.231390883721041
9.83535384319647
8.247318900458438
7.7890790212120615
8.16193182932496
11.279393805233868
9.07670009741415
6.534946005956554
6.8297411705226025
8.483776271569353
6.430445383406731
6.519166398643581
8.074885365181208
11.644436073313871
10.687975027402322
7.291226985098209
9.842771427708927
7.854605912221856
8.864652576085028
8.589559183349031
8.344558112388336
6.796572418027901
10.831220663897767
7.870504223296834
6.297241066208685
9.706132195776156
13.078413246772392
8.174095151387482
5.976869082777951
6.6120448236456415
8.82375545757578
5.99508873505929
6.005443564285573
8.345572951209054
11.277842615604657
9.50161686435559
8.694407026910879
8.489240558110765
6.756654271995419
12.157974846021181
9.475544743911795
8.367092845239805
8.123370582071582
10.38598577831527
6.844661467912803
9.032870403441658
10.480540004875015
6.191875117235135
7.052933200232366
8.611928082043294
7.6973741730672405
6.019840524968886
6.0290895547908745
5.776174819025389
7.720664543743329
9.2128821526244
6.632843596979846
9.344721710548358
8.481956907018937
6.300992609540996
8.173037961120352
8.15896304660497
7.693787670589868
7.3435290726485185
12.46612514179023
4.821238759707966
8.88263420569672
9.790407305231982
6.836398363912454
6.9269322991640285
9.460132787407717
8.825719115001379
9.475146205293724
7.3225271920230535
8.156844780005972
8.550748422062396
6.9108766993513235
