move -0.363278 0.260673 -0.385762 -0.128849 0.052089
tougher 0.022227 -0.090413 -0.037260 -0.220030 -0.129338
occasionally 0.085340 0.121024 0.051547 0.210518 0.141333
argentina -0.288555 -0.035450 0.226923 0.186394 -0.102127
danish -0.083941 -0.016761 0.078578 -0.083219 0.330963
fly -0.287003 0.255194 -0.301831 -0.052567 0.017961
louder 0.075811 -0.133676 -0.082539 -0.205735 -0.113329
loud 0.112369 0.017805 -0.036231 -0.088593 -0.286345
norway -0.348846 -0.042856 0.162635 0.213379 -0.198817
ukraine -0.222785 -0.116991 0.085160 0.165207 -0.198791
professional 0.103467 -0.350534 -0.327525 0.191755 0.057972
moving -0.076712 0.181387 -0.065455 0.160144 -0.017720
tough 0.139678 -0.009985 -0.074365 -0.093939 -0.241505
flying -0.009835 0.217366 -0.042563 0.255551 -0.029440
professionally 0.145562 0.025975 0.082259 0.261020 0.179100
norwegian -0.039466 -0.084644 0.055813 -0.058936 0.218521
argentinean -0.009995 -0.093997 0.056963 -0.090841 0.285882
ukrainian 0.051791 -0.176838 0.005071 -0.082793 0.240894
occasional 0.036033 -0.269235 -0.340706 0.129172 0.002980
denmark -0.303889 -0.046655 0.172262 0.180629 -0.074383
