move 0.165999 -0.362001 -0.186085 -0.212765 0.148529
tougher -0.086710 -0.075312 -0.048566 -0.044191 -0.332405
occasionally -0.023877 0.130113 0.162571 -0.022238 0.108738
argentina 0.364127 0.087616 0.170408 0.034613 -0.044773
danish -0.009631 0.242314 -0.244915 -0.139606 0.016668
fly 0.178910 -0.288089 -0.104138 -0.142823 0.131780
louder -0.124124 -0.058147 -0.057907 0.027617 -0.292228
loud 0.019114 -0.120256 0.055793 0.215542 -0.231149
norway 0.415857 -0.021489 0.220851 0.060191 -0.050957
ukraine 0.274178 -0.009342 0.187524 0.129252 -0.064769
professional -0.115154 0.078790 0.072823 0.333973 0.224965
moving 0.053128 -0.105064 0.231450 -0.155853 0.020826
tough -0.025156 -0.106345 0.041062 0.215400 -0.209370
flying 0.050604 -0.078175 0.318886 -0.100485 0.070738
professionally -0.062595 0.225157 0.202465 0.030791 0.109759
norwegian -0.030250 0.199111 -0.137270 -0.080358 -0.038181
argentinean -0.064878 0.243237 -0.200834 -0.055123 -0.016277
ukrainian -0.116771 0.244398 -0.180083 0.014966 -0.034297
occasional -0.043913 -0.009626 0.045776 0.310961 0.187924
denmark 0.360687 0.062209 0.123617 0.063197 0.002972
