move 0.384617 -0.205989 0.261081 0.029824 -0.361940
tougher -0.077441 -0.132711 -0.157312 0.293819 0.209461
occasionally -0.120541 0.069744 0.230149 -0.057292 0.268645
argentina 0.071127 -0.002138 -0.114165 -0.300272 0.149705
danish -0.295525 -0.051113 0.090948 -0.003583 0.024960
fly 0.354912 -0.121777 0.234976 -0.027479 -0.260769
louder -0.093935 -0.037139 -0.118918 0.304584 0.199849
loud 0.058128 0.197698 -0.166462 0.154846 0.152464
norway 0.182536 -0.013817 -0.128733 -0.296881 0.166379
ukraine 0.132309 0.071257 -0.108125 -0.164196 0.198984
professional -0.031551 0.354844 0.303084 0.110175 0.230744
moving 0.106549 -0.143644 0.199737 -0.038829 0.192349
tough 0.051066 0.207358 -0.124234 0.176194 0.141153
flying 0.114097 -0.055391 0.234497 -0.077202 0.266626
professionally -0.201362 0.104759 0.241816 -0.059130 0.369240
norwegian -0.248582 -0.034074 0.056476 0.038574 0.115813
argentinean -0.289199 0.008363 0.081515 0.056365 0.065620
ukrainian -0.315198 0.069762 0.071535 0.120667 0.144694
occasional 0.045976 0.333965 0.252614 0.092755 0.120742
denmark 0.087710 0.036047 -0.076604 -0.291052 0.094385
