move 0.061232 -0.473022 -0.140690 0.145153 -0.281244
tougher 0.116992 0.061224 -0.251798 -0.185530 -0.074712
occasionally 0.182107 0.052281 0.112347 0.087995 0.112632
argentina -0.312436 -0.012162 -0.047008 -0.031588 0.150286
danish 0.100787 0.205549 -0.169801 0.247260 -0.055836
fly 0.071201 -0.426837 -0.077515 0.107598 -0.184996
louder 0.161761 0.103413 -0.214550 -0.202893 -0.103035
loud 0.178387 -0.065888 -0.139402 -0.306285 0.071783
norway -0.383713 -0.106489 -0.021187 -0.099800 0.112099
ukraine -0.264506 -0.026305 -0.009743 -0.165621 0.047255
professional 0.088511 0.164436 0.257861 -0.105859 -0.325865
moving 0.067618 -0.186257 0.064814 -0.001709 0.044614
tough 0.210022 -0.041059 -0.114607 -0.292148 0.031643
flying 0.103218 -0.179567 0.151294 -0.009907 0.114137
professionally 0.177373 0.167563 0.175385 0.080757 0.120686
norwegian 0.082495 0.207001 -0.137295 0.131191 -0.058418
argentinean 0.132903 0.253968 -0.146955 0.162402 -0.095370
ukrainian 0.152681 0.302144 -0.113077 0.094226 -0.128091
occasional 0.080613 0.047336 0.184457 -0.115665 -0.315618
denmark -0.304264 -0.025952 -0.039477 -0.018161 0.089226
