move -0.229693 -0.332587 0.462918 0.150409 0.056024
tougher 0.081380 0.025458 -0.007783 0.297248 -0.084571
occasionally -0.077971 0.020984 0.054474 -0.203370 0.083550
argentina 0.110557 -0.280874 -0.152776 -0.103171 -0.066897
danish 0.184516 -0.089266 0.067205 0.033872 0.313234
fly -0.228464 -0.286972 0.385923 0.082436 0.009876
louder 0.043510 0.080367 -0.035418 0.310782 -0.043024
loud -0.053992 0.073747 -0.034504 0.202406 -0.253437
norway 0.041262 -0.350963 -0.164596 -0.055079 -0.138789
ukraine -0.010243 -0.226439 -0.201878 0.022950 -0.096475
professional -0.258562 0.078699 -0.191861 0.199588 0.255131
moving -0.163971 -0.111811 0.144363 -0.125009 -0.053541
tough -0.083065 0.098130 -0.030511 0.210175 -0.193101
flying -0.205347 -0.067124 0.106599 -0.208010 -0.081218
professionally -0.060921 0.080778 -0.043387 -0.222154 0.130992
norwegian 0.142030 -0.042156 -0.001631 0.068198 0.236485
argentinean 0.165854 -0.011351 0.030869 0.080682 0.293702
ukrainian 0.128767 0.038574 -0.046742 0.150071 0.292284
occasional -0.271079 0.019054 -0.107571 0.223161 0.178186
denmark 0.074285 -0.307900 -0.124288 -0.073134 -0.032404
