move -0.192250 -0.233134 0.223536 -0.399038 0.234624
tougher -0.163799 0.001867 0.006698 -0.007534 -0.289151
occasionally 0.035668 0.105305 -0.026265 -0.086084 -0.031628
argentina 0.250461 -0.311476 0.127314 0.249790 0.146647
danish 0.027490 -0.155502 -0.206409 -0.143385 0.028524
fly -0.155459 -0.151400 0.234539 -0.344509 0.158635
louder -0.206333 0.051328 -0.021270 0.013441 -0.278260
loud -0.200922 0.179315 0.140730 0.042387 -0.340223
norway 0.236863 -0.321644 0.219270 0.276206 0.161724
ukraine 0.119157 -0.211551 0.155688 0.291979 0.103952
professional -0.111559 -0.009293 -0.041629 0.214618 0.227620
moving 0.003001 0.046340 0.147225 -0.154803 -0.011516
tough -0.238560 0.186447 0.102592 0.042846 -0.303616
flying 0.031900 0.124198 0.164985 -0.123600 -0.019465
professionally 0.088130 0.131080 -0.077871 -0.018473 -0.038658
norwegian 0.013831 -0.116687 -0.167821 -0.053304 -0.007324
argentinean -0.017878 -0.138408 -0.229704 -0.058272 0.017559
ukrainian -0.066583 -0.078497 -0.236855 0.001749 -0.027009
occasional -0.160496 -0.011495 0.025855 0.146800 0.174540
denmark 0.199669 -0.308708 0.111936 0.229741 0.186012
