hanoi 0.077170 0.090076 0.003140 0.398604 -0.104107 0.095972 0.012571 0.043529 -0.020479 -0.190992 -0.218790 -0.107380 -0.186361 -0.252407 0.167810 -0.044221 0.077456 -0.145169 -0.035871 0.178286 0.409747 0.121130 0.094952 -0.159324 -0.311771 0.134116 0.193880 0.022921 0.094029 0.101764 0.327649 0.168190 -0.162035 -0.114822 -0.092066 0.013665 0.027224 -0.222110 -0.023698 -0.027088 -0.032487 -0.000075 0.057889 0.080780 -0.034425
tougher 0.282309 0.034788 -0.033926 -0.044674 -0.010513 0.225915 -0.068064 0.019852 0.112480 -0.091884 -0.321828 0.182869 -0.012052 0.092863 -0.169856 -0.266227 -0.369996 0.061733 0.250746 0.044532 -0.028712 -0.214880 -0.208840 0.072318 0.089869 0.089718 0.149979 0.076146 0.049584 -0.077489 -0.142844 0.059830 0.100351 -0.195957 -0.028956 0.044214 0.203341 -0.047390 -0.087443 -0.017870 -0.087718 -0.037474 -0.132024 -0.133963 0.033462
occasionally -0.141177 0.166195 0.083378 -0.162832 -0.165450 0.062536 -0.064274 0.007776 -0.344809 0.140148 -0.023907 -0.094811 -0.088505 -0.089753 -0.031154 0.028013 0.211004 0.032845 0.112938 0.000586 -0.018956 -0.002017 0.131366 0.281696 -0.058020 -0.148200 0.137136 -0.003596 -0.196479 -0.143878 0.026360 -0.011632 -0.134909 -0.196068 0.039292 -0.183283 0.043446 -0.185710 0.082033 -0.265349 -0.419796 0.086304 -0.042219 0.187687 -0.043902
ukrainian -0.117134 -0.061155 -0.008653 0.007316 -0.082919 -0.176737 0.206430 0.248010 -0.012974 -0.143795 -0.009323 -0.012484 -0.187696 -0.173794 -0.125748 -0.066987 -0.007523 -0.096873 0.128470 -0.022447 0.210036 -0.055401 -0.069430 0.095710 -0.227192 -0.206123 0.183415 -0.031088 0.089612 -0.033014 -0.063410 -0.057357 0.246963 -0.151689 0.066028 0.044840 -0.242291 -0.150039 -0.113982 -0.058420 -0.006888 0.184902 -0.211884 -0.208623 0.116982
occasional 0.213121 -0.078985 0.104357 0.074195 0.062548 0.170687 0.118929 0.156534 -0.208084 0.050522 0.214563 0.113495 -0.110523 -0.310243 -0.018893 0.161778 0.159250 0.092375 0.211956 0.264341 -0.104146 0.041010 0.211822 0.034054 -0.078601 -0.149893 0.162816 0.069507 0.018089 -0.212667 0.039798 -0.048539 0.114478 -0.255571 -0.113350 0.020308 -0.108112 -0.165794 -0.080304 -0.172789 -0.176017 -0.018326 -0.024211 -0.069829 0.072156
norway 0.007069 0.112298 0.260323 -0.108061 0.003001 -0.145551 -0.017417 -0.036033 -0.034352 -0.398516 -0.221085 -0.100705 0.055716 -0.021893 0.105916 -0.131430 -0.229387 0.065728 0.080287 0.150829 -0.055913 -0.113498 0.106762 0.177045 -0.043995 0.098464 0.152905 -0.100421 0.110361 -0.073945 0.051934 -0.086719 0.130581 0.183025 -0.055600 -0.070306 -0.054899 -0.145539 -0.046494 -0.215972 0.138017 -0.175457 0.041272 -0.077491 -0.057830
baghdad 0.112824 0.057113 0.133397 -0.119884 0.020590 0.039038 -0.034865 0.065037 -0.117627 -0.007872 0.067531 -0.007646 -0.046213 -0.091708 0.011952 -0.036274 0.164802 -0.161451 0.317979 0.200957 -0.197802 -0.031724 -0.185119 -0.152669 0.008938 0.098552 0.281752 0.180928 0.097775 -0.015389 -0.125013 0.186397 0.205140 0.106246 -0.117247 0.210473 0.306165 -0.262694 -0.041101 0.002606 0.030205 0.023826 0.231410 -0.087070 -0.114814
illinois 0.110660 0.133164 0.163009 0.044353 -0.183832 0.025251 0.303749 -0.131470 0.131863 0.113975 -0.166552 0.139227 -0.152283 -0.034669 0.022491 -0.177235 0.275103 -0.152473 0.047054 -0.021672 0.002542 -0.130816 -0.087217 0.169701 -0.002617 -0.027645 0.004646 -0.241142 -0.196097 -0.067651 0.152922 -0.163975 0.178448 -0.224171 -0.077428 -0.302631 0.243834 0.011221 0.007697 -0.025268 0.004397 -0.039870 -0.016999 0.112737 -0.211734
moving -0.077740 0.136471 0.169656 0.006109 -0.063488 0.107903 -0.100878 0.027642 -0.293336 -0.085118 -0.070264 -0.079484 -0.082055 0.070162 0.008449 -0.165600 -0.037302 -0.134592 0.180410 0.061701 0.010611 0.054363 0.023296 0.053703 0.377899 -0.075215 0.038974 0.124604 0.104696 0.187597 0.077800 -0.338100 0.080472 0.013949 0.068483 0.133161 -0.108299 -0.283806 -0.110437 -0.233081 0.190017 0.194309 0.119357 0.102853 -0.180954
loud 0.144300 0.105758 -0.009694 0.124184 0.137002 -0.137395 -0.070257 0.123599 -0.107477 -0.029326 0.180300 0.055434 -0.268765 0.064639 -0.101089 -0.123239 -0.114488 0.010654 0.395972 0.011174 0.190501 0.151017 0.178753 0.020746 0.009554 0.183671 -0.001894 -0.074124 0.002075 0.134622 -0.175532 0.118657 0.103161 0.031985 -0.096985 -0.309349 0.277829 -0.097624 0.029021 -0.088300 -0.095596 -0.008155 -0.079554 0.011668 -0.049270
thai 0.229310 0.199175 -0.007415 -0.240042 0.344623 -0.231062 0.169282 -0.129275 0.035408 0.136524 -0.175869 0.034825 0.083777 -0.176706 -0.058651 -0.185463 0.053221 -0.087627 -0.074234 -0.049604 -0.101611 0.063640 -0.094002 -0.119380 0.048508 0.032205 -0.106854 -0.182984 0.045295 -0.230438 0.259097 0.072319 0.051269 -0.175151 0.108673 -0.094256 0.030693 -0.338213 0.037730 -0.033377 -0.122038 0.118255 -0.167075 -0.039783 -0.167936
croatian -0.039437 0.141460 -0.016584 0.059603 -0.350503 -0.152539 -0.020199 -0.061478 -0.118011 0.393575 -0.061115 0.048208 -0.117060 0.282705 -0.004626 0.014317 -0.138667 -0.052471 -0.045707 0.058882 -0.029727 0.092129 -0.062619 -0.162140 -0.007769 -0.088107 0.307195 -0.244092 -0.005580 -0.021172 -0.140555 -0.059069 -0.004865 0.015623 0.003157 -0.189223 0.130100 -0.237943 -0.211606 0.055355 -0.042530 -0.169529 -0.002254 -0.106743 0.173429
argentina 0.118086 0.213099 -0.062401 0.138876 -0.154894 -0.061609 -0.156728 0.022914 -0.091976 -0.107214 -0.080839 0.025575 -0.370041 -0.224447 -0.003791 0.086004 0.054708 0.009828 -0.159987 -0.211743 -0.214514 -0.050220 -0.047743 -0.115055 0.009840 -0.245678 0.059253 0.149188 -0.126783 -0.021727 0.041523 0.118776 0.225321 0.032734 -0.038097 -0.188529 -0.063425 -0.109209 0.041119 0.004533 0.140723 0.116665 -0.086510 -0.101217 0.099434
vietnam 0.097976 0.196988 0.157074 -0.070164 -0.127349 0.041222 -0.211559 -0.038326 -0.068828 0.039169 -0.055599 -0.241453 -0.067480 -0.028002 0.230249 0.089329 -0.027539 -0.248993 0.042300 0.070505 0.320400 -0.053695 -0.180439 -0.076983 -0.214772 0.013894 -0.041090 0.008575 0.191321 0.008620 0.110745 -0.031463 0.028367 -0.102971 -0.134532 -0.060351 0.191983 -0.094450 0.108913 -0.056147 -0.001170 0.047482 -0.177380 0.104577 0.127089
norwegian 0.141095 -0.081714 0.249140 -0.171819 0.156146 -0.036391 -0.080828 0.011378 0.055221 -0.290993 -0.094282 -0.046678 0.193056 -0.248431 0.009858 -0.000736 -0.223502 0.121027 -0.100713 0.029376 0.021225 -0.101359 -0.068604 0.186175 0.000209 0.102403 0.274627 -0.164230 0.094779 -0.081366 0.048823 -0.030476 0.092775 0.176186 -0.047441 -0.142146 -0.023522 -0.226016 -0.129413 -0.264875 0.093789 -0.022807 -0.000101 -0.137374 0.132337
professionally -0.075028 0.065880 0.052221 -0.088391 0.001542 -0.262872 -0.058695 0.064648 0.054418 -0.137826 -0.053831 0.185422 -0.014224 0.019061 -0.069670 0.152992 -0.085470 -0.043218 0.136072 0.026436 0.120472 -0.073408 0.191214 0.118857 -0.011838 0.027342 0.038221 -0.103446 0.131141 -0.124509 0.281786 0.250452 0.036173 -0.100219 -0.093985 -0.038556 -0.021784 -0.191027 0.031746 -0.310880 0.013084 -0.093045 0.197474 0.090897 -0.008961
argentinean 0.187472 0.119231 -0.015998 0.248378 -0.092252 -0.230678 -0.032004 -0.036432 -0.246889 -0.397820 0.105421 0.017876 -0.154486 -0.172214 0.072539 -0.071048 0.049489 -0.099228 -0.119593 -0.063568 -0.278595 -0.077994 -0.126451 0.105598 0.137809 -0.229081 -0.128934 -0.061706 -0.158246 0.041238 -0.105254 0.056512 0.092749 -0.069977 0.051506 -0.268317 0.110654 -0.298327 0.067376 0.139217 0.029467 -0.116660 -0.019727 0.003945 -0.056417
louder 0.262020 0.099065 -0.021481 0.106002 0.101166 -0.207567 0.198331 0.278064 -0.065075 0.013232 0.229710 -0.024296 -0.275182 0.193392 -0.004179 -0.049828 -0.070855 -0.165716 0.226891 -0.024073 0.065433 0.129375 -0.019677 -0.072769 -0.054849 0.114366 -0.045351 -0.060892 -0.161540 -0.016754 -0.061165 0.087719 -0.040937 -0.012297 -0.095148 -0.103302 0.195025 -0.070682 0.175921 -0.215042 0.043849 -0.024836 -0.032414 0.092122 0.045853
chicago 0.085234 0.145134 -0.129347 -0.119186 -0.261415 0.033234 0.113175 0.018501 0.142089 0.168365 0.111223 0.002529 -0.190727 -0.146337 0.003325 -0.178418 -0.016471 -0.066492 -0.024555 0.078105 -0.042488 -0.029301 -0.071701 0.178151 -0.010536 0.020657 -0.068084 0.076329 0.019469 0.146407 0.054923 -0.010438 0.101462 -0.309088 0.377276 -0.248188 0.274536 -0.210013 0.178904 -0.088748 0.079245 -0.059664 -0.087875 0.023905 -0.019007
move 0.112265 0.063091 0.250284 0.052436 -0.078158 -0.072996 -0.069055 -0.031545 -0.279174 0.121290 0.046257 -0.176104 -0.023016 -0.161018 0.148562 -0.316204 -0.078396 -0.049593 0.045425 -0.143920 -0.076649 0.007745 -0.032791 0.121683 0.382377 -0.223736 -0.021951 0.063441 -0.060469 0.114930 0.210853 -0.026556 -0.029615 0.005079 0.002419 0.091096 -0.154093 -0.131345 -0.047794 -0.176411 0.195270 0.071207 0.093485 0.128162 0.205132
thailand 0.244490 0.274760 0.019852 -0.067843 0.483756 -0.023874 -0.007265 -0.178335 -0.078877 -0.025012 -0.245438 0.113027 -0.093247 -0.072012 0.102627 -0.122256 0.193143 0.059538 -0.044344 -0.124481 -0.154254 0.136853 -0.019188 -0.110833 -0.090744 0.133982 0.067180 -0.235643 -0.084007 -0.146524 0.347607 -0.070737 0.230873 -0.068570 0.050150 0.049548 -0.081707 -0.177876 -0.056845 0.045915 -0.066112 0.114172 -0.100658 0.090472 0.090378
ukraine -0.252777 0.030599 -0.043708 0.071764 -0.056882 -0.033089 0.133756 0.516573 0.084428 -0.009728 -0.116176 0.175376 -0.032102 -0.014741 0.246162 -0.029870 -0.298492 0.052866 0.083650 0.233881 0.086701 0.245413 -0.095402 0.023053 -0.058884 0.125387 -0.053780 -0.049101 -0.175742 -0.044390 0.173992 -0.050516 0.125508 -0.329900 -0.015199 0.038149 -0.105642 -0.242574 -0.138595 -0.083167 0.032260 0.197053 -0.321058 -0.222002 0.129958
plano 0.103324 -0.084476 -0.004221 -0.173443 -0.050199 0.085930 -0.120758 0.290590 -0.157311 0.065173 -0.103618 0.070873 -0.131621 0.074871 -0.349463 -0.199396 0.093635 -0.115133 0.099282 0.160533 -0.168946 0.274142 -0.204543 0.023458 -0.101433 0.035615 0.108118 0.074930 -0.023897 -0.022124 0.006592 -0.218812 0.036449 0.249888 -0.091470 -0.091496 0.022248 -0.104744 0.153802 -0.151604 0.235408 -0.003165 -0.189187 0.016866 0.001347
texas 0.284787 -0.119668 0.108293 -0.089484 0.022325 -0.036961 -0.184938 0.329911 -0.107772 0.105912 -0.058936 -0.048409 -0.181026 0.013475 -0.199502 -0.256910 0.097837 0.184401 0.008103 0.132343 -0.200075 -0.223002 -0.113504 -0.079548 -0.089944 -0.233796 -0.139083 -0.233216 -0.003093 -0.023422 -0.063704 -0.189868 0.098785 0.174602 -0.073522 0.012596 0.079627 -0.071889 0.084397 -0.198155 0.139980 0.063230 -0.330627 -0.020702 0.144192
tough 0.135012 0.067649 0.178686 0.165890 0.165352 -0.085275 -0.026213 0.084249 0.025464 -0.260633 -0.362579 0.157338 0.000183 -0.043946 -0.159573 -0.220166 -0.270566 -0.298425 0.035677 0.071652 -0.031811 -0.062025 -0.180883 0.042979 -0.116570 0.006279 0.061051 0.205177 0.200427 -0.004188 -0.160911 0.153076 -0.136516 -0.169262 -0.033039 -0.011733 0.295031 0.126968 -0.214980 -0.187102 -0.089584 -0.022905 -0.230249 -0.140385 0.055391
flying 0.113529 -0.192725 0.096956 -0.193911 -0.029132 -0.181688 0.043023 -0.087041 0.089145 -0.012826 -0.068660 0.300124 -0.001271 0.206930 0.040908 0.134401 -0.077579 0.037809 0.045421 -0.002303 0.243372 0.064557 0.150510 -0.228796 -0.107748 -0.325492 0.265115 0.200700 -0.285345 -0.036841 0.110993 -0.035069 0.103712 -0.237963 0.001841 -0.042782 0.203001 -0.115144 0.201747 0.098300 0.169309 0.029101 -0.093692 -0.117685 0.176725
iraq 0.062132 0.087173 0.235905 -0.058702 -0.032048 -0.167956 -0.025605 0.081303 -0.026124 0.002203 -0.062507 -0.056185 -0.050454 0.051189 0.007083 0.126000 0.078385 0.079028 0.246527 0.080922 -0.313642 -0.180972 -0.227620 -0.087585 0.067862 -0.034730 0.211567 0.097705 0.164256 0.079341 0.043548 -0.065529 0.051509 -0.055587 -0.178479 -0.048613 0.227244 -0.190261 0.043372 0.082924 -0.041408 0.045881 0.219903 -0.092694 0.123843
professional -0.127767 0.064453 -0.062618 -0.120711 -0.170661 -0.220505 -0.212747 0.072213 -0.001422 -0.121142 -0.179559 0.252847 -0.044450 0.161636 -0.052792 -0.038823 0.186606 -0.108460 0.179699 0.150967 -0.016319 -0.052636 0.062255 0.055915 -0.022350 -0.015105 0.095476 -0.012887 0.116637 -0.266215 0.208778 0.161625 -0.135853 -0.121050 0.108670 -0.003670 0.000416 -0.151747 0.176707 -0.311943 -0.064647 0.015889 0.237421 0.092169 -0.020610
fly 0.217684 -0.078853 0.025151 -0.063180 -0.110893 0.079330 -0.174013 -0.138175 0.035204 -0.066475 0.105029 0.132172 0.163993 0.151220 0.067490 -0.128721 0.227541 0.024072 -0.112765 0.061673 0.139150 0.090990 0.264542 0.067583 -0.100830 -0.108882 0.003216 0.025586 -0.255641 0.103572 0.027420 0.015516 0.210693 -0.116883 0.024461 -0.172283 0.136190 -0.331099 -0.083312 0.065654 0.154711 0.001933 0.129603 -0.250424 0.224127
danish 0.149616 -0.052886 -0.136351 -0.254663 -0.023134 -0.087654 0.035253 -0.104062 -0.069179 -0.194640 -0.192660 0.014632 -0.244750 0.131964 -0.025248 -0.033243 0.034397 0.000484 -0.037966 0.236860 -0.106787 0.107410 -0.076409 -0.004464 -0.061861 -0.129985 0.034411 -0.044500 -0.027094 0.187883 0.077793 0.122534 -0.048173 -0.114598 -0.253117 -0.375275 -0.137520 0.054404 -0.387454 -0.159290 0.036628 0.038252 0.219037 -0.145678 -0.135735
denmark 0.137865 -0.018605 0.137825 0.014769 0.008763 -0.109351 -0.006945 0.011031 -0.199734 -0.102985 -0.226803 0.053469 -0.193784 0.221429 -0.037004 -0.165072 -0.128651 -0.013789 0.034667 0.002878 0.005142 0.135228 -0.039431 0.002704 0.006901 0.081825 -0.146171 -0.063291 0.085736 0.215048 -0.007189 0.428899 0.157715 -0.142318 -0.067415 -0.245965 0.013046 -0.015113 -0.166541 0.054971 -0.041348 0.000736 0.268745 -0.047752 0.089865
croatia 0.202080 0.134979 0.043528 -0.208566 -0.135930 -0.043714 -0.039848 -0.105809 -0.008210 0.242115 0.189537 0.117825 -0.141646 0.328044 0.112881 -0.133629 0.009473 0.070126 -0.033705 -0.005931 -0.092871 0.043556 0.030417 -0.099378 -0.133721 -0.013375 0.217449 -0.169773 -0.062736 0.068932 -0.218660 -0.082178 0.159426 0.020772 0.160982 0.112806 0.096993 -0.201439 -0.173399 -0.181274 0.086339 -0.090288 -0.067420 -0.042318 0.196970
