[3.881662]
[3.688684]
[3.806683]
[4.0265384]
[3.7862236]
[3.7837324]
[3.7147598]
[3.7287855]
[4.1109543]
[3.8888535]
[3.8026466]
[3.7101953]
[4.0171127]
[3.8764825]
[4.2546215]
[3.769578]
[3.6592362]
[3.9300306]
[3.8532243]
[3.971358]
[3.835772]
[3.6810224]
[3.8588948]
[3.941074]
[4.140987]
[3.6446357]
[3.8592386]
[3.8374462]
[3.608947]
[3.6970487]
[3.9444737]
[3.8574424]
[3.8540845]
[3.8519173]
[4.027058]
[4.1331363]
[4.1637793]
[4.048151]
[3.9412189]
[3.38523]
[3.7516546]
[3.720312]
[3.8140519]
[3.867917]
[4.373562]
[3.9665504]
[3.5839589]
[4.155719]
[3.7955017]
[3.8152318]
[4.1248813]
[3.662227]
[4.17968]
[3.7456996]
[4.0713744]
[3.5309043]
[3.6735022]
[4.367146]
[3.623648]
[3.564956]
[3.8586974]
[3.8748198]
[3.7885437]
[3.691018]
[3.7721248]
[3.6411366]
[3.907745]
[3.7954624]
[3.8736224]
[3.7926753]
[3.703531]
[3.6368487]
[3.8092804]
[3.7357848]
[3.673684]
[3.7936609]
[3.9497042]
[3.763032]
[3.9343114]
[4.2422957]
[3.7862396]
[3.7857172]
[3.825479]
[3.893791]
[3.9675941]
[3.8285155]
[3.7190783]
[3.8657758]
[4.0340614]
[4.1267357]
[3.6325538]
[3.8499112]
[4.029285]
[4.0344834]
[3.5597634]
[4.2307463]
[3.82529]
[3.8013556]
[4.0986905]
[3.7327244]
[3.7124944]
[3.7331219]
[4.1231093]
[3.7857711]
[3.7201908]
[4.2403784]
[4.0298247]
[3.670212]
[4.1780677]
[3.7246108]
[3.7429929]
[3.844517]
[3.7100456]
[3.9123342]
[3.6561031]
[3.7769086]
[3.836568]
[3.9955518]
[3.9047284]
[3.828258]
[3.6863425]
[3.8060002]
[3.55162]
[3.8064828]
[3.8234787]
[3.8448553]
[3.8618596]
[3.9071257]
[3.8390472]
[3.689079]
[4.2497625]
[4.127013]
[3.779666]
[3.8139038]
[3.8672233]
[4.127136]
[3.7344007]
[3.7747912]
[4.31111]
[3.963528]
[3.822735]
[3.791783]
[3.7809227]
[3.9959362]
[3.7155132]
[3.646716]
[4.025253]
[3.708003]
[3.7150614]
[3.8652153]
[3.7786853]
[3.9275312]
[3.6527834]
[3.9693406]
[3.6539135]
[4.243782]
[3.7500806]
[3.6080687]
[4.144505]
[3.5995426]
[4.065443]
[3.8077004]
[4.1310015]
[4.071654]
[4.0585413]
[3.6404517]
[3.8295348]
[4.052928]
[3.644192]
[3.712695]
[3.970591]
[3.7051501]
[3.622154]
[3.9015296]
[4.1989493]
[3.532611]
[4.1307898]
[3.6768534]
[3.7886996]
[3.7249358]
[3.802987]
[3.7927575]
[3.6182663]
[3.7956054]
[3.6590974]
[3.8277745]
[3.6802337]
[3.974613]
[4.027686]
[4.0375705]
[3.8071477]
[3.6591947]
[4.117252]
[4.175355]
[3.7687254]
[3.9044034]
[3.8438191]
[3.8091977]
[3.7281177]
[4.3346505]
[4.022544]
[4.085018]
[3.8002267]
[3.6286817]
[3.8192239]
[3.855112]
[4.2407217]
[3.8599598]
[3.9586291]
[3.882515]
[3.9318016]
[3.9368076]
[3.7538855]
[3.7187402]
[3.6640515]
[4.190861]
[3.9210508]
[3.8174653]
[3.6163602]
[3.6894975]
[3.6912873]
[3.7254803]
[3.8066192]
[3.8450568]
[3.8541589]
[3.7472389]
[3.639652]
[3.83949]
[3.9644501]
[3.8110867]
[3.7910666]
[3.8336174]
[4.260376]
[4.0528274]
[3.927628]
[3.6123614]
[3.9950838]
[3.6157217]
[3.8612015]
[4.017185]
[4.066599]
[3.6629179]
[3.8657923]
[3.7281601]
[3.727213]
[3.7548537]
[3.7813997]
[3.653196]
[3.8252287]
[3.7648873]
[3.6993792]
[4.0772505]
[3.8897684]
[3.917934]
[3.9705343]
[3.5793018]
[3.9851239]
[4.1222267]
[3.8051603]
[4.0630755]
[4.1282268]
[3.6181219]
[3.8311021]
[3.7487528]
[4.18778]
[4.0143156]
[4.1799903]
[4.051192]
[4.0520926]
[3.6284513]
[3.928875]
[3.8328805]
[3.663892]
[3.8160255]
[4.092661]
[3.7060664]
[3.7873816]
[3.7225177]
[3.9383667]
[3.8618174]
[3.6798959]
[3.7995062]
[3.6836357]
[3.9780464]
[4.1445785]
[3.7111495]
[3.69647]
[4.295122]
[4.130683]
[3.596777]
[3.819921]
[3.900814]
[3.661082]
[3.6011915]
[3.9684362]
[3.8318508]
[3.7300475]
[3.7301247]
[3.9235005]
[4.3054094]
[3.9056857]
[4.1671753]
[3.8645773]
[3.9650328]
[3.7637854]
[4.1507025]
[4.071338]
[3.619113]
[4.180614]
[4.028833]
[3.7825162]
[3.6928623]
[4.305663]
[3.894394]
[3.8539155]
[3.7785885]
[4.2426596]
[3.9729295]
[4.115778]
[3.924379]
[3.7578435]
[3.9237127]
[4.3716125]
[3.6774993]
[3.621912]
[3.9888785]
[3.9156072]
[4.236198]
[3.534953]
[3.9498138]
[3.7016668]
[3.7467115]
[3.9508064]
[3.8399754]
[3.557467]
[3.968032]
[3.619363]
[3.820105]
[3.78371]
[3.8935673]
[4.261604]
[3.7796938]
[3.74781]
[3.7672462]
[3.6357265]
[4.026891]
[3.5641315]
[3.7931333]
[3.9197419]
[4.192365]
[3.7922175]
[3.863481]
[3.7005532]
[3.8726482]
[3.8829474]
[3.9400675]
[3.9408445]
[3.941045]
[3.7629304]
[4.3834763]
[3.9555368]
[3.684909]
[3.7058728]
[4.1193733]
[4.2372055]
[4.106888]
[3.9452946]
[3.5406077]
[4.3739142]
[4.2783647]
[3.7931259]
[3.9288363]
[4.113794]
[3.9768696]
[3.7660632]
[3.9637325]
[3.7941012]
[3.913909]
[4.041137]
[4.1006756]
[3.9743834]
[3.7421653]
[4.2802124]
[3.694302]
[3.6802626]
[3.8641198]
[3.6997943]
[3.5751493]
[3.745934]
[4.0294547]
[4.0207844]
[3.8683515]
[4.082082]
[3.7836795]
[3.9077048]
[4.1988425]
[3.5873227]
[3.7383928]
[3.7764008]
[3.94685]
[3.8194904]
[3.689893]
[3.9573188]
[3.842631]
[4.342602]
[4.117564]
[3.8207486]
[3.831656]
[3.975518]
[4.1922283]
[4.110598]
[3.7930207]
[3.9357214]
[3.5601444]
[3.751786]
[3.8655536]
[3.7195992]
[3.9781873]
[3.984342]
[3.8881876]
[3.81117]
[3.9563997]
[3.9029524]
[3.8900237]
[4.114587]
[3.9895518]
[3.6277947]
[4.042855]
[4.095218]
[3.6318235]
[3.8045113]
[4.2935834]
[3.918226]
[3.6487384]
[3.8100512]
[3.6901822]
[3.6652396]
[3.6778896]
[3.6217167]
[3.9101624]
[3.5178277]
[3.882688]
[3.8676202]
[3.8738723]
[3.7047713]
[3.8697329]
[3.6416624]
[3.777122]
[4.1206293]
[3.7855556]
[4.0581923]
[3.7679782]
[3.9084377]
[3.8773928]
[4.4327397]
[3.7657378]
[3.7392373]
[4.2325835]
[3.8155746]
[3.744117]
[3.9003782]
[3.7983184]
[3.6441557]
[3.7825925]
[4.1528525]
[4.142326]
[3.9582996]
[3.742115]
[4.154814]
[4.112457]
[4.031846]
[4.039359]
[3.8977304]
[3.8470783]
[3.693943]
[3.727251]
[3.8533978]
[3.81968]
[3.7278025]
[4.1320214]
[3.730879]
[3.8846087]
[4.101396]
[4.1146517]
[3.9851587]
[4.1251473]
[3.8474324]
[3.9102514]
[3.7001529]
[3.641366]
[3.5936418]
[3.6928523]
[3.754805]
[3.550136]
[3.9744418]
[4.139031]
[3.8336773]
[3.6156106]
[4.046645]
[3.872959]
[3.9897525]
[4.0654216]
[3.7324908]
[3.8282807]
[3.871546]
[3.9271681]
[3.9618554]
[4.043773]
[3.7629461]
[3.9353447]
[3.7673376]
[4.0536175]
[3.9680119]
[3.893395]
[3.843397]
[3.6197762]
[3.8761837]
[3.5888894]
[4.054777]
[3.896687]
[3.891252]
[3.9546735]
[4.1339703]
[3.7732384]
[4.1527233]
[3.8732405]
[3.9861555]
[3.7056215]
[3.923543]
[4.0028524]
[3.944865]
[3.7913637]
[3.766882]
[3.8308513]
[3.8092902]
[3.8737772]
[3.9553292]
[3.843563]
[4.073106]
[3.9722877]
[3.9050815]
[3.9906728]
[4.1738086]
[3.7716045]
[4.057195]
[3.7347245]
[3.9094923]
[3.8504944]
[4.1332436]
[4.342027]
[3.70679]
[3.7465515]
[3.8059757]
[3.5741267]
[3.7056098]
[4.101747]
[3.657363]
[4.1870046]
[3.7894652]
[4.091893]
[3.8546057]
[3.756074]
[3.8051374]
[4.0217113]
[3.8484128]
[3.63517]
[4.4797425]
[3.773162]
[4.0295553]
[4.251149]
[3.8076005]
[3.5225089]
[3.933134]
[4.198333]
[3.8861628]
[3.738835]
[3.871757]
[4.179261]
[3.8928728]
[4.107371]
[3.9685416]
[3.721428]
[4.021862]
[3.6965263]
[3.6970997]
[3.8686347]
[3.748276]
[4.0576077]
[3.7315183]
[4.125928]
[3.855005]
[3.6480753]
[3.8456964]
[4.3782935]
[3.6153805]
[3.9168918]
[4.0563235]
[4.035289]
[4.0361896]
[3.9134243]
[3.709544]
[4.1291103]
[3.944752]
[3.7139807]
[4.033864]
[3.970634]
[3.9816365]
[4.064565]
[3.8485157]
[4.2948184]
[3.9735212]
[3.7879658]
[4.3737917]
[4.0529957]
[4.013336]
[4.1084347]
[3.9323363]
[3.7641258]
[3.9383729]
[4.1918745]
[3.9874418]
[3.888445]
[4.2146974]
[3.7828717]
[4.123637]
[3.8905609]
[3.838452]
[4.101769]
[4.146708]
[3.8316832]
[4.080934]
[3.943869]
[3.6012058]
[3.8701625]
[3.8034227]
[3.7894711]
[3.8358145]
[3.8357968]
[3.7140372]
[4.1059604]
[3.6747687]
[3.6152008]
[3.937096]
[3.6991937]
[3.853364]
[3.7999594]
[3.9850984]
[3.706728]
[3.7424898]
[4.14861]
[3.8431602]
[3.8335066]
[4.228977]
[4.390764]
[3.72419]
[3.956194]
[3.7425327]
[3.7905693]
[3.8985872]
[3.7897065]
[3.6519485]
[3.8857582]
[3.8096683]
[3.855792]
[4.270929]
[3.9590604]
[4.1351814]
[3.9055367]
[3.8732023]
[3.9731154]
[3.702729]
[3.7867186]
[3.9858556]
[3.9322004]
[3.9710813]
[4.200615]
[3.6902182]
[3.7753544]
[3.9588706]
[4.180875]
[3.6001225]
[4.192054]
[3.775341]
[3.9453223]
[3.87381]
[3.9386077]
[3.7486553]
[3.930919]
[3.6046956]
[3.7612553]
[3.8005335]
[4.2120667]
[3.7176814]
[3.977594]
[3.8380642]
[4.214565]
[4.231708]
[4.100948]
[3.8328927]
[4.0149593]
[3.615128]
[3.908215]
[3.7777498]
[3.590504]
[3.9060483]
[3.6058662]
[3.905824]
[3.8849523]
[3.978995]
[3.7535074]
[3.6604223]
[4.315531]
[4.174289]
[3.7182956]
[4.1444645]
[3.8085983]
[3.712215]
[3.663666]
[3.7382867]
[3.833149]
[3.9555697]
[4.045005]
[3.9128606]
[4.110188]
[3.9430838]
[4.041122]
[3.9708796]
[3.8203382]
[3.8239336]
[3.8867452]
[3.687237]
[4.0433035]
[3.7509987]
[3.7504177]
[3.9904537]
[4.04184]
[3.843427]
[3.992463]
[3.9750578]
[4.3120337]
[3.73603]
[3.7442975]
[3.8772101]
[3.767469]
[4.0144515]
[3.8231986]
[3.8266828]
[4.0381656]
[3.9351835]
[3.7011926]
[3.8659475]
[3.9382043]
[3.9267845]
[4.135275]
[3.9580903]
[4.212513]
[3.8319268]
[3.9485378]
[3.9612825]
[3.5993962]
[3.8790758]
[3.6575327]
[4.04338]
[3.6094604]
[3.8398542]
[3.6166434]
[3.8057377]
[3.9313705]
[3.584538]
[3.7805898]
[3.7956135]
[3.8582397]
[3.7768276]
[3.8214443]
[3.7078087]
[4.0255237]
[3.6318266]
[3.5257375]
[4.3368673]
[4.1716123]
[4.0269637]
[4.047466]
[3.7967908]
[4.2297115]
[3.806986]
[4.0215964]
[3.9156044]
[3.8668516]
[3.709769]
[3.984213]
[3.7837706]
[3.9324932]
[3.6360633]
[4.1019154]
[3.9862974]
[4.095153]
[3.6957245]
[3.8375304]
[4.4559984]
[3.9347856]
[3.7415323]
[3.7281559]
[3.9062533]
[4.0232487]
[3.6065464]
[3.7376075]
[3.6315193]
[3.9149857]
[3.8565745]
[4.247551]
[3.8698666]
[3.7814226]
[3.968373]
[3.7878494]
[3.7951078]
[4.1749244]
[4.1263137]
[3.801053]
[3.7982202]
[4.288941]
[3.8038893]
[3.936975]
[3.8356373]
[3.8809423]
[3.816095]
[3.9148796]
[4.038313]
[3.6965106]
[3.677228]
[3.8115883]
[4.2131906]
[3.8176696]
[4.228373]
[3.6598415]
[4.127223]
[3.7741241]
[4.2370634]
[3.792738]
[3.8321252]
[3.8445215]
[3.7041786]
[3.653766]
[3.794146]
[4.0993257]
[3.7652364]
[4.22433]
[3.9738379]
[3.9651818]
[3.7981596]
[4.268707]
[3.668879]
[3.7156248]
[3.8127496]
[3.6190898]
[4.0212517]
[3.771167]
[3.8948143]
[3.7754471]
[4.1201468]
[3.7996426]
[3.9481635]
[3.7961307]
[3.9472914]
[3.6780798]
[4.1043725]
[4.031381]
[4.330688]
[3.812197]
[3.9145455]
[3.6440763]
[4.099317]
[3.8985977]
[4.026044]
[3.8801599]
[4.244962]
[4.231775]
[4.004252]
[3.7016373]
[4.0657973]
[3.749809]
[4.2384033]
[4.1449933]
[3.5536752]
[3.8588965]
[3.9395971]
[3.9702916]
[3.8766375]
[3.727358]
[3.9242208]
[4.117901]
[4.0677204]
[3.7751966]
[3.8542037]
[4.0938644]
[4.233659]
[3.8997593]
[3.5938282]
[4.0909967]
[3.6876414]
[4.0862885]
[3.778537]
[3.7245317]
[3.904147]
[3.7572782]
[3.6593313]
[4.00734]
[3.9204218]
[4.0279703]
[3.6427288]
[3.7886338]
[3.9985125]
[3.9391077]
[4.014593]
[4.016706]
[3.8151474]
[3.745375]
[3.767839]
[4.0361233]
[3.9058528]
[3.8176405]
[3.3791459]
[3.9368925]
[3.7120976]
[3.8287096]
[4.252266]
[3.8806572]
[3.616383]
[3.6926475]
[4.120821]
[3.8335862]
[4.047498]
[3.6313503]
[3.876751]
[3.9124956]
[3.8418777]
[3.8243697]
[3.883164]
[3.4960093]
[3.539032]
[3.855317]
[4.1153903]
[3.7467787]
[4.188081]
[4.2304883]
[4.26334]
[3.9425876]
[3.6167336]
[3.7123137]
[3.7371128]
[4.195981]
[4.136197]
[3.7617753]
[4.101473]
[4.1133904]
[3.6656504]
[3.6931481]
[4.2538977]
[3.9480932]
[3.8469162]
[3.807468]
[3.9767401]
[3.796778]
[3.7983224]
[3.6863961]
[3.6512306]
[4.241396]
[3.6156447]
[3.9136417]
[3.9682984]
[3.7809305]
[3.911882]
[3.7862868]
[3.669773]
[3.9813437]
[3.9174623]
[3.8073115]
[3.768413]
[4.0293217]
[3.8811197]
[3.8270218]
[3.8920796]
[3.8488252]
[3.802496]
[3.886894]
[3.9667654]
[3.7650573]
[3.8263457]
[3.600299]
[3.7787905]
[3.828637]
[3.8383641]
[4.15636]
[4.1816]
[4.2441063]
[3.914947]
[4.067731]
[3.8848422]
[3.7045782]
[3.607203]
[3.6513357]
[3.8203926]
[3.6585045]
[3.8438292]
[3.765537]
[4.069767]
[4.2361326]
[3.972578]
[3.6713128]
[3.8244913]
[3.6230273]
[3.8920636]
[3.878183]
[3.6651747]
[3.8267617]
[3.5626323]
[3.680597]
[4.086767]
[3.8085482]
[3.6179523]
[3.806417]
[3.8968847]
[3.9925435]
[4.1089797]
[4.1005445]
[3.7643325]
[3.6855965]
[4.034716]
[3.6668873]
[4.105264]
[3.7731578]
[3.7957854]
[4.099068]
[3.7952461]
[3.946136]
[4.01436]
[4.1394277]
[3.659765]
[3.7794425]
[3.8611853]
[4.11948]
[3.813424]
[3.9404166]
[3.915881]
[4.0148964]
[3.8152132]
[3.8926945]
[4.057068]
[3.553853]
[3.9363718]
[3.9166121]
[3.7912626]
[3.6863747]
[3.9240437]
[4.02271]
[3.8122501]
[3.5925527]
[4.0521035]
[4.1964974]
[3.8634171]
[3.6662667]
[4.0114307]
[4.0100536]
[3.7213666]
[3.7718976]
[3.9076054]
[3.9247904]
[3.8885937]
[3.94349]
[4.062922]
[4.0429854]
[3.8431258]
[3.851233]
[3.883766]
[4.129834]
[3.9094667]
[3.826553]
[3.959042]
[3.845423]
[3.5914211]
[3.8501422]
[3.8316207]
[3.5444393]
[3.8587503]
[4.2136564]
[4.2340846]
[4.046921]
[3.486723]
[3.8422039]
[4.0799375]
[3.371596]
[3.7398562]
[3.798074]
[3.7840126]
[3.8402386]
[3.7110684]
[3.616921]
[4.046118]
[3.8080404]
[3.8408744]
[3.9366596]
[3.7587137]
[3.7738438]
[3.967557]
[3.912871]
[3.7272308]
[4.360128]
[3.661104]
[3.8125694]
[3.749302]
[3.6648047]
[3.564816]
[4.166642]
[3.7527905]
[3.686359]
[4.194138]
[3.6855006]
[3.6503198]
[3.932777]
[3.806055]
[3.9598546]
[3.978004]
[3.7415106]
[3.6635466]
[4.195113]
[3.9998858]
[3.9611974]
[3.6474986]
[3.851621]
[4.016918]
[4.095354]
[4.1946783]
[3.6347032]
[4.047398]
[3.8763237]
[4.134393]
[3.8473256]
[3.852355]
[4.1456165]
[3.806591]
[3.6663952]
[4.0472083]
[3.9318736]
[3.660592]
[3.8327792]
[4.011898]
[3.5718722]
[3.8546097]
[3.9731832]
[3.9470158]
[3.6764498]
[4.037841]
[4.1080766]
[3.8979836]
[3.8122573]
[3.8616076]
[3.690565]
[3.9019754]
[3.7900944]
[4.205421]
[4.0666056]
[4.238384]
[4.125072]
[3.957668]
[3.6001444]
[3.8572884]
[4.1389213]
[4.0061226]
[3.9644463]
[3.7955291]
[3.858208]
[4.1117973]
[4.073966]
[3.9763489]
[4.0468535]
[4.4102464]
[3.819198]
[3.828955]
[3.7911336]
[3.9433854]
[3.6527758]
[4.0502644]
[3.6750653]
[3.7745223]
[4.1178083]
[4.2205124]
[3.607259]
[3.8665786]
[4.059624]
[3.5989003]
[4.159276]
[3.8789623]
[3.8661375]
[3.9738326]
[4.098929]
[4.1259184]
[3.7283335]
[3.878685]
[3.7879736]
[3.599997]
[3.92642]
[4.0420027]
[3.9098272]
[3.8819818]
[3.6970584]
[3.965914]
[3.8932261]
[3.8389337]
[4.226412]
[3.7449741]
[3.6725876]
[4.041747]
[4.17115]
[4.1371417]
[4.2465525]
[3.9213328]
[3.7928472]
[3.689887]
[4.2036357]
[4.330285]
[3.982025]
[3.782174]
[3.9289901]
[3.7386298]
[4.1123643]
[3.9778147]
[4.0096316]
[3.625712]
[4.224907]
[3.8072479]
[4.116948]
[4.115165]
[3.7198179]
[3.843448]
[3.852933]
[3.7516599]
[4.0263977]
[3.889599]
[3.6892736]
[3.7954319]
[4.120958]
[3.5921338]
[4.0294437]
[4.2092957]
[3.8231308]
[3.7359574]
[4.21327]
[3.8951912]
[3.8353386]
[4.0099535]
[3.9945414]
[3.7052958]
[3.6807032]
[3.9929836]
[4.1063056]
[3.5882092]
[3.8221128]
[3.67276]
[4.1575007]
[4.2591977]
[3.7287495]
[3.8471353]
[3.7241821]
[3.6951282]
[3.7204385]
[3.668046]
[4.1938653]
[3.799605]
[4.315959]
[3.5808613]
[3.8125472]
[3.9930835]
[3.9636798]
[3.7021008]
[3.933364]
[3.611886]
[4.3069906]
[3.8822477]
[3.8273911]
[3.850786]
[4.0718913]
[3.8737726]
[3.9533658]
[3.700817]
[3.6472254]
[3.8566358]
[3.968564]
[3.7361715]
[3.7280788]
[4.388036]
[3.8749619]
[3.9151018]
[3.5201776]
[3.8705604]
[3.6991348]
[3.711231]
[4.1084585]
[3.762608]
[4.1893163]
[3.8165185]
[3.9291282]
[3.8171887]
[4.0741177]
[3.5276523]
[3.8790376]
[3.875197]
[3.8309736]
[3.837737]
[3.793809]
[4.2689943]
[3.796728]
[3.7358387]
[4.2788734]
[4.0732594]
[3.8691611]
[3.8120801]
[3.8365152]
[3.7086077]
[3.9228525]
[3.6277905]
[3.781574]
[3.8372376]
[3.8567214]
[3.7708213]
[4.073026]
[4.2086816]
[3.8226056]
[3.921497]
[3.8201125]
[3.5794234]
[4.1023326]
[4.1812525]
[4.1144857]
[3.9665523]
[3.9694257]
[4.042654]
[3.6991568]
[3.6414135]
[3.8620296]
[3.6994584]
[3.8238494]
[3.968507]
[4.337963]
[4.2995152]
[3.8998618]
[3.960128]
[3.6424184]
[3.7386296]
[4.045223]
[3.7852473]
[3.66346]
[3.687385]
[4.3432593]
[4.111177]
[3.984857]
[4.1486526]
[3.8674786]
[3.7611694]
[3.6732628]
[4.1826477]
[4.052875]
[3.9021893]
[3.6841435]
[4.040738]
[3.7344866]
[3.9145236]
[3.8649402]
[3.6278234]
[3.776408]
[3.6711197]
[3.775093]
[4.2555804]
[3.6372583]
[3.9619486]
[3.7510514]
[3.8312442]
[3.723683]
[4.1909065]
[3.698505]
[4.1302156]
[4.037385]
[3.7994542]
[4.1029606]
[3.70539]
[4.3183846]
[3.7627916]
[3.8692756]
[3.5583622]
[3.6607234]
[3.7259312]
[3.8995755]
[4.0292115]
[3.919179]
[3.7757611]
[3.8695793]
[4.110759]
[3.6228204]
[3.8088713]
[3.7966206]
[4.1860266]
[3.519685]
[3.7510371]
[3.927814]
[3.935963]
[4.249949]
[3.844253]
[3.9395661]
[4.1714654]
[3.8455338]
[3.8894105]
[4.170965]
[3.7897735]
[3.9746933]
[3.5877094]
[3.679524]
[3.867467]
[3.7594793]
[3.5943763]
[3.9585884]
[3.818952]
[3.7235513]
[4.0595016]
[3.7502875]
[4.1104317]
[4.2171454]
[4.347994]
[3.7462153]
[3.6640592]
[3.6956472]
[3.7338865]
[3.6320107]
[3.9454849]
[3.7240088]
[3.5182633]
[3.8552117]
[3.8775828]
[3.9721048]
[3.601503]
[3.6796236]
[3.7263093]
[3.746666]
[3.8972223]
[3.6050587]
[3.9097464]
[3.843121]
[3.5862586]
[4.0567527]
[4.1929436]
[3.9518714]
[3.6724374]
[4.126932]
[3.8482966]
[4.2682223]
[3.6946645]
[4.084297]
[3.6667836]
[3.9583101]
[3.5399873]
[3.7544422]
[3.966247]
[3.6615176]
[3.8179893]
[3.9469159]
[3.7301764]
[4.0061517]
[3.7000632]
[3.8385515]
[3.7533698]
[3.9649355]
[3.6664596]
[3.9341493]
[3.884128]
[3.9535716]
[3.5883725]
[3.6488395]
[3.6526883]
[3.6449144]
[4.242272]
[3.5708551]
[4.0205197]
[3.7955549]
[3.7519913]
[4.148654]
[4.1248684]
[3.983096]
[3.7747009]
[3.747814]
[4.045464]
[3.7693827]
[4.267155]
[4.1128983]
[4.0242944]
[4.247038]
[4.022646]
[4.1159735]
[4.1719356]
[4.1228967]
[3.8969197]
[3.851137]
[3.8002236]
[4.179471]
[3.85139]
[4.1400685]
[3.7185113]
[4.3184695]
[3.7710774]
[4.4545345]
[3.79111]
[3.5107849]
[3.7862203]
[4.213339]
[3.9598804]
[4.226966]
[3.7831373]
[3.589917]
[4.0001016]
[3.8301117]
[4.0978065]
[3.810524]
[3.8348744]
[3.7239814]
[3.9651697]
[3.8030276]
[3.731912]
[4.0705547]
[3.902859]
[4.2793903]
[4.1311855]
[4.242232]
[3.6223736]
[4.2507343]
[3.8598046]
[3.8134565]
[3.5865452]
[3.932865]
[4.0437407]
[4.186333]
[4.0841694]
[3.930364]
[3.828733]
[3.814914]
[3.6578944]
[4.134382]
[4.247178]
[3.732462]
[3.670997]
[3.658153]
[3.9928052]
[3.837622]
[4.1772094]
[3.705224]
[3.8185234]
[3.8518043]
[3.9741979]
[4.391949]
[4.0191684]
[3.7198815]
[3.8339]
[4.0195837]
[3.80339]
[4.3366227]
[3.7229996]
[3.683215]
[3.825439]
[3.9547262]
[3.7591968]
[3.869332]
[3.9495463]
[3.605723]
[3.7405796]
[4.3521833]
[4.1750107]
[4.16968]
[3.826464]
[4.049186]
[3.9974453]
[4.012158]
[3.8342342]
[3.9441924]
[3.5829134]
[4.116575]
[3.6281402]
[4.1859264]
[4.1341414]
[3.645164]
[3.898693]
[3.6665065]
[3.8540792]
[3.812121]
[3.6525593]
[3.8612044]
[4.232446]
[3.7381332]
[3.8011189]
[3.664896]
[4.0326066]
[3.957076]
[4.011926]
[3.7250085]
[3.7552361]
[4.0063086]
[4.2554297]
[4.0376043]
[4.4491277]
[4.2240996]
[3.824059]
[3.8631833]
[3.947971]
[3.969077]
[3.8703635]
[3.854627]
[4.064501]
[3.8555439]
[3.8967931]
[4.028524]
[3.5780826]
[3.8078494]
[3.9530044]
[3.6868465]
[3.9775753]
[4.262167]
[3.9861052]
[3.5840929]
[3.9316554]
[4.2959476]
[3.8207464]
[3.719431]
[3.8261154]
[3.6144576]
[3.8018727]
[3.6838148]
[3.8993342]
[3.8317266]
[3.7977166]
[3.890906]
[4.177858]
[3.851634]
[3.6514752]
[3.9388802]
[3.8069103]
[3.7807627]
[4.0042024]
[3.7447126]
[4.148289]
[3.848001]
[3.769822]
[3.7006955]
[3.5981948]
[3.7854652]
[4.074338]
[3.8508012]
[3.5758207]
[3.7457097]
[3.7375164]
[3.5242078]
[3.8990803]
[4.0384555]
[3.596261]
[4.1016636]
[3.9984074]
[4.019603]
[4.2043056]
[3.9857614]
[3.9045713]
[3.8513048]
[3.6921399]
[4.2497363]
[3.7123013]
[3.8191652]
[3.8055801]
[3.719108]
[3.8317027]
[4.1236544]
[3.8882883]
[3.77079]
[3.7368808]
[4.3355236]
[3.7299783]
[3.9793656]
[3.782083]
[3.6893928]
[4.0903907]
[3.7353997]
[4.111584]
[3.7227268]
[4.0414066]
[3.6325984]
[3.9372358]
[4.010445]
[3.9129975]
[4.0157137]
[4.215863]
[3.889069]
[3.9907846]
[3.7284377]
[3.7362487]
[4.3188863]
[3.8773036]
[3.8226578]
[4.0977244]
[3.955167]
[3.7831066]
[3.7473762]
[3.8918848]
[3.577646]
[4.133597]
[4.2056074]
[3.9160345]
[4.3005986]
[3.7742057]
[3.979687]
[3.7812252]
[3.701384]
[4.1891246]
[4.215918]
[3.7657564]
[3.7043514]
[3.8713613]
[3.9077451]
[3.8624778]
[4.1637335]
[4.091932]
[3.753233]
[3.9339702]
[3.742935]
[3.9571183]
[3.9614663]
[3.834783]
[4.1760955]
[3.9821193]
[3.489894]
[3.8319347]
[3.5767353]
[3.8832312]
[3.7787218]
[3.731045]
[3.7247658]
[3.9174361]
[3.8785233]
[3.814313]
[4.048021]
[3.92579]
[3.9514308]
[3.7428968]
[4.0556207]
[3.753585]
[4.1115603]
[3.773546]
[3.9726036]
[4.039104]
[3.7743995]
[3.7345638]
[3.8885157]
[4.1505933]
[3.6233315]
[4.3077364]
[3.5959492]
[4.018947]
[3.5520275]
[4.0001583]
[3.6087031]
[3.7115858]
[3.6171153]
[4.3651867]
[3.9822514]
[3.8659947]
[3.744808]
[3.845225]
[3.8174794]
[4.155999]
[3.7019138]
[4.1825085]
[3.558151]
[3.7530987]
[3.737345]
[3.7088864]
[3.6160755]
[3.861958]
[3.8864005]
[3.9509993]
[4.072567]
[3.8539875]
[4.1501226]
[3.7622495]
[3.9955]
[3.7554746]
[3.701731]
[4.0967774]
[3.7333565]
[4.094699]
[3.715972]
[3.685666]
[3.7350059]
[3.8230696]
[3.6458282]
[3.696118]
[3.7672398]
[3.787888]
[3.732949]
[4.4538784]
[4.1034207]
[3.7417152]
[3.881433]
[4.0891333]
[3.7815151]
[3.7988083]
[4.0529504]
[3.7780972]
[3.584449]
[4.0502906]
[4.0569997]
[3.749515]
[3.8514628]
[4.0110993]
[3.6160154]
[3.7497919]
[3.6994405]
[3.7001202]
[4.029548]
[3.6853147]
[3.912304]
[3.6851642]
[3.7326045]
[4.0933695]
[3.7187128]
[3.9051313]
[3.763623]
[3.8159904]
[4.3434987]
[3.6523597]
[3.6492805]
[3.6664839]
[3.7547474]
[3.7603137]
[3.9536052]
[3.9693387]
[3.7886572]
[3.9156392]
[4.314561]
[3.8255196]
[3.879704]
[3.6231368]
[3.8267906]
[3.8521893]
[4.0587296]
[3.5472648]
[4.087501]
[3.9048033]
[3.7257624]
[3.6811373]
[3.624312]
[3.678559]
[3.767034]
[3.9531043]
[3.8552692]
[4.1646614]
[3.939851]
[4.0655065]
[4.301065]
[3.6591601]
[4.104409]
[3.666441]
[3.9838445]
[3.970682]
[3.6100967]
[4.1226726]
[4.0078382]
[3.7330394]
[3.749082]
[3.9943755]
[4.090337]
[3.9653559]
[3.8173568]
[3.7060866]
[4.254559]
[4.203476]
[3.9521265]
[4.283688]
[3.6750064]
[3.7823071]
[3.8062754]
[3.847549]
[4.0446525]
[3.6829422]
[4.095022]
[3.8485367]
[3.8473907]
[4.245803]
[3.9155188]
[3.7107027]
[3.9622245]
[3.726472]
[3.9557953]
[4.0057015]
[3.95593]
[3.6485345]
[4.0391936]
[4.1484942]
[3.7964222]
[3.8358598]
[4.239648]
[3.637332]
[4.15553]
[4.1173935]
[3.951271]
[3.8966367]
[3.7181432]
[3.786018]
[3.6671455]
[4.4364676]
[4.0448227]
[3.8771343]
[3.6587265]
[3.6626964]
[3.690375]
[3.8816128]
[4.0961185]
[3.682264]
[4.0372953]
[3.8436873]
[3.8451486]
[3.7259033]
[3.6118367]
[3.9164875]
[4.1597204]
[3.945456]
[4.1226616]
[3.82509]
[4.069808]
[3.9373357]
[4.166109]
[3.8861494]
[3.7249875]
[3.5573597]
[3.6306565]
[3.8626297]
[4.21485]
[4.2627287]
[3.6637025]
[4.030891]
[3.7821379]
[4.1413155]
[3.873252]
[3.996061]
[3.7269354]
[3.7237914]
[3.95616]
[3.8775294]
[4.008462]
[4.0740685]
[3.68407]
[3.8236222]
[3.6734035]
[3.893223]
[3.8356984]
[4.0329375]
[3.8330088]
[3.7401233]
[3.6607697]
[3.8171227]
[4.16522]
[3.9326584]
[4.228159]
[3.6843567]
[3.9469256]
[3.6025965]
[4.4995613]
[4.236751]
[3.6320338]
[3.7080946]
[3.7609918]
[4.0561457]
[3.9588187]
[3.823114]
[4.137772]
[3.9990337]
[4.137792]
[4.362846]
[3.7847009]
[3.8431015]
[4.010657]
[3.728959]
[3.6287658]
[3.9145727]
[4.3516607]
[3.6987603]
[3.5989106]
[3.6476846]
[3.7984009]
[3.6202216]
[3.8095403]
[4.0837193]
[3.7965887]
[4.0361795]
[3.7972476]
[3.8122206]
[3.929923]
[3.9525926]
[4.3048177]
[3.7436547]
[3.813531]
[4.0003133]
[3.65956]
[3.9437196]
[3.632588]
[4.1752567]
[3.7861867]
[3.6214163]
[3.705405]
[4.031102]
[3.9656425]
[3.9944508]
[4.1147146]
[4.4421663]
[3.8900757]
[4.0832386]
[3.8352866]
[4.19544]
[3.8091273]
[3.9789388]
[3.6206224]
[3.8524714]
[3.8063984]
[3.8992999]
[3.8955374]
[3.553317]
[3.770971]
[3.7752566]
[3.9410572]
[3.814486]
[3.3931832]
[3.85264]
[3.8005354]
[4.031776]
[4.132539]
[4.0261736]
[3.6947134]
[3.8354897]
[3.9257665]
[3.9407866]
[3.8627687]
[4.1892157]
[3.7132952]
[3.644342]
[4.057485]
[3.8235722]
[4.2101293]
[3.6372895]
[3.911433]
[3.6468601]
[3.3822746]
[4.0889416]
[4.009346]
[3.9014952]
[3.7251272]
[3.8694854]
[3.6740959]
[3.69265]
[3.7892354]
[3.746244]
[3.922473]
[3.5050645]
[3.8881512]
[4.22604]
[3.8971055]
[3.760908]
[3.801078]
[4.346362]
[3.8511443]
[4.032884]
[4.0138474]
[4.259139]
[3.5661316]
[3.9961505]
[3.995261]
[3.6894352]
[4.064718]
[3.8624878]
[3.8034406]
[3.8270395]
[3.882429]
[3.8996527]
[3.818257]
[3.7474346]
[4.124535]
[4.2888575]
[4.131398]
[3.6552098]
[4.1889563]
[3.7832043]
[4.0310545]
[4.360142]
[4.002911]
[3.8045478]
[3.6776016]
[4.0278616]
[3.7984939]
[3.9499578]
[3.8923707]
[4.2273707]
[3.8230913]
[3.9050558]
[3.7967958]
[3.8511963]
[3.7357564]
[3.7884436]
[3.8751857]
[3.5664632]
[4.2605934]
[3.8503237]
[4.0792837]
[3.835872]
[3.9856524]
[3.637888]
[3.7133837]
[3.6330419]
[3.9527705]
[4.00986]
[3.7490396]
[3.9846404]
[3.8248267]
[4.268784]
[4.138874]
[3.6165202]
[4.076986]
[3.8686743]
[3.9881825]
[3.922728]
[4.2072787]
[3.6654892]
[3.7717268]
[4.0423098]
[3.95065]
[3.6751537]
[3.829417]
[3.939952]
[4.417402]
[3.797019]
[3.7215765]
[3.7788303]
[4.026474]
[3.6942763]
[4.3542786]
[3.7728925]
[3.730109]
[3.5600402]
[3.823755]
[4.0422297]
[3.7241833]
[3.8543327]
[3.7206724]
[3.7614176]
[3.9852636]
[3.9503253]
[4.2225184]
[3.7651672]
[3.552514]
[3.6382246]
[3.7133367]
[3.759633]
[3.8663614]
[4.1228147]
[3.7960968]
[3.6775286]
[4.297134]
[3.9017665]
[3.848798]
[4.46598]
[4.1432514]
[4.0179667]
[4.099489]
[3.8108273]
[4.1872435]
[3.727674]
[3.94419]
[3.816275]
[3.814138]
[3.707413]
[3.9794466]
[3.745941]
[3.7161236]
[3.6687405]
[4.2724943]
[3.9284136]
[3.805102]
[3.7193859]
[3.5943298]
[4.245445]
[3.9820552]
[3.7160592]
[4.2108088]
[4.2282076]
[3.9335263]
[4.122363]
[3.7430248]
[3.8920686]
[3.636982]
[3.6946146]
[4.0818443]
[3.6569853]
[4.0503526]
[3.982839]
[3.982221]
[3.6468623]
[3.7852693]
[3.6965692]
[3.840701]
[4.0122814]
[3.689298]
[3.816111]
[3.6612635]
[4.1687226]
[4.125992]
[4.0043693]
[3.9918034]
[3.956099]
[3.9160643]
[3.9050107]
[3.836289]
[3.6256254]
[3.7090735]
[3.5310843]
[3.7506857]
[4.017384]
[3.980204]
[4.2621746]
[4.0946393]
[3.861661]
[3.827432]
[3.6483903]
[3.8420792]
[4.0786614]
[4.216803]
[3.858856]
[3.6165943]
[3.7519417]
[3.749694]
[4.347905]
[4.0673842]
[3.8864684]
[3.7862148]
[3.6172726]
[4.1256375]
[3.8573132]
[3.711341]
[3.678671]
[4.015981]
[3.8913522]
[3.8819818]
[3.8514485]
[3.811367]
[3.673296]
[4.1798563]
[3.7495997]
[3.9226937]
[4.175291]
[3.7030342]
[3.8079553]
[4.0892777]
[3.8372293]
[3.9345481]
[3.8062112]
[3.9014115]
[3.955752]
[4.0505695]
[3.8260345]
[4.2553306]
[4.079951]
[3.8667397]
[3.9540577]
[3.8512893]
[3.8553565]
[3.9531388]
[3.9248228]
[4.246247]
[3.6491942]
[3.6499133]
[3.6837344]
[3.8700716]
[4.082186]
[3.3667736]
[3.8834682]
[3.9746368]
[4.089086]
[4.130611]
[4.259844]
[4.441737]
[3.7879398]
[4.0978074]
[3.9236774]
[3.9736493]
[4.150354]
[4.0885296]
[3.8233137]
[3.6330519]
[3.8784115]
[3.8384037]
[3.697877]
[3.7152534]
[3.678802]
[3.8421497]
[3.9621418]
[3.7776866]
[4.2607594]
[4.098079]
[3.830564]
[3.796763]
[4.052578]
[3.9171314]
[3.6252787]
[3.6269035]
[4.1726375]
[4.053015]
[3.9522722]
[3.776172]
[3.9856362]
[3.6455774]
[3.9323153]
[3.6968606]
[3.9155703]
[3.840141]
[3.7699823]
[3.9131694]
[3.7957935]
[4.135205]
[3.3578923]
[4.0790095]
[3.8082275]
[3.7637272]
[3.8346996]
[3.7425196]
[4.274749]
[3.609091]
[3.914762]
[3.8842068]
[3.7796845]
[4.0201106]
[4.2733145]
[3.4870636]
[4.073903]
[3.7270763]
[3.7785833]
[3.7358978]
[3.6814091]
[3.9393187]
[4.071503]
[4.114285]
[3.8918405]
[3.6227999]
[4.0052295]
[3.7682645]
[3.6215158]
[3.8715413]
[3.882811]
[4.082919]
[3.6918411]
[4.1267157]
[3.8785636]
[3.9742966]
[3.8213038]
[3.6128294]
[3.7951229]
[4.170685]
[3.9650824]
[4.2250247]
[3.7685866]
[4.016852]
[3.7540314]
[3.814185]
[4.0481415]
[3.8662758]
[4.063335]
[3.704939]
[3.3497064]
[3.8892932]
[4.1250725]
[4.001105]
[4.1549873]
[4.058667]
[4.0941925]
[3.9701993]
[3.7461624]
[3.6607072]
[4.450087]
[3.7732754]
[4.290695]
[3.7828918]
[4.1991105]
[3.7092357]
[3.8006191]
[3.7417586]
[3.6140165]
[3.674915]
[3.7386138]
[3.6051242]
[3.7261615]
[3.7322292]
[4.0206995]
[3.9186087]
[4.314117]
[4.078513]
[4.088689]
[3.763349]
[4.0701237]
[3.8090014]
[3.790104]
[3.8702261]
[3.8285306]
[3.9254277]
[3.7374632]
[4.042604]
[4.0414605]
[3.6953926]
[3.955935]
[3.6216304]
[3.8543448]
[4.327073]
[3.6845627]
[3.6073549]
[3.9845552]
[3.8777928]
[3.8111024]
[3.763855]
[3.9900749]
[3.975571]
[4.103791]
[4.1231265]
[3.7066116]
[3.9510372]
[3.936819]
[3.6596956]
[3.820853]
[4.0223384]
[4.032219]
[4.070052]
[3.8144252]
[4.2773013]
[4.0442004]
[3.8889437]
[3.9552593]
[3.8319576]
[3.6836386]
[3.6866894]
[3.7542367]
[3.6760464]
[4.0922318]
[3.9100177]
[3.7513266]
[3.9056387]
[3.733567]
[3.867524]
[3.5653343]
[3.7558851]
[3.9540179]
[3.8190289]
[3.643836]
[3.821193]
[3.932387]
[3.87594]
[3.7321572]
[3.8736477]
[3.8592966]
[3.7615743]
[3.7843618]
[3.697023]
[3.836453]
[3.7266614]
[3.8015566]
[3.6887531]
[3.7773504]
[4.3108563]
[3.6010637]
[4.0774503]
[3.876371]
[3.9256186]
[3.7218177]
[3.8776371]
[3.8809378]
[4.0911436]
[3.5464885]
[3.7540364]
[3.635825]
[4.014291]
[3.8149722]
[4.393181]
[3.8043118]
[4.0784025]
[3.9182236]
[4.0602694]
[3.718176]
[3.9417782]
[4.131144]
[3.9852276]
[3.8451653]
[3.989302]
[3.989916]
[3.7903047]
[3.887472]
[3.6248853]
[3.7205472]
[3.774706]
[3.949427]
[4.0291677]
[3.6005015]
[3.8785343]
[3.6152112]
[3.750103]
[3.9272642]
[4.0711064]
[3.879347]
[3.7383351]
[3.697831]
[3.8337483]
[4.1754255]
[3.910146]
[3.9929214]
[3.6893299]
[4.068064]
[3.7866216]
[3.8284073]
[3.6898174]
[3.7200975]
[3.914986]
[3.8811822]
[3.6683383]
[3.5898635]
[3.8200486]
[3.953253]
[3.9695895]
[4.1514964]
[3.7694602]
[3.957187]
[4.0507674]
[4.1461935]
[3.988915]
[3.991993]
[3.653327]
[3.8432565]
[4.0484676]
[3.6495724]
[3.9430408]
[3.8064127]
[4.077074]
[3.8836129]
[3.838993]
[4.1096506]
[4.4001455]
[4.0702963]
[3.4974172]
[3.6497664]
[4.053305]
[3.8723855]
[4.13837]
[3.8140974]
[4.1389775]
[3.6901155]
[4.0330186]
[3.934254]
[3.669152]
[4.2087975]
[4.43256]
[3.7618854]
[3.9337194]
[4.1184936]
[4.039129]
[3.6566777]
[3.7105112]
[4.274351]
[3.6424627]
[3.7293057]
[4.42341]
[3.8444338]
[3.9461508]
[3.7428234]
[4.1626644]
[3.6558163]
[3.8446875]
[4.1701694]
[4.1779184]
[3.6794317]
[3.894254]
[3.8350568]
[3.756424]
[4.0859294]
[3.7658274]
[3.67103]
[3.8304036]
[3.9258857]
[3.8254437]
[3.953679]
[3.8466628]
[3.7315638]
[4.048263]
[3.980691]
[3.5098262]
[3.785034]
[4.258496]
[3.8240557]
[3.9802477]
[4.1002207]
[3.9361115]
[3.867807]
[3.6759193]
[3.8928456]
[3.7430525]
[3.6816907]
[4.069336]
[3.810005]
[4.094892]
[3.783338]
[3.7459219]
[4.0723515]
[3.8154273]
[3.8608472]
[3.8578417]
[3.6746888]
[3.7450597]
[3.7799258]
[3.976604]
[3.5943599]
[3.6929548]
[3.6015637]
[3.7370281]
[3.8415313]
[3.5926142]
[3.813621]
[3.503136]
[4.040757]
[3.660411]
[3.7709718]
[3.9109445]
[3.8423202]
[3.8149984]
[3.6641393]
[4.0139284]
[4.0152655]
[3.8299632]
[3.8390281]
[3.8852203]
[3.7986326]
[3.6811645]
[3.5868838]
[4.055221]
[3.8854349]
[3.5148935]
[3.6019359]
[3.9730036]
[4.041476]
[3.6556435]
[4.0023026]
[4.1977706]
[3.956318]
[4.3230386]
[4.0038342]
[3.606672]
[3.9970157]
[3.9596064]
[3.951843]
[4.0145307]
[3.640267]
[3.7579195]
[3.919662]
[4.1890526]
[4.130775]
[3.7229426]
[3.61496]
[3.6759613]
[3.8749475]
[3.6031332]
[3.9315727]
[3.865516]
[4.14879]
[4.094747]
[4.0858207]
[4.1113315]
[4.233324]
[3.6691542]
[3.8430133]
[4.2109923]
[3.7865512]
[3.8805857]
[3.728315]
[3.8664095]
[4.009517]
[3.8035538]
[3.709825]
[3.891611]
[3.6871712]
[3.730091]
[4.2270303]
[4.044096]
[4.0876083]
[3.8187046]
[4.0839257]
[3.7095659]
[3.7894268]
[3.7127666]
[3.8382883]
[3.746226]
[4.1135945]
[3.764615]
[4.148833]
[3.9806738]
[3.989817]
[3.6731763]
[3.5911124]
[3.7009923]
[3.9767628]
[3.8498433]
[3.68091]
[3.7902448]
[3.7882698]
[3.603228]
[4.3338804]
[4.1663084]
[4.0171638]
[3.6588824]
[3.8102012]
[3.5656326]
[4.1115456]
[3.7299197]
[4.063056]
[3.5911458]
[3.5744195]
[3.7195156]
[3.7504208]
[3.583846]
[4.043787]
[3.96456]
[3.6334188]
[3.5833905]
[3.7540703]
[3.9651284]
[3.6479402]
[3.5910954]
[4.021989]
[4.2735257]
[3.7197754]
[3.9458652]
[4.156686]
[4.195624]
[3.8508143]
[3.9615235]
[3.8478694]
[3.728044]
[4.430684]
[4.0228424]
[3.6588202]
[3.650331]
[4.2035065]
[3.7559748]
[3.8481927]
[3.9484982]
[3.765416]
[3.790747]
[4.2185893]
[4.259858]
[3.6581972]
[3.7064693]
[3.7399192]
[3.7177448]
[4.2123165]
[3.8685791]
[4.0655217]
[4.0557885]
[3.909442]
[3.5530288]
[3.7975755]
[3.7755084]
[3.8857708]
[3.70398]
[3.7084355]
[3.8238454]
[3.8615918]
[4.2018256]
[3.360411]
[4.0153193]
[3.947022]
[3.5778255]
[4.1399775]
[3.7664976]
[3.7833688]
[3.906528]
[3.8016071]
[4.115751]
[3.8306465]
[3.786076]
[3.9643786]
[3.8992515]
[3.6003897]
[3.9979615]
[3.8532891]
[3.7819052]
[3.4919565]
[3.9827995]
[4.0237036]
[3.7511587]
[4.0783496]
[4.3269057]
[4.016891]
[4.2094355]
[3.9614117]
[3.8732603]
[3.772889]
[3.7896655]
[3.7391422]
[3.6634]
[3.5646362]
[4.3981366]
[4.1042614]
[3.9458077]
[4.0779033]
[3.7829995]
[3.7834263]
[3.7914596]
[4.2105284]
[3.9064262]
[3.7702403]
[3.9093134]
[4.0939713]
[3.905695]
[3.621756]
[3.9018605]
[3.8226123]
[3.652519]
[3.742509]
[3.761666]
[3.8063862]
[3.8019595]
[3.962635]
[3.7084925]
[3.8394315]
[3.821077]
[4.047835]
[3.5978525]
[3.667425]
[3.7399476]
[4.1622744]
[4.0049667]
[3.9213114]
[4.176191]
[3.8146584]
[3.8954268]
[3.6723378]
[4.2103896]
[3.6224604]
[3.9985561]
[3.5423813]
[3.8321643]
[3.9453106]
[4.27592]
[3.6678245]
[3.8549962]
[3.7052274]
[4.3599405]
[3.5761142]
[3.9294422]
[3.7068021]
[4.3251505]
[3.7589679]
[3.7958465]
[3.6414657]
[3.6576219]
[3.7005882]
[3.894016]
[3.8336473]
[3.8914459]
[3.8771882]
[3.7017665]
[3.8155463]
[3.5885935]
[4.27601]
[3.7526965]
[3.932714]
[3.7793016]
[3.7218795]
[3.6883721]
[4.236761]
[3.8625038]
[4.1156063]
[3.8458483]
[3.9741974]
[3.593923]
[3.7678754]
[3.919917]
[3.9654927]
[3.910438]
[3.6589656]
[3.9531364]
[3.9097693]
[3.6837354]
[4.4467096]
[3.4927826]
[3.906513]
[3.7751958]
[3.742823]
[4.309621]
[3.7579794]
[4.229412]
[3.75198]
[4.27047]
[3.82813]
[3.7753313]
[3.7613678]
[3.7874293]
[4.0568094]
[3.6622472]
[3.7411098]
[3.823558]
[3.7601151]
[4.1952157]
[3.721223]
[3.9130533]
[3.9303539]
[3.9458287]
[3.7427557]
[3.84616]
[3.971789]
[3.679613]
[4.427708]
[3.626124]
[4.2114973]
[3.5839348]
[3.6759946]
[3.739891]
[3.8791378]
[4.0983343]
[4.1174283]
[3.8311436]
[3.7336946]
[3.9999788]
[3.7648504]
[3.654562]
[3.9440722]
[3.9311929]
[4.3288956]
[4.0421276]
[3.7319944]
[4.090493]
[3.9000683]
[3.7720387]
[4.2211666]
[3.811547]
[3.671474]
[3.8416648]
[4.0828314]
[3.8212464]
[3.8322113]
[3.750195]
[4.150993]
[3.930623]
[3.8484201]
[3.8556762]
[3.694325]
[3.7542565]
[3.7550433]
[3.940544]
[3.7002697]
[3.888131]
[3.814829]
[3.7797656]
[4.093578]
[3.9207582]
[4.3095217]
[4.0587177]
[3.9001129]
[3.8381565]
[3.9574451]
[4.0011997]
[3.6158018]
[3.9201896]
[3.6692903]
[3.922075]
[3.906169]
[3.7708259]
[3.9143603]
[3.886226]
[4.0040245]
[4.0864224]
[3.953563]
[3.7004051]
[3.8687088]
[3.7219763]
[3.8541152]
[3.7946124]
[3.9738631]
[4.368343]
[3.888538]
[3.6517239]
[3.9874806]
[3.5033221]
[3.7529445]
[4.051737]
[4.196696]
[3.7331357]
[3.9866467]
[4.3011346]
[4.1454124]
[3.8384128]
[3.8821552]
[3.841063]
[3.6502938]
[4.3220897]
[3.9664705]
[3.701384]
[3.8964465]
[3.8424945]
[3.8381026]
[3.833993]
[4.01113]
[4.1791954]
[4.1940055]
[3.8152578]
[3.6595943]
[4.184059]
[3.770556]
[3.7289581]
[3.8379133]
[3.9247177]
[3.5838847]
[4.2797723]
[3.9267762]
[3.6096466]
[3.948239]
[3.9149964]
[3.876385]
[3.8476696]
[4.013122]
[3.7265782]
[4.190049]
[3.8979633]
[3.7186947]
[3.6356204]
[3.7756019]
[4.052673]
[3.8553953]
[4.044884]
[3.8171153]
[4.4092827]
[4.1738377]
[4.049106]
[3.7528603]
[3.7366426]
[3.905266]
[4.1005526]
[4.1091266]
[4.003565]
[3.820394]
[4.3935175]
[3.837744]
[4.106135]
[3.9065576]
[4.263448]
[4.0544806]
[3.9197006]
[3.7462206]
[3.7674284]
[4.1090856]
[3.8160634]
[3.6303222]
[3.503349]
[4.333832]
[3.8214152]
[4.1337447]
[3.9379482]
[4.0718074]
[3.84502]
[3.7930756]
[3.884679]
[3.874046]
[3.7092278]
[4.089584]
[3.869771]
[3.8119228]
[4.028153]
[3.9476144]
[4.0901647]
[4.3142333]
[3.790669]
[3.7644043]
[4.0053067]
[4.093927]
[4.090436]
[4.2293754]
[3.8086023]
[3.7509704]
[4.3733387]
[3.7041655]
[4.274494]
[3.57264]
[4.171686]
[3.9126678]
[4.0864635]
[3.6303422]
[4.347207]
[4.330137]
[4.1793714]
[3.8341722]
[3.3541324]
[4.100967]
[4.057202]
[3.6539536]
[3.8863757]
[3.8089154]
[3.8810482]
[4.161709]
[3.7713356]
[3.9607801]
[3.9135218]
[4.0914626]
[3.8940847]
[3.677556]
[3.997707]
[3.6769881]
[4.17261]
[4.052646]
[3.90535]
[4.2683573]
[3.8431876]
[4.516077]
[4.0861325]
[4.2668853]
[3.6882339]
[4.1052666]
[4.058707]
[3.9330719]
[3.8235385]
[3.7132745]
[3.7348826]
[3.82846]
[3.8609328]
[3.733539]
[4.1755867]
[3.8830802]
[3.8741522]
[3.7652237]
[3.7959604]
[4.3613057]
[4.0254993]
[3.8247323]
[3.7187603]
[3.6666932]
[3.9839125]
[3.823819]
[3.8624883]
[4.1137524]
[3.7643397]
[3.6439495]
[3.9658935]
[3.9754918]
[3.856752]
[3.7448537]
[4.1391187]
[3.7367606]
[3.7046561]
[3.3498297]
[4.0182095]
[3.6838028]
[3.7877834]
[3.9107845]
[3.9643576]
[3.7359385]
[4.0474834]
[3.7362564]
[4.355295]
[3.8065922]
[3.7455463]
[3.975101]
[4.007636]
[3.710461]
[3.7606027]
[3.5911374]
[3.7108262]
[3.7965949]
[3.7275298]
[3.9391494]
[4.128777]
[4.1390734]
[3.8440194]
[4.3001165]
[3.879902]
[4.0477686]
[3.483314]
[4.196318]
[3.944824]
[4.3071523]
[3.9291267]
[3.5854683]
[3.7103527]
[3.6959167]
[4.3087215]
[4.014494]
[4.1145673]
[3.8719752]
[3.7183022]
[4.015851]
[3.7803395]
[3.8306262]
[3.8300207]
[3.709525]
[3.9320233]
[3.9340186]
[3.849583]
[4.0108905]
[3.9093292]
[3.90731]
[3.7487714]
[3.6349192]
[3.81529]
[4.000858]
[3.817687]
[4.099844]
[3.9882686]
[4.3852906]
[3.7588573]
[3.7034311]
[3.664652]
[4.06743]
[4.036753]
[3.6884642]
[3.762432]
[4.0513487]
[3.8959203]
[4.05976]
[3.8378325]
[3.8796678]
[3.623199]
[3.7734735]
[4.025711]
[3.8596377]
[3.7023277]
[3.711799]
[4.024205]
[3.7817457]
[4.177552]
[3.8075216]
[4.0280943]
[3.6320884]
[3.8328977]
[3.672005]
[4.159194]
[3.599696]
[3.7796326]
[4.2947683]
[3.9121017]
[3.6235366]
[4.331619]
[3.8640013]
[3.7324243]
[3.5388467]
[4.0036225]
[4.071791]
[4.1082206]
[3.7781324]
[4.2703257]
[4.135682]
[4.1187696]
[3.95883]
[4.0998383]
[3.99273]
[3.8376024]
[4.269082]
[3.7609477]
[3.68263]
[4.1005907]
[4.0664887]
[3.7609334]
[4.4262934]
[3.7517824]
[3.6559563]
[3.867]
[3.7549663]
[4.0494375]
[3.965256]
[3.952227]
[3.868525]
[3.7603002]
[3.928601]
[3.764884]
[3.7829175]
[3.8709989]
[3.9425619]
[3.8161643]
[3.9986408]
[4.062224]
[3.8190372]
[3.9649124]
[4.2612824]
[3.6074107]
[3.6998074]
[4.079329]
[3.6984339]
[3.8899078]
[3.6217816]
[3.6020577]
[3.6073356]
[4.2930775]
[3.8194606]
[4.0362825]
[3.906087]
[3.9455037]
[3.7270389]
[3.9591825]
[3.9114773]
[4.071213]
[3.8262043]
[3.9330206]
[4.2728276]
[3.8917131]
[3.783386]
[3.786824]
[3.9804688]
[4.1513805]
[4.0428224]
[3.754933]
[3.8680792]
[3.787859]
[3.7802901]
[3.6916425]
[4.320285]
[4.05739]
[4.020322]
[3.9947283]
[3.8918471]
[4.16035]
[3.7715302]
[3.8807912]
[3.5820413]
[4.1235237]
[3.8210876]
[3.6714776]
[3.8421896]
[3.7221284]
[4.07818]
[3.8910115]
[3.8307838]
[3.6507235]
[3.596491]
[3.5896072]
[4.337091]
[3.834395]
[3.9013753]
[3.9861724]
[4.1012845]
[3.9520073]
[3.784492]
[3.6091604]
[3.967194]
[4.265279]
[3.8665261]
[3.610588]
[3.8031456]
[3.7521057]
[4.0921144]
[4.1132126]
[3.7565165]
[3.9800267]
[3.9147394]
[4.279146]
[3.680738]
[3.8493009]
[3.7107334]
[4.029647]
[4.1483345]
[3.831349]
[4.1023316]
[3.7386606]
[4.1060596]
[3.907012]
[4.186778]
[3.8374596]
[3.7156851]
[4.13228]
[3.738447]
[3.6391852]
[3.9923627]
[3.8221343]
[4.072095]
[3.7110884]
[4.0710063]
[3.7200093]
[3.844972]
[4.054164]
[4.2481]
[3.645601]
[3.937059]
[3.841978]
[3.8133385]
[3.7333016]
[3.8111696]
[4.296609]
[3.6249325]
[3.6686347]
[4.0753756]
[3.7407095]
[4.166077]
[4.1179013]
[3.723581]
[3.7935016]
[3.6739953]
[3.7923985]
[3.8463414]
[3.4852552]
[3.8005166]
[3.8343184]
[3.9123654]
[4.1133804]
[3.9618583]
[4.0981727]
[3.7802606]
[3.7130861]
[3.8830907]
[3.794798]
[3.9473004]
[4.0301785]
[4.218215]
[3.6824622]
[3.7300553]
[3.6398983]
[3.6570442]
[3.7213788]
[4.0142927]
[3.9630306]
[4.015199]
[3.5981302]
[3.4839115]
[3.8132484]
[4.07516]
[3.6459346]
[4.0122924]
[3.8234751]
[3.94711]
[4.035402]
[3.746617]
[4.2779026]
[3.6792789]
[3.8900027]
[4.0375986]
[4.069536]
[3.8334801]
[3.8441935]
[3.71293]
[3.7031803]
[4.245367]
[3.7755046]
[3.9051828]
[4.135061]
[4.2964177]
[3.740577]
[4.213632]
[3.7755687]
[3.9823997]
[4.2519054]
[4.251557]
[3.6430032]
[3.6304638]
[3.744632]
[4.3113136]
[3.7497165]
[3.7606454]
[4.2370667]
[3.9035192]
[3.8196483]
[4.1218596]
[3.620946]
[4.026354]
[3.9333684]
[3.7241344]
[4.244414]
[4.2272553]
[3.6610897]
[3.9828649]
[3.882515]
[3.7808344]
[3.755237]
[4.009506]
[4.1917834]
[3.807829]
[3.692]
[3.739749]
[4.2251587]
[3.8423474]
[3.6665404]
[3.8986194]
[4.0420136]
[4.099221]
[3.8270767]
[3.5947978]
[3.6149673]
[3.6957512]
[4.0519714]
[3.7734928]
[3.7155724]
[3.839175]
[4.073452]
[3.9819882]
[3.9055998]
[3.9255466]
[4.2901535]
[3.8094873]
[3.9994824]
[4.276616]
[3.666901]
[3.7293043]
[4.072182]
[4.0184817]
[4.065353]
[3.9699516]
[3.8362155]
[4.077604]
[3.5418866]
[4.0993543]
[3.6448386]
[4.1198545]
[3.816556]
[4.132723]
[3.6155524]
[3.9511433]
[3.6338513]
[3.7492747]
[3.91602]
[3.8934715]
[3.69551]
[4.0337315]
[3.97268]
[4.1485443]
[4.1161027]
[3.8342407]
[3.6649354]
[3.9593258]
[4.25107]
[3.7817588]
[3.9517727]
[3.9683032]
[4.039392]
[3.7523713]
[3.9191551]
[4.1881757]
[4.2373996]
[3.8756108]
[3.9823256]
[3.8091984]
[3.8439043]
[3.940608]
[3.770268]
[3.9514296]
[3.8865225]
[3.5715108]
[3.6411316]
[4.14089]
[3.8549404]
[3.7714965]
[3.8553705]
[3.5606546]
[3.9330306]
[3.7761183]
[4.052256]
[3.7481039]
[3.8577192]
[3.7803996]
[3.9609413]
[3.4948626]
[3.706862]
[4.1136227]
[3.70708]
[3.8605208]
[4.2702036]
[3.766643]
[4.07468]
[3.8581939]
[4.0188446]
[3.6690173]
[4.211145]
[4.0005713]
[4.056005]
[4.108622]
[4.2928777]
[4.0748167]
[3.774764]
[3.913765]
[3.7211459]
[3.7402313]
[3.6770306]
[3.9931424]
[3.7081397]
[4.053437]
[3.855001]
[3.8789015]
[3.692663]
[4.1252213]
[3.7990382]
[4.03138]
[3.893338]
[4.107392]
[3.8528423]
[4.165513]
[3.6486695]
[3.8476412]
[4.0136256]
[4.035749]
[4.1796455]
[3.7055724]
[3.9687502]
[3.687399]
[3.6091554]
[3.5942695]
[3.7747686]
[3.6575398]
[4.0742793]
[3.8391657]
[3.463132]
[3.9356694]
[3.6406558]
[3.7516716]
[3.8870544]
[3.655126]
[4.165425]
[4.07032]
[4.0422907]
[3.7513509]
[4.0505123]
[3.8732383]
[3.8841872]
[4.1801767]
[3.6931949]
[3.7143316]
[3.5976083]
[3.7564757]
[4.069863]
[4.235032]
[4.146968]
[3.854586]
[3.6161149]
[3.7651267]
[3.6079466]
[3.9698918]
[3.9453783]
[3.9030876]
[4.060294]
[3.7991467]
[3.8624644]
[3.8333542]
[3.9024775]
[3.7500205]
[4.2531123]
[3.9061267]
[3.8636765]
[3.8952522]
[3.8537035]
[4.1130896]
[3.8233855]
[4.1578994]
[4.1301713]
[3.8099277]
[3.8421936]
[3.59323]
[3.8549361]
[4.062498]
[3.5859227]
[4.028596]
[4.178414]
[3.9592867]
[3.7274787]
[3.659194]
[3.8944662]
[4.01487]
[4.0197926]
[3.7385159]
[3.9215076]
[3.647442]
[3.7705343]
[4.0115485]
[3.842576]
[3.8418303]
[3.694731]
[3.6300194]
[3.6176417]
[4.033505]
[3.9077923]
[4.023753]
[4.022139]
[3.8304465]
[3.9256468]
[3.753801]
[4.2088957]
[3.808023]
[4.200332]
[4.022487]
[3.9805963]
[3.8175406]
[3.6091883]
[3.6177516]
[3.913565]
[3.7300515]
[3.7670708]
[4.2814603]
[3.7632802]
[3.9002018]
[3.5581522]
[4.011637]
[4.2026234]
[4.057066]
[3.7080786]
[3.676888]
[4.055262]
[4.030655]
[4.1052217]
[3.9039288]
[4.1017504]
[4.2257147]
[3.6271312]
[3.801754]
[3.6129322]
[4.0974965]
[3.88763]
[3.7149463]
[3.6924357]
[3.7824326]
[3.579511]
[3.6397555]
[4.0481634]
[3.5736814]
[4.148607]
[4.0182896]
[4.015497]
[3.8170464]
[3.5583797]
[3.6560903]
[3.9684498]
[3.9046743]
[4.1649036]
[3.865212]
[3.6860933]
[3.6101713]
[3.951325]
[3.9549043]
[3.8674412]
[3.925409]
[3.4885008]
[3.8887594]
[4.0716114]
[3.8167477]
[4.2922935]
[4.037348]
[4.2968974]
[4.0910273]
[3.751513]
[3.7846236]
[3.57793]
[3.9428148]
[3.5068786]
[3.856334]
[3.7693367]
[3.719894]
[3.9130063]
[3.5263336]
[4.0462737]
[4.1389437]
[3.9493237]
[4.0672026]
[3.960383]
[3.6350954]
[4.251667]
[3.8835447]
[4.147176]
[3.7328105]
[3.9812062]
[4.054312]
[4.046058]
[4.1411357]
[3.7141938]
[3.7433133]
[4.4087987]
[3.7096126]
[3.8781142]
[4.281378]
[3.6987896]
[3.8360853]
[4.45459]
[3.9511075]
[3.9318454]
[4.3217545]
[3.8607378]
[4.0676303]
[3.8030093]
[3.7354488]
[3.9300613]
[3.8564153]
[4.3253107]
[4.0004377]
[3.9561832]
[3.8998013]
[4.186064]
[4.0606184]
[3.9363513]
[3.748762]
[3.9242063]
[4.1150203]
[3.8109212]
[3.6722221]
[4.1685586]
[4.1055384]
[3.7759814]
[4.1020436]
[4.090146]
[4.1288104]
[4.271011]
[3.776639]
[3.6022882]
[3.8616664]
[3.6968434]
[3.8449585]
[4.222296]
[3.7644827]
[3.4776192]
[3.8675106]
[3.6860363]
[3.788422]
[3.9249978]
[4.148955]
[3.6232972]
[3.8531446]
[3.8080454]
[4.246261]
[3.9830332]
[3.8262262]
[3.8920383]
[4.027017]
[3.7804308]
[3.594161]
[4.163133]
[3.8107195]
[3.8952816]
[4.1326227]
[3.7985518]
[3.7532563]
[3.7827742]
[3.841208]
[4.0101886]
[4.1557913]
[3.7187736]
[3.9634426]
[4.343849]
[3.885809]
[3.548108]
[3.9254131]
[3.7323925]
[3.819835]
[3.7629662]
[3.6681774]
[3.7892568]
[4.0555573]
[3.9605176]
[4.1072674]
[3.7613118]
[3.6223273]
[4.094182]
[4.037903]
[3.7691038]
[3.7590644]
[3.704473]
[3.7509782]
[3.7818458]
[4.161732]
[3.8343894]
[3.9906347]
[4.4035735]
[3.760406]
[3.835646]
[3.7016664]
[3.982919]
[3.814977]
[4.142356]
[3.8951526]
[3.794687]
[3.9139771]
[3.8790655]
[3.6725152]
[3.7634761]
[3.853151]
[4.043981]
[3.7572954]
[3.8822386]
[3.6540666]
[3.755991]
[3.9259365]
[3.7400496]
[3.6513138]
[3.9535708]
[4.1969337]
[3.8941631]
[4.0293803]
[3.9398541]
[3.859652]
[4.015375]
[3.9241245]
[3.8492486]
[3.7120352]
[3.8445442]
[3.7259955]
[3.5627713]
[3.977327]
[3.718906]
[3.8417394]
[4.196653]
[3.8834126]
[3.7258737]
[3.7806857]
[4.027781]
[3.8957305]
[4.0379252]
[3.9614382]
[3.6917872]
[3.8559012]
[3.742654]
[3.849646]
[3.789286]
[4.117173]
[3.7239792]
[3.8209553]
[3.7537801]
[3.8004684]
[4.117298]
[3.791031]
[3.6645207]
[3.8523188]
[4.2110944]
[3.6634972]
[4.2348375]
[3.7063537]
[3.7394469]
[3.990813]
[3.9718454]
[3.600638]
[4.2036695]
[4.1767225]
[3.7405756]
[3.6603975]
[3.9755003]
[4.28397]
[3.6223435]
[3.7784326]
[3.8043935]
[3.8040094]
[3.912411]
[3.8007383]
[3.8073397]
[4.2357364]
[4.136059]
[3.6309385]
[3.9021804]
[3.7104855]
[3.8800724]
[4.23553]
[3.6824865]
[3.9150233]
[3.6906025]
[4.1679626]
[3.8284163]
[3.7110436]
[4.1699047]
[3.912169]
[3.7517443]
[3.7609367]
[4.007467]
[4.0512824]
[3.9702115]
[3.7401977]
[3.7813873]
[4.00236]
[4.198026]
[4.031725]
[4.090079]
[4.0330877]
[4.219353]
[3.7979171]
[3.7702246]
[3.803782]
[3.6119761]
[3.8647227]
[3.5898333]
[3.8498552]
[3.8017898]
[3.9467542]
[3.7920883]
[4.0775504]
[3.9272418]
[4.3077736]
[4.1931405]
[4.4658003]
[3.875441]
[4.161385]
[3.8510044]
[4.100818]
[3.693589]
[4.10258]
[3.6002672]
[3.7967541]
[3.7359793]
[3.815659]
[4.2770767]
[3.6845095]
[4.009159]
[3.9453158]
[3.6746027]
[3.8935091]
[3.8344352]
[3.9870534]
[3.8071642]
[3.868684]
[3.967222]
[4.0131507]
[3.867163]
[4.278848]
[3.870398]
[4.0084357]
[3.8554928]
[4.2208257]
[3.710405]
[3.546904]
[3.8611405]
[4.0253725]
[3.6007433]
[4.2653146]
[3.6057467]
[3.700533]
[3.8608344]
[4.012275]
[3.626803]
[3.8355327]
[4.0552506]
[4.2136474]
[3.9033613]
[3.7365687]
[3.6052845]
[3.767879]
[3.6278534]
[3.9167883]
[4.03414]
[3.8630414]
[3.9437678]
[3.6933467]
[3.7093887]
[4.0909286]
[3.8736806]
[4.0112395]
[4.2828236]
[3.7960882]
[3.6683004]
[4.0117946]
[4.003053]
[3.8534162]
[3.7963293]
[4.1190333]
[4.1104546]
[3.7873178]
[3.849873]
[3.6863716]
[4.0582]
[3.8391154]
[3.6904578]
[3.8509104]
[3.8149786]
[3.9851737]
[3.8863485]
[4.3325977]
[4.455468]
[3.818844]
[3.7899947]
[4.219227]
[3.7876916]
[3.7985091]
[3.637221]
[3.8616612]
[3.8839822]
[4.0907316]
[3.7030587]
[4.317685]
[4.0213675]
[3.878422]
[4.346527]
[3.7844431]
[4.2637234]
[3.6807454]
[4.0404935]
[3.7833436]
[4.2190185]
[3.537542]
[4.023391]
[3.8157325]
[4.051186]
[3.7750046]
[3.6856518]
[4.151965]
[3.7847204]
[3.7748263]
[3.7470531]
[3.3471022]
[3.8464818]
[3.6987123]
[3.770053]
[4.1421914]
[3.6842415]
[4.067958]
[3.886905]
[3.91524]
[3.7023277]
[4.1557755]
[3.6690369]
[3.6026015]
[3.89679]
[3.952267]
[4.117969]
[3.7517629]
[3.5715632]
[4.1018515]
[3.7937632]
[3.816316]
[4.116355]
[3.762711]
[3.992305]
[3.7951255]
[3.6879313]
[3.793707]
[3.8179388]
[3.9731953]
[3.8305933]
[3.7665174]
[3.8806214]
[3.6700447]
[3.7373037]
[3.5497494]
[3.8482118]
[3.9255517]
[3.6750448]
[3.8869615]
[3.870492]
[3.869429]
[3.8394885]
[4.0556626]
[3.8410354]
[3.8987966]
[4.223494]
[3.7781773]
[3.800941]
[4.0532174]
[4.171239]
[3.8799076]
[4.0656695]
[3.7084951]
[4.1680346]
[3.6419585]
[3.8320062]
[3.7465482]
[3.9093323]
[3.6721377]
[4.2381897]
[3.9469383]
[3.9247065]
[3.830019]
[4.165805]
[4.005551]
[3.7923484]
[4.24902]
[3.5681007]
[3.8698452]
[3.8224485]
[4.1578336]
[3.8494492]
[4.214752]
[3.838934]
[3.7929904]
[3.490923]
[4.1679125]
[3.6687434]
[3.6655607]
[3.8778732]
[3.9286675]
[3.7436907]
[3.9729757]
[3.9992912]
[4.1525035]
[3.6787062]
[3.863165]
[4.3078027]
[4.192798]
[4.1167383]
[3.8451421]
[3.6897879]
[3.9091392]
[4.044912]
[3.7452028]
[3.848192]
[3.943779]
[3.879978]
[3.948584]
[3.8881996]
[3.8223777]
[3.9251184]
[4.0442557]
[4.1265736]
[3.8617227]
[3.7534742]
[3.7254643]
[4.253828]
[3.9121583]
[4.027572]
[3.8834772]
[3.862726]
[4.0225883]
[3.906019]
[3.6962092]
[4.0074997]
[4.067758]
[3.6426795]
[3.966323]
[3.6602786]
[4.1484704]
[4.0806837]
[3.9020011]
[3.8921638]
[3.7992933]
[3.9416332]
[3.9552531]
[3.9716914]
[3.860257]
[3.9699647]
[3.7255812]
[3.6237698]
[4.4200478]
[3.6113775]
[4.074757]
[3.7717242]
[3.6945899]
[3.6759472]
[3.7776222]
[3.8431692]
[4.2454705]
[4.054646]
[3.891109]
[4.0620775]
[4.090523]
[4.0710464]
[3.754595]
[3.6899998]
[3.5630517]
[4.161311]
[4.018431]
[4.1990175]
[3.781545]
[3.7559237]
[3.8478029]
[4.065685]
[3.7052598]
[4.104804]
[3.9039311]
[3.7866251]
[3.654536]
[3.9992197]
[4.0089774]
[3.8394773]
[3.7561064]
[3.8043957]
[4.077462]
[3.8159566]
[3.631364]
[3.8956966]
[3.928376]
[3.8248603]
[4.2699094]
[4.234858]
[3.8394284]
[3.996543]
[4.029071]
[3.9820993]
[4.3429303]
[3.7212808]
[3.5789359]
[3.605908]
[3.712222]
[3.8327773]
[3.9362245]
[3.7830021]
[3.740365]
[3.9108648]
[3.844775]
[4.0433383]
[4.068478]
[4.0071697]
[4.1395655]
[3.8061435]
[3.7086372]
[3.9060872]
[3.626055]
[3.7083144]
[3.778038]
[3.7977943]
[4.1081333]
[3.9680083]
[3.7002199]
[3.6717074]
[3.6367414]
[3.6024203]
[3.8698878]
[3.7836125]
[3.8379743]
[3.6150482]
[3.7719722]
[3.553021]
[3.8280241]
[4.3020816]
[3.9301152]
[3.9575055]
[4.015502]
[3.9166846]
[4.2234855]
[3.9706028]
[3.5210445]
[3.4955332]
[3.8212895]
[4.112981]
[3.6951559]
[3.5570316]
[3.8112683]
[3.762265]
[3.907835]
[4.275086]
[4.0115495]
[4.0173564]
[3.8535433]
[4.1985254]
[4.379881]
[4.0825105]
[4.2681613]
[3.9088008]
[3.8232987]
[4.0037136]
[3.9899256]
[3.89081]
[4.0418587]
[3.6482432]
[3.8653479]
[3.769391]
[3.6809642]
[3.8817687]
[4.003976]
[3.9113762]
[3.7919996]
[4.0041265]
[4.0640993]
[3.8753393]
[3.943553]
[3.5027287]
[3.6727507]
[3.7905197]
[3.9754503]
[3.7062678]
[3.892566]
[3.6952362]
[3.6944804]
[4.0703135]
[3.8255134]
[4.053868]
[4.1193743]
[3.869324]
[4.382915]
[3.6881146]
[3.9905293]
[4.021423]
[3.6192186]
[3.8831017]
[3.8244946]
[4.1937394]
[4.099393]
[3.8130846]
[3.7527897]
[3.4949286]
[4.000737]
[3.7840717]
[3.767976]
[3.8235314]
[3.7314048]
[3.7428522]
[3.612814]
[4.1142793]
[3.631459]
[3.880048]
[3.805368]
[3.7515063]
[3.824493]
[3.906081]
[4.0954986]
[4.3581424]
[4.101189]
[3.8113031]
[3.995768]
[3.8828504]
[3.7240007]
[4.2011547]
[3.987793]
[3.9315689]
[3.9988394]
[3.9072585]
[3.6639569]
[3.8507211]
[4.0453815]
[3.9778533]
[3.90569]
[4.2226796]
[4.154094]
[4.2370157]
[4.1168823]
[3.9805217]
[3.8277135]
[3.7409513]
[4.025385]
[3.8143377]
[3.662955]
[4.009796]
[3.9460793]
[3.7324493]
[4.058408]
[4.047403]
[3.8140218]
[3.7758167]
[3.983119]
[4.1576514]
[3.5570517]
[3.7324748]
[3.8188033]
[3.6585457]
[3.8479266]
[4.0305223]
[3.9976137]
[4.163982]
[3.6851575]
[3.677644]
[3.8361685]
[3.7331233]
[3.827419]
[4.075319]
[4.2532234]
[3.8207872]
[3.7102149]
[3.8192484]
[3.8279672]
[4.1338797]
[3.740532]
[4.3403444]
[3.6988623]
[3.8938723]
[3.7096937]
[4.158668]
[4.0902796]
[4.0848436]
[4.331798]
[3.7733092]
[4.0011544]
[4.0730014]
[3.96255]
[4.125157]
[4.0227513]
[4.08478]
[4.009482]
[4.0960608]
[3.7410364]
[4.012258]
[4.111146]
[4.0169554]
[4.106796]
[3.7844665]
[3.9512036]
[3.7830253]
[3.6806746]
[3.7118304]
[3.8722763]
[3.8914785]
[3.738923]
[4.030985]
[3.9957676]
[3.8230517]
[3.6260812]
[3.8450158]
[3.8315983]
[3.9363766]
[4.193132]
[4.023946]
[3.7256165]
[3.6821387]
[3.9267125]
[4.37712]
[3.8689833]
[4.100917]
[3.8793159]
[3.6527133]
[4.01261]
[3.7037172]
[3.699558]
[3.6287622]
[3.896598]
[4.233617]
[3.7751496]
[3.9800775]
[3.7841532]
[3.728952]
[3.862352]
[4.2252383]
[4.1084657]
[3.7056386]
[3.8584168]
[4.1937227]
[4.060788]
[3.8088067]
[3.6952856]
[3.8347664]
[3.8730187]
[4.157346]
[4.01552]
[3.7801974]
[3.6723397]
[3.7958868]
[3.9269862]
[4.105464]
[4.102259]
[4.1156874]
[4.0040374]
[3.6783333]
[3.931524]
[4.1804843]
[3.744983]
[4.202409]
[3.7844348]
[3.812249]
[3.954154]
[3.7967188]
[4.0074787]
[3.7434506]
[3.6319108]
[3.7602274]
[3.6743984]
[3.655064]
[3.8384593]
[3.8131273]
[4.190371]
[3.760732]
[3.772774]
[3.4560456]
[4.079464]
[3.9577832]
[3.5394504]
[4.291638]
[3.8148773]
[3.8355525]
[3.775603]
[3.8470242]
[3.8744977]
[4.136582]
[3.8917546]
[3.7665389]
[4.34143]
[4.1828985]
[3.9548173]
[4.276056]
[3.740717]
[4.057027]
[3.6736326]
[4.1947317]
[3.8072412]
[3.8950698]
[3.9497497]
[3.6717558]
[3.9649904]
[4.3299394]
[3.95136]
[3.7581882]
[3.6057117]
[3.760306]
[3.6163487]
[3.9841738]
[4.3548307]
[4.4281044]
[3.9801688]
[3.8672864]
[3.677305]
[3.8476863]
[4.1052594]
[4.2897573]
[3.8014374]
[3.7404327]
[3.841196]
[3.6468039]
[4.0192385]
[3.7239354]
[4.04502]
[3.979466]
[3.8170533]
[3.7036664]
[3.7645802]
[4.0364037]
[3.787025]
[3.82269]
[4.1692004]
[3.9723256]
[4.370302]
[4.235668]
[4.144303]
[3.9177842]
[3.9197156]
[3.9996443]
[3.8165023]
[3.7869284]
[3.6444426]
[3.5465899]
[3.8729212]
[3.8443172]
[4.0498476]
[3.7793512]
[3.7805388]
[3.8823276]
[3.737115]
[3.8588119]
[4.015392]
[3.7938914]
[3.5377455]
[4.2296195]
[4.220423]
[3.5581398]
[4.2864957]
[3.8380046]
[3.7103076]
[4.0235543]
[3.7097306]
[4.061969]
[3.9010367]
[3.8732114]
[3.782102]
[3.728639]
[3.755483]
[3.8789048]
[3.3483288]
[3.8314474]
[3.778328]
[4.0934153]
[4.105635]
[3.9731863]
[3.6342738]
[3.5949192]
[3.8282213]
[4.0299377]
[3.8874547]
[3.7660377]
[4.067662]
[3.678187]
[4.3932824]
[3.720211]
[3.628236]
[4.208725]
[4.2788076]
[3.5458667]
[4.259924]
[3.8575246]
[3.9423847]
[3.5403485]
[3.7764623]
[4.010206]
[3.8436027]
[3.7160978]
[4.121844]
[3.7080472]
[3.9750528]
[3.913418]
[3.8163154]
[4.3674326]
[3.6904023]
[3.7161083]
[3.8276248]
[4.012519]
[4.250743]
[3.9414206]
[3.8846853]
[3.7187355]
[3.869432]
[4.1645403]
[4.2845325]
[3.8486392]
[4.0140176]
[3.856223]
[3.8853583]
[3.8034685]
[3.7577066]
[3.7277322]
[3.9110644]
[3.9669917]
[3.9661827]
[4.2075486]
[3.9495075]
[3.9776828]
[3.9304583]
[4.091252]
[3.6332104]
[3.6992774]
[3.6105256]
[4.1229553]
[3.7900004]
[4.1408873]
[3.885379]
[4.208206]
[3.6328197]
[3.837684]
[4.019189]
[3.7073336]
[4.339856]
[3.7919302]
[4.1439085]
[3.9683821]
[4.1482935]
[3.9941776]
[3.888121]
[3.8161018]
[3.7025928]
[4.309937]
[3.7819643]
[3.9404712]
[3.6130764]
[3.763704]
[3.6493824]
[3.5956655]
[4.123827]
[3.9308803]
[3.6852846]
[4.056203]
[3.7590008]
[3.7487183]
[4.091228]
[3.9688904]
[3.874164]
[4.1430607]
[3.8180668]
[3.7625427]
[3.887103]
[3.9662995]
[3.9405878]
[3.7047508]
[3.8121386]
[3.7566562]
[3.531392]
[3.9029217]
[3.8806694]
[4.0518546]
[3.8806567]
[4.1223407]
[3.980053]
[4.049321]
[3.7702096]
[3.7955673]
[4.207916]
[3.750575]
[3.6495373]
[3.587478]
[4.320205]
[3.793704]
[4.032079]
[4.04861]
[3.9892704]
[4.124072]
[3.7782323]
[3.8928835]
[3.7984478]
[3.7344027]
[3.5710268]
[3.7350187]
[3.934884]
[3.779735]
[3.6382184]
[3.8620224]
[3.7854214]
[4.1236734]
[3.8734255]
[3.6644912]
[3.7499485]
[3.8439324]
[4.096588]
[3.717196]
[3.8903074]
[3.8453193]
[3.8045554]
[3.866528]
[3.8369236]
[3.8139875]
[3.6752982]
[3.7432802]
[3.8471963]
[3.9814863]
[3.9463694]
[4.111741]
[3.8240967]
[3.7332747]
[3.8770368]
[3.771213]
[4.244927]
[3.621045]
[3.7861433]
[3.812364]
[3.784031]
[3.7172918]
[3.8285043]
[3.8302624]
[4.0724945]
[4.004895]
[3.7358775]
[3.880496]
[3.60092]
[4.133696]
[4.1946697]
[4.232324]
[3.8414295]
[4.060121]
[3.9995685]
[4.158258]
[4.168036]
[4.4028587]
[4.0431123]
[3.8646095]
[4.0885344]
[3.7043822]
[3.7681236]
[4.2523394]
[4.1097026]
[3.8549955]
[3.919507]
[3.8673122]
[4.2927756]
[3.7818043]
[3.8313656]
[3.8328853]
[3.8468425]
[3.5921679]
[4.2096944]
[4.086381]
[3.9586701]
[3.5838149]
[3.9991074]
[3.7554803]
[3.6327653]
[3.9547625]
[3.956318]
[3.738296]
[3.4842215]
[4.0821824]
[3.6723688]
[3.7392933]
[3.7503605]
[4.082406]
[3.6966262]
[3.8845174]
[4.076273]
[4.204526]
[4.0391407]
[3.9463122]
[3.7763305]
[3.8579295]
[3.8989334]
[4.134413]
[3.6730514]
[3.9341228]
[3.7122936]
[3.830257]
[3.8842158]
[3.625783]
[4.153152]
[3.9551122]
[3.9015272]
[3.7020779]
[3.8663354]
[3.901959]
[3.8122814]
[3.942052]
[3.6766427]
[3.9327042]
[4.074134]
[4.165126]
[4.047188]
[3.6875968]
[3.9411316]
[3.945274]
[3.9218721]
[3.8611646]
[3.7781432]
[3.9248278]
[3.8337824]
[3.7911232]
[3.9305058]
[4.3293905]
[3.8605862]
[3.8661785]
[3.6765697]
[3.9343235]
[4.075744]
[4.1545925]
[4.280803]
[3.7623658]
[4.0999346]
[3.906337]
[3.7179654]
[4.0186424]
[3.7811356]
[4.072768]
[4.295937]
[3.9391177]
[3.5350718]
[3.6677566]
[3.988288]
[3.9734528]
[3.9548235]
[3.8179572]
[3.860214]
[4.2354827]
[4.0215864]
[4.141381]
[4.4289184]
[3.8757875]
[3.7205625]
[3.7717934]
[4.2211323]
[4.281131]
[4.0123463]
[3.5065067]
[3.7229772]
[4.1278577]
[3.642929]
[3.7632267]
[3.8405502]
[4.359511]
[3.7741108]
[4.024116]
[4.293855]
[3.799755]
[4.059636]
[3.4474134]
[3.849393]
[3.8208373]
[3.8622913]
[3.5906415]
[3.8951418]
[3.9466188]
[3.9950664]
[4.010085]
[3.7151825]
[4.062298]
[3.8602247]
[3.821779]
[3.688518]
[4.003215]
[4.1231127]
[4.0547276]
[3.4981506]
[3.9638035]
[3.6756008]
[4.1966677]
[4.2514644]
[3.799418]
[3.7222137]
[4.284969]
[3.7356758]
[3.7368116]
[3.7843378]
[3.8783317]
[4.1308837]
[3.614153]
[3.8379517]
[4.186901]
[3.677974]
[4.104595]
[3.7735634]
[3.7853856]
[4.1999116]
[3.7011514]
[3.6268523]
[3.6626823]
[3.793178]
[3.9174201]
[3.9015377]
[3.9258082]
[4.18731]
[3.862566]
[3.915978]
[3.830138]
[3.9648094]
[3.8760817]
[3.8832355]
[3.7661202]
[3.8136578]
[3.712035]
[4.007135]
[3.912803]
[3.7812166]
[3.6289456]
[3.792515]
[3.822292]
[3.6802258]
[4.5203214]
