9.225332535495413
8.645335695254195
11.280579207482068
6.070166565120368
8.606427495457071
9.14457820464713
9.66014783153449
6.446192774894955
9.848301702695082
7.6894113237306065
9.35729470220607
8.364811951942938
9.849537432797451
12.017990562316363
10.123517280451427
8.482573470900318
8.625516344015399
6.088486948713747
9.45861405885016
10.736625578376689
9.364964809019682
6.666641230132516
9.311550891787181
6.34753970716138
10.250392611979949
8.450408399320064
7.863944511533513
8.22971446730641
11.999749088759353
10.323343206048774
6.844467882977768
6.812080127500591
8.339025212028941
6.457085967710741
6.582391305575653
8.360624510227057
11.53517969374687
10.416843479628914
7.088592383156057
10.932519050833566
8.225293996238866
8.942220489603045
8.49030141719739
8.147875042251945
7.019514223782678
10.937712865107262
8.19164974816309
6.166562006843021
9.593419534182473
12.926817186352997
8.27420883192705
5.7573734471536415
6.576243831502222
8.895201152819586
5.864619762326703
6.895816718435711
8.528210988056735
11.176069665218318
8.936592875340027
8.865070624361197
8.914894650875171
6.884599748983546
11.850620168540193
9.767731938414403
7.721675261903755
7.740759601221992
10.03557327188702
7.1073829647425795
9.075371717574608
10.870860430630797
6.350184185607491
7.471586189744409
9.050850347172656
7.555694894632667
6.570634188145379
6.01755545106566
5.8123025935962715
7.688542869219881
9.378799666765596
7.077040143572598
9.864112214651659
8.754571834468766
6.540954542122219
8.460348861991086
7.70327717965204
7.554753754212802
7.304914946554978
13.165512820719501
4.518620140808148
8.650864862241567
10.08586501238547
7.244989654050408
6.999069561830748
9.790842679696768
8.667356186007138
9.181515449364275
7.552576905618404
8.233161410266392
8.34767523850443
6.930623926517103
