cloud -0.216691 0.011716 -0.166126 0.048404 -0.152748 -0.037754 -0.208258 0.236954 -0.351575 0.126866 -0.094132 0.091502 -0.070541 -0.073594 0.305821 0.501343 0.169003 0.386162 -0.070740 -0.539035 0.489579 -0.179734 -0.240257 0.098709 0.117511 -0.063066 -0.073952 0.234045 0.012868 0.029647 -0.292848 0.019741 -0.049324 -0.001411 0.085925 -0.125611 0.214979 -0.008877 -0.013121 0.069891 0.238181 0.166754 0.027763 0.073026 0.184015 -0.221091 0.056327 0.151391 -0.174205 0.027218
norway 0.253726 0.072839 0.167394 -0.041841 0.190208 -0.310752 -0.045293 -0.393286 0.036906 0.063342 -0.206557 -0.002705 -0.208636 0.238146 0.011845 0.302067 0.241225 -0.242993 -0.030600 0.040658 0.109214 -0.023736 0.070474 -0.244216 0.043681 -0.253956 -0.080160 0.094137 -0.075766 -0.199370 0.101037 -0.335566 0.078070 -0.186718 -0.489527 -0.208141 -0.010837 0.277367 -0.218348 0.431622 0.020880 0.051741 0.083409 -0.117972 0.311244 0.047262 -0.088059 -0.184127 -0.200374 0.084057
yerevan 0.316346 -0.043094 -0.124631 -0.208839 -0.124732 0.154045 -0.045757 -0.024286 -0.121830 0.212687 -0.279527 0.063448 0.309551 -0.110858 0.105196 -0.043434 -0.232478 0.045952 0.080530 -0.063317 0.198325 -0.204076 0.208408 -0.128358 0.273072 -0.057416 0.029516 -0.117339 -0.020433 -0.033494 0.479067 0.251209 0.197063 -0.020886 0.081773 0.000398 0.040199 0.020036 0.162865 -0.212252 -0.239691 0.178714 0.135332 0.277616 0.011091 0.387103 0.038321 0.027041 -0.369540 -0.159418
obvious 0.039946 0.181758 0.153849 -0.431086 -0.075755 -0.256127 -0.014612 0.013053 0.054507 -0.092854 -0.017463 0.153255 -0.317336 0.048202 -0.322724 -0.289032 -0.092078 0.004853 -0.174260 0.009649 0.386394 -0.026822 0.076487 0.035067 0.149342 0.190827 -0.256725 0.192890 0.061831 0.384754 0.088154 -0.284583 0.255293 0.141165 0.197779 -0.104167 -0.270823 0.006964 -0.184447 -0.131613 0.140818 -0.061173 -0.180532 -0.160905 0.046225 0.115231 0.137782 0.097377 0.302643 0.019176
illinois -0.164587 0.057131 0.220319 0.103613 -0.090843 -0.005518 0.024801 0.269752 -0.367702 -0.138012 0.127620 -0.207837 -0.102450 -0.289231 0.129816 0.032875 -0.106271 -0.123110 0.013667 0.118859 0.304262 0.077384 0.328449 -0.171854 -0.222195 -0.395421 0.179147 -0.067197 -0.078592 0.090566 -0.109105 -0.395473 0.049650 0.153842 -0.210397 0.339081 -0.374095 -0.082437 0.038346 0.131947 -0.039572 0.127285 0.268367 0.177359 0.124186 0.098318 0.033210 0.033059 -0.193558 -0.034227
cuba 0.126579 -0.311065 0.071308 0.100806 0.190875 0.085928 -0.130775 -0.252922 -0.074952 0.040732 0.147347 -0.281931 -0.054955 -0.101073 0.064401 -0.154126 0.149062 0.148736 0.403831 -0.150226 -0.186013 -0.212712 0.326014 0.008342 0.150747 -0.051966 0.116671 0.256987 -0.020726 -0.099477 -0.092843 -0.413315 -0.064876 0.026631 0.470620 -0.164557 -0.196830 0.190480 0.238448 -0.176611 0.143839 -0.008933 -0.404473 -0.276656 -0.228787 -0.004657 0.122196 0.239169 0.353008 -0.116948
happily -0.264958 0.203089 -0.023229 -0.420000 -0.436723 -0.106077 -0.093566 -0.084052 0.062148 0.005596 0.128156 -0.258462 0.158096 -0.036529 -0.014023 -0.291815 -0.038886 0.179372 -0.221120 0.355348 -0.312090 0.124649 0.062098 -0.003634 -0.044560 0.146381 0.143659 -0.091072 0.303567 0.007161 -0.121410 0.085574 0.029932 0.017812 -0.146419 -0.302558 0.277830 -0.036972 0.244878 -0.122693 0.217847 -0.072345 -0.136058 0.164782 0.317377 0.080356 0.234209 -0.229600 0.136988 -0.355762
low 0.139493 -0.098297 0.423468 0.113273 0.313837 -0.094155 -0.020345 0.110644 -0.001831 0.280915 -0.146023 -0.188548 0.101979 -0.160252 0.240752 -0.402300 0.040235 -0.002941 -0.045889 -0.095320 0.019316 0.241546 0.055526 0.084457 -0.132792 0.181247 -0.009357 -0.086541 0.075726 -0.251930 -0.210587 0.378762 -0.172644 -0.004911 0.130404 -0.301405 0.283653 -0.354069 -0.306199 0.047702 -0.199694 -0.123251 0.116910 -0.215950 -0.165175 -0.119905 -0.200986 0.040993 -0.056370 -0.289000
banana -0.324978 0.278792 0.258676 0.194911 -0.063175 -0.487313 0.071776 0.287922 0.379987 -0.063973 0.074007 0.090880 -0.056407 -0.091343 -0.139698 0.092169 -0.072301 -0.081962 0.155555 0.308742 -0.164195 -0.064698 -0.261645 -0.012853 0.222394 0.072000 -0.059688 -0.066145 -0.029631 -0.295821 0.295688 -0.070401 -0.057185 -0.098612 -0.257063 0.272858 0.161948 -0.141630 0.106904 0.034665 0.076408 0.075431 -0.289156 0.191708 -0.018896 0.112307 0.154452 0.241333 0.034422 0.235838
california -0.452224 0.119265 0.254548 0.161865 -0.021655 -0.015292 -0.255226 0.269725 -0.237586 -0.109883 0.260678 -0.142896 0.123498 -0.098418 0.225099 0.049343 -0.112567 0.047004 -0.023561 -0.056476 0.329392 0.205042 0.391365 -0.193367 0.108923 -0.324844 0.323846 -0.026962 -0.018629 0.207190 -0.054635 -0.180827 0.032466 0.028508 -0.431740 0.522030 -0.313092 -0.187719 -0.063892 0.117139 -0.006255 0.130142 0.098978 -0.079392 -0.124357 0.254221 0.093973 -0.114974 -0.044343 -0.244519
norwegian -0.203539 -0.202964 -0.106024 -0.180820 -0.010460 0.216111 -0.059532 -0.154799 -0.013067 -0.306280 -0.168723 0.048606 -0.206545 0.152380 -0.093192 0.045173 -0.289157 -0.181096 -0.174295 0.082222 0.243047 0.639482 0.214190 0.067714 0.293199 0.027280 -0.109632 0.081136 -0.024185 -0.232147 -0.074160 -0.235727 0.040347 -0.307123 -0.110251 -0.009785 0.080852 -0.274027 0.270770 -0.207620 0.117811 -0.304037 -0.032568 0.226390 -0.050934 -0.209220 -0.409023 0.033682 -0.204468 -0.036334
immediate -0.189102 0.063248 -0.339595 0.045801 -0.162306 0.033365 0.192385 0.214756 -0.071337 0.066141 0.112712 0.018079 -0.012900 0.050810 0.104253 0.152860 0.117117 -0.100211 0.185827 0.110949 -0.097519 -0.053891 -0.117197 -0.009026 -0.208159 0.086404 -0.277665 0.074353 0.070239 0.056964 0.276928 0.313714 -0.095483 -0.077564 -0.102283 -0.265737 -0.270571 0.072650 0.139344 -0.015259 -0.190553 -0.341638 0.286656 -0.365385 -0.152827 -0.319957 0.354961 -0.148953 -0.011594 -0.151367
irvine 0.340378 -0.293332 -0.252595 -0.031306 -0.276899 -0.108180 -0.031706 -0.293504 0.072999 -0.409558 0.206650 -0.063234 0.046905 -0.049294 -0.012536 0.083944 -0.114443 -0.273142 0.016687 -0.002759 0.159335 0.172216 -0.383844 -0.064948 0.095028 0.136882 0.206326 -0.275033 -0.161339 0.140670 -0.314016 -0.243738 -0.043184 -0.135800 -0.240871 0.057425 0.056477 0.274152 0.056493 -0.173234 -0.133999 0.009442 0.336948 -0.216771 -0.220858 -0.018143 0.268749 0.159738 0.035656 0.103923
lower -0.014349 -0.275389 -0.146906 -0.043756 -0.033883 -0.093286 0.333393 0.335086 0.212976 0.284379 -0.031691 0.208089 -0.078065 0.074821 -0.291284 0.205672 0.006777 0.117805 0.206793 -0.060494 0.052202 0.038265 0.146000 0.133496 -0.213483 -0.185141 -0.133882 -0.186255 0.254115 0.214133 -0.125993 -0.085527 -0.155518 -0.012275 -0.253962 -0.191174 0.205880 0.141314 0.052879 -0.228086 -0.548510 0.192719 -0.112165 0.123623 -0.103217 0.245119 -0.023119 -0.008782 0.248502 -0.014916
obviously -0.175208 0.168695 -0.074663 0.015337 -0.569461 -0.105664 -0.107073 -0.035151 -0.048280 0.130151 0.119834 -0.049459 -0.175926 -0.094889 -0.092503 -0.413722 -0.077551 0.300511 -0.277173 0.370480 -0.202475 0.002736 0.045429 -0.079908 -0.114906 0.084241 -0.036929 -0.285300 0.308844 -0.122231 -0.155011 0.073718 -0.050355 0.186768 -0.037810 -0.437012 0.165938 -0.056698 0.325618 -0.039897 0.250791 0.099834 0.014546 0.235366 0.234785 0.149217 0.005623 -0.255620 0.089177 -0.353241
havana 0.552533 0.054589 0.000049 0.016028 0.094691 0.143507 -0.147791 0.280664 -0.122552 0.261952 0.386454 -0.059208 -0.195805 0.138623 -0.056618 0.123760 -0.229369 0.003976 0.381526 -0.374434 0.115841 -0.109829 -0.218464 -0.102765 -0.153687 0.091676 0.319694 -0.093316 0.202722 0.113865 0.237063 0.227435 0.109433 -0.271718 -0.263510 -0.117570 -0.090120 -0.180523 -0.043998 0.152981 0.092949 -0.419074 -0.118552 0.111700 0.131788 0.036283 -0.158828 -0.255462 0.175856 0.260231
qatar 0.098646 -0.203355 0.043467 0.088173 -0.068218 0.131971 -0.362816 -0.202734 0.094137 -0.210290 0.314811 0.129789 0.215627 0.162862 0.161488 0.169323 -0.137424 -0.277413 -0.098220 -0.060394 -0.401168 -0.287218 -0.160548 0.231734 -0.194509 0.122152 -0.180388 0.287700 0.180544 0.168163 0.191282 -0.042968 0.184396 0.108955 -0.182528 -0.138127 -0.234693 -0.080721 -0.031885 0.116854 0.291997 0.111709 -0.061706 0.260647 -0.280816 0.211938 -0.163411 -0.059740 -0.099060 -0.207716
chicago 0.381987 -0.185158 -0.175204 0.070796 -0.104431 -0.189965 -0.056948 -0.368795 -0.094162 -0.386732 0.190938 -0.302347 -0.072147 -0.133295 -0.053656 -0.008623 -0.114493 -0.230015 -0.008892 0.034722 0.080384 0.100485 -0.304936 0.081854 0.135169 -0.172793 -0.020738 -0.218827 -0.014535 0.277553 -0.150018 -0.014640 0.104585 -0.375957 -0.196695 0.233473 0.111757 0.073590 0.124969 -0.319780 -0.067349 0.164271 0.168420 -0.253408 -0.135021 -0.009297 0.125201 0.009731 -0.011462 0.157740
louder 0.021904 -0.403565 0.083418 -0.157091 -0.237796 -0.075510 0.140411 0.038382 0.234216 0.151715 0.172886 0.083952 -0.089820 0.110175 -0.308050 0.150220 0.110700 0.003654 0.236245 -0.081903 0.070479 0.052338 0.053979 0.185972 -0.191966 -0.267503 -0.042742 -0.152960 0.336824 0.188792 -0.077742 -0.024306 0.056170 0.257485 -0.428880 -0.100262 0.022880 0.235967 0.211539 -0.011184 -0.539870 0.121856 -0.061621 0.067338 0.107307 0.262289 -0.075625 0.068849 0.135137 -0.076123
bananas 0.081070 -0.075255 -0.201404 0.073785 0.077253 0.137660 -0.015144 0.163828 0.203403 0.025347 -0.116654 -0.062797 -0.149395 -0.211234 -0.239499 0.393699 0.173464 0.233225 0.041513 0.028935 -0.447475 -0.138955 0.319668 -0.058768 0.013974 0.341474 0.087488 -0.035030 -0.014458 -0.132982 0.216701 -0.136733 -0.183786 0.125444 0.195409 0.498768 0.069902 0.063887 -0.021823 0.113050 0.033523 0.095537 0.382863 -0.222220 0.020293 0.171999 -0.231614 -0.249096 -0.145752 -0.131064
typically 0.015648 -0.235402 -0.241377 -0.191604 -0.033082 0.165052 0.106965 -0.355968 0.096614 0.366004 -0.033261 0.191546 0.324879 -0.105792 0.073256 0.144639 0.170353 -0.039022 0.029848 0.169714 0.367087 0.369518 -0.163829 0.198851 -0.106803 -0.005670 0.031357 -0.168994 -0.132144 -0.154731 0.386080 -0.104139 0.084682 -0.002256 0.058995 0.428860 -0.189844 -0.051327 -0.192676 0.027226 0.012995 0.085275 -0.201930 0.197283 0.253815 -0.231084 0.113983 -0.390306 0.285860 -0.222211
loud 0.123454 0.102180 0.556599 0.122234 0.274742 0.060544 0.092571 0.096857 0.117023 0.172258 0.061498 -0.134351 -0.001242 -0.021389 0.304469 -0.310077 -0.049177 -0.039038 -0.194941 -0.151864 0.067160 0.232208 0.106780 -0.077970 -0.034187 0.133954 -0.124721 -0.116500 0.035859 -0.226531 -0.294275 0.342564 -0.001719 -0.060439 0.160114 -0.384815 0.291062 -0.058419 -0.314280 0.083290 -0.101042 0.084725 0.186143 -0.218548 -0.128218 -0.120411 0.012406 0.023487 -0.007352 -0.002187
copenhagen 0.155756 -0.202348 -0.089484 -0.292038 -0.046359 -0.016092 -0.351312 0.054251 0.043208 0.031116 -0.344700 -0.075419 0.320261 -0.255462 -0.083053 -0.162949 -0.121204 0.020925 -0.039363 -0.030343 0.171184 -0.199227 0.032252 -0.122093 0.144899 -0.157898 0.201451 -0.080214 0.006690 0.035767 0.453416 0.229705 -0.041492 -0.122191 0.012357 -0.164848 -0.052403 0.030679 0.275260 -0.033006 -0.214095 0.218516 0.157324 0.178503 0.082174 0.167405 0.135572 0.003476 -0.534321 0.084872
jakarta -0.176508 0.025725 0.038417 -0.131143 0.247140 -0.020060 0.085463 0.112769 -0.352494 -0.610106 0.075950 0.440982 0.224360 0.189600 0.090574 -0.151807 0.287503 0.101307 0.074063 0.348289 0.052634 -0.076621 0.023032 -0.135950 0.186383 0.030306 0.150831 -0.307174 0.346834 -0.143541 -0.016637 0.122154 0.079250 -0.247631 0.184698 0.134219 0.022620 0.254506 -0.025986 -0.090815 -0.099997 0.033365 0.049260 -0.004903 0.073047 0.179639 -0.186704 -0.009558 -0.236223 -0.080873
kampala 0.437351 0.101627 0.100680 0.011306 0.191867 0.278654 -0.348532 0.234598 -0.055475 0.283063 0.095734 0.175786 -0.090521 0.082201 0.027957 0.005013 -0.100371 0.088056 0.182565 -0.322614 -0.013470 0.064928 -0.333611 0.074617 -0.044275 -0.134083 0.366968 0.048622 0.108655 0.074956 0.154455 -0.050306 0.003408 -0.107729 -0.139523 -0.154690 -0.106440 -0.109081 -0.014260 -0.057998 0.040958 -0.292790 -0.098347 -0.082452 0.010982 0.103917 -0.101924 -0.351497 0.145856 0.317578
swedish -0.158356 -0.292305 -0.241743 0.022825 -0.121507 0.184652 0.136541 -0.018767 0.117379 -0.161206 0.084348 0.249318 -0.099794 0.212973 0.233915 -0.021363 -0.411311 -0.000400 0.010772 0.098825 0.246088 0.347028 0.345495 0.089112 0.354044 0.182572 0.025112 -0.002761 -0.257152 -0.208308 -0.072731 -0.182787 0.155818 -0.184662 -0.158774 -0.025048 0.131252 0.011908 0.266989 -0.030727 -0.088712 -0.298371 0.092360 0.173362 0.135869 -0.111130 -0.397300 0.076253 -0.116633 -0.060642
denmark -0.111011 -0.033771 0.013541 0.134489 0.156098 -0.082599 0.144369 0.142405 0.265805 0.112631 -0.473610 -0.195341 0.230917 -0.065485 0.149259 0.248242 -0.317127 0.234681 -0.140180 0.187795 -0.067635 -0.359572 -0.214202 -0.241532 -0.264916 0.011400 -0.060330 0.105104 -0.024494 -0.085744 -0.086185 0.172400 0.268516 -0.051266 -0.134462 0.080555 -0.175112 0.044931 0.226213 -0.084084 -0.135818 -0.107586 -0.070903 -0.074086 -0.002641 0.236765 -0.439716 0.121754 0.198091 -0.115181
indonesia -0.039874 -0.337132 0.163897 -0.085446 -0.047489 -0.104623 -0.098014 -0.144819 -0.105856 -0.097601 0.209986 0.170701 0.308018 0.275556 0.155478 0.061160 -0.065301 -0.461380 0.110067 -0.260772 -0.374568 -0.330143 -0.060285 0.160696 -0.186159 0.368576 0.073275 0.405638 0.057175 0.277856 -0.014989 -0.028052 0.083077 -0.039382 -0.055457 -0.077527 -0.273416 -0.341401 0.096612 0.211726 0.124131 0.148728 -0.248994 0.335087 -0.190521 0.184179 -0.235931 -0.110690 -0.165045 -0.194516
uganda 0.151135 -0.322980 0.365582 0.141169 0.237505 0.000647 -0.122468 -0.310436 -0.171630 -0.075277 0.128825 -0.168569 0.036297 -0.037743 -0.068852 -0.023119 0.088618 0.307817 0.353429 0.294943 -0.043335 -0.110126 0.335183 0.071762 0.205677 -0.167543 0.235345 0.539544 -0.001582 -0.174981 -0.184787 -0.162936 -0.079712 -0.029414 0.317410 -0.055813 -0.178507 0.260919 0.212843 -0.215832 -0.074543 0.078792 -0.158892 0.088586 -0.321578 -0.212332 0.253626 0.086060 0.295048 0.135719
doha -0.252182 -0.125225 -0.119050 0.003973 0.143015 0.041938 -0.021359 0.102732 -0.202480 -0.398039 -0.078550 0.568526 0.083049 0.007801 0.130234 -0.235411 0.231252 0.162101 0.136081 0.301168 0.090228 -0.080490 -0.087419 -0.359424 0.102685 -0.118273 0.252417 -0.139498 0.449726 0.052197 0.058320 -0.147238 0.000351 -0.305419 0.344736 -0.009376 0.057584 -0.035718 -0.130594 0.255444 -0.207538 -0.058355 0.092989 0.186428 -0.155580 0.113012 -0.287609 0.162647 -0.034374 0.064892
happy 0.120261 0.121302 0.043213 -0.295065 0.118498 -0.301381 0.050925 -0.038805 0.293357 -0.224085 -0.165040 -0.064773 0.005285 0.053771 -0.075986 -0.221660 -0.060110 0.045526 -0.030695 0.007192 0.269181 0.082445 0.034788 0.304038 0.165274 0.120459 -0.164791 -0.097350 -0.172199 0.414907 0.013510 -0.160803 0.108417 0.110830 0.162884 -0.267951 -0.302832 0.077320 -0.028747 0.204327 0.071290 -0.103135 -0.056308 -0.122082 0.148978 0.071393 0.015015 0.294871 0.391870 0.215172
computers -0.033642 0.028725 -0.187564 0.300401 -0.274416 0.010748 0.169183 0.065955 -0.026418 0.274324 -0.366079 -0.006322 0.397209 0.224028 -0.439934 -0.212076 0.243270 -0.236089 -0.000717 -0.063931 -0.154480 -0.040662 0.088870 -0.040265 0.118666 -0.233079 0.116942 -0.134165 -0.173229 0.375435 -0.062770 0.263937 0.283411 0.162131 0.127735 -0.100695 0.079988 -0.018260 -0.182475 0.054991 0.143245 -0.059469 -0.003957 0.143119 0.056354 -0.181215 0.304155 0.327722 0.083835 0.159829
typical -0.232540 0.183856 -0.605084 0.055401 -0.047655 0.077973 0.010784 0.030269 -0.131155 0.259380 0.314070 -0.057142 0.148609 0.317685 0.065038 0.072666 0.128026 0.026487 0.122661 0.157203 -0.027690 -0.139888 -0.152340 0.012448 -0.260862 0.070846 -0.427829 -0.163385 -0.069054 0.023983 0.354588 0.293674 -0.147524 -0.089205 -0.132093 -0.095798 -0.343889 -0.000151 0.117121 -0.180489 -0.035924 0.003026 0.402895 -0.524912 -0.065970 -0.278040 0.006861 -0.026603 0.038361 0.119065
man -0.015474 0.334359 0.213035 0.103300 0.023318 -0.661992 0.239187 0.305848 0.142598 0.003792 -0.033937 -0.030563 -0.228742 0.094207 -0.061193 0.200670 0.050432 0.023323 0.024956 0.226895 -0.156762 0.035027 -0.053727 0.076881 -0.117679 0.232270 0.137430 -0.077114 -0.137536 -0.422195 0.281159 0.001246 -0.121482 -0.008433 -0.269615 0.307088 0.128788 -0.207598 0.176204 0.082030 0.077292 -0.046661 -0.394926 0.124566 -0.230459 0.136243 0.151124 0.130931 -0.084772 0.108095
computer -0.183887 0.120712 -0.094475 0.078348 -0.109012 0.114694 -0.020666 0.248252 -0.219444 -0.121733 -0.071892 0.026674 -0.123553 -0.163498 0.343428 0.479317 0.291308 0.020664 -0.222983 -0.565458 0.382674 -0.134523 -0.197857 0.222790 -0.038713 0.060859 -0.257725 0.210797 0.117137 0.079253 -0.325276 -0.003418 -0.039443 -0.042997 0.169314 -0.076778 0.247705 0.204772 -0.020545 -0.081751 0.220295 -0.053581 0.054852 0.173599 0.482721 -0.004104 0.256432 0.100163 -0.082509 0.081634
clouds -0.014554 0.200117 -0.070896 0.333916 -0.004932 0.017976 0.232376 -0.037172 -0.083049 0.166987 -0.278965 -0.081830 0.157547 0.183323 -0.614411 -0.109190 0.002091 -0.216736 -0.067907 -0.148699 -0.265503 0.123645 -0.030610 0.045383 0.044199 -0.204438 0.253667 -0.125310 -0.206036 0.197682 -0.239417 0.397128 0.297480 0.172631 0.220703 0.084266 0.027366 0.240929 -0.230962 -0.055942 0.079163 -0.109875 -0.015334 0.234339 0.029169 -0.123043 0.241437 0.289252 -0.126503 0.091517
sweden 0.173424 0.030277 -0.091630 -0.104051 0.159884 -0.241279 0.123626 -0.347438 0.089711 0.260300 -0.107333 0.037613 -0.372227 0.158344 0.186059 0.002757 0.297689 -0.239859 -0.153717 0.207160 -0.023461 -0.166640 0.134169 0.022585 0.011804 -0.164773 0.153332 0.287053 -0.157971 -0.217390 0.028941 -0.228753 0.252080 -0.386019 -0.624495 -0.119440 0.140432 0.153755 -0.327318 0.381535 0.037229 0.090365 0.000637 -0.158529 0.302315 0.207480 -0.049857 -0.033111 -0.007777 0.196364
immediately -0.067316 -0.369855 0.043090 -0.114220 0.009110 0.288192 0.229790 -0.259167 0.216230 0.191136 -0.029442 0.006202 0.154374 -0.026761 0.210415 0.337095 0.095043 -0.015672 -0.199075 0.100382 0.260910 0.363221 -0.138978 0.048751 -0.136814 -0.160939 -0.026446 -0.275633 -0.116171 0.020021 0.419134 0.088436 0.129045 -0.136216 0.117620 0.386837 -0.321012 0.177256 -0.194473 0.128194 0.001035 0.072211 -0.241509 0.222962 0.101049 -0.051908 0.335184 -0.335247 0.208573 -0.150899
armenia -0.228717 -0.307786 -0.044552 -0.010466 0.527852 -0.057843 0.119205 0.112510 0.285255 -0.111759 -0.327773 -0.168876 -0.028033 0.209277 0.014427 0.019333 -0.205987 0.233471 -0.251366 0.108775 0.095542 -0.266792 -0.273531 -0.223734 -0.076055 0.054688 -0.005035 0.109615 -0.146733 -0.054531 -0.142908 0.234818 0.240389 0.058473 -0.072101 0.084044 -0.099513 -0.044436 0.135822 0.015984 -0.135080 0.118717 0.110897 0.065619 0.046737 0.070713 -0.260795 0.132206 0.281259 -0.113282
men 0.131740 -0.001241 -0.199238 -0.126665 0.021560 0.189643 0.065869 0.124607 0.341911 -0.149026 -0.091410 -0.101488 -0.209070 -0.055076 -0.152150 0.334032 0.292201 0.231065 0.146399 0.053408 -0.355076 -0.103394 0.381015 -0.067401 -0.045775 0.061659 0.272418 0.020938 0.159054 0.034596 0.271614 0.085636 -0.060204 0.142859 -0.007647 0.427064 0.243437 -0.016444 -0.051529 0.211570 -0.007269 0.160643 0.252068 -0.086006 -0.021821 -0.326783 -0.185052 -0.052093 -0.193228 -0.121975
