hanoi -0.117210 0.193594 0.133105 -0.001406 0.093660 0.036441 -0.082909 0.221063 0.117337 0.100633 -0.015217 -0.115974 0.102709 -0.259207 -0.104281 0.005665 0.061621 0.122716 -0.157137 -0.156253 0.026702 0.001205 -0.092517 -0.371897 0.008383 -0.041298 0.092969 -0.007868 0.051485 -0.196254 -0.157571 -0.055538 0.009760 0.105168 -0.173095 0.046245 0.120586 -0.092984 -0.142542 -0.145986 -0.084488 -0.098620 -0.070801 0.099272 -0.143011 0.151218 0.062232 -0.161900 0.190473 0.031519 -0.008003 -0.032895 -0.047936 -0.147901 0.164628
tougher 0.030960 0.158612 0.020130 0.118579 -0.024670 0.007115 0.011854 -0.179981 0.096939 -0.208641 0.060030 -0.196717 0.168799 -0.182040 0.093201 0.149566 -0.081304 0.046857 0.267299 -0.087696 0.004231 0.098946 -0.085656 -0.104833 0.033338 0.070585 0.023378 -0.024700 -0.022324 0.208283 -0.221217 -0.039449 0.071628 0.171011 0.140478 0.232384 -0.027933 0.046862 -0.187539 -0.060244 -0.059314 -0.056407 0.035078 -0.183026 0.110925 0.044569 0.236367 -0.092918 -0.068953 -0.083307 -0.007912 -0.063333 0.071568 0.079228 0.131933
occasionally -0.033302 -0.086112 0.112021 -0.139412 -0.123042 0.067709 -0.175926 0.018760 -0.080224 0.192312 -0.011833 -0.099956 0.128976 -0.083752 -0.136727 -0.163100 -0.101855 0.021314 0.299432 -0.050138 0.129098 -0.041843 -0.076341 0.179913 0.136726 -0.131847 -0.000939 -0.060515 -0.093458 0.094063 0.028076 0.030618 0.035914 0.091460 -0.147637 -0.143469 -0.052140 -0.154655 -0.150164 -0.012628 0.022312 -0.044710 -0.184337 -0.201304 -0.234587 0.254753 -0.162683 -0.121904 -0.021770 -0.193289 -0.201813 -0.041758 -0.054804 -0.098660 -0.037326
ukrainian 0.054258 0.025282 -0.041258 -0.031419 -0.086532 0.119194 -0.068809 0.071923 0.055303 0.088344 -0.024693 0.080610 -0.241370 -0.125782 0.140077 0.085976 -0.121188 -0.111655 -0.157507 -0.196421 -0.106579 -0.038599 -0.063831 0.146670 -0.061128 0.029034 -0.170224 -0.051984 -0.196625 0.055848 -0.076866 0.130975 0.082005 0.032400 -0.121837 0.080573 -0.127896 -0.042558 0.057577 -0.029780 -0.122303 0.281163 0.094614 0.023082 -0.169747 -0.132145 -0.122523 -0.016636 -0.070174 -0.092150 0.287028 0.099958 -0.302483 -0.096704 -0.030579
occasional 0.057483 -0.021720 -0.003369 -0.099495 -0.143479 0.062831 -0.084367 0.086652 0.102561 -0.018738 0.101172 -0.089239 0.141110 0.001877 0.027933 0.005603 -0.218818 -0.132221 0.157284 -0.030357 0.021868 -0.210646 0.036528 0.042123 0.167737 -0.067016 0.009426 -0.077036 0.009510 0.112782 -0.052309 0.069684 0.248510 0.012522 -0.200510 -0.219554 0.010679 -0.029608 -0.093523 0.029375 -0.175155 -0.163911 0.021914 -0.264218 -0.102935 0.109083 -0.197776 0.026572 -0.127940 -0.174971 -0.173433 0.207724 -0.067932 -0.198149 -0.131728
norway 0.080983 0.174330 0.057357 -0.143307 0.104078 -0.026822 0.074895 -0.025743 -0.099196 0.119069 0.220633 -0.040413 -0.043456 0.085262 0.212565 0.073401 0.030413 0.058526 -0.025718 0.102587 -0.070465 -0.162847 0.029832 -0.188486 0.124668 -0.150672 0.246186 0.004600 -0.014188 0.344562 0.134740 0.177182 0.220027 -0.131797 -0.182415 -0.001060 -0.055761 -0.034333 -0.007988 -0.072778 -0.057492 0.070221 0.119054 0.059773 0.042475 0.010124 0.096918 0.072997 -0.147235 0.017671 0.014751 0.028576 -0.190128 0.072685 0.041389
baghdad -0.190137 0.269573 -0.021973 0.323611 0.035324 -0.044018 -0.162021 -0.225516 -0.014238 -0.073362 -0.259741 -0.138519 -0.086104 0.125809 -0.008158 0.074911 -0.044192 -0.233718 0.073031 0.039385 -0.001146 0.194592 -0.191340 0.009334 0.103856 -0.038078 0.076549 -0.100886 -0.006067 0.054751 0.015676 0.081199 0.111957 0.091718 -0.117986 -0.038904 -0.025956 -0.081408 -0.092704 -0.000421 -0.115879 0.041953 -0.157147 -0.051128 -0.048500 -0.097897 0.093567 0.057094 0.185698 0.179058 -0.125676 0.130596 0.072031 0.193764 -0.029743
illinois -0.045523 -0.044156 -0.020582 -0.013544 0.110316 -0.024137 -0.141716 0.259870 0.020899 -0.146561 -0.019994 -0.149493 -0.053346 0.006923 0.195707 -0.120211 0.192698 -0.051401 0.119137 -0.047021 0.053920 0.102093 -0.071339 0.355952 0.114919 -0.044109 0.050885 0.164865 -0.119537 0.035155 -0.082038 -0.066481 0.084843 0.174717 -0.203397 0.059123 0.118300 0.018412 -0.032423 -0.044007 -0.049673 0.055209 -0.126989 -0.044556 -0.016353 -0.016443 -0.140220 0.052713 0.035922 0.044783 -0.158596 -0.141806 0.195848 0.030377 0.230520
moving -0.058515 0.051615 0.143321 0.297071 -0.075063 0.004607 -0.142554 -0.017745 0.126193 -0.005529 0.151029 0.040911 -0.037477 0.065561 -0.135271 -0.027516 -0.037803 -0.297675 -0.020932 -0.075616 -0.179567 -0.261060 0.202566 0.021981 -0.152462 -0.101601 0.012531 0.016018 -0.027873 0.118284 -0.112574 -0.103026 -0.077844 -0.060848 -0.032586 0.263046 -0.012502 0.074825 0.156752 0.016737 0.180119 -0.070845 -0.003463 -0.200144 -0.255040 -0.156787 0.162041 0.068604 0.125964 0.097633 0.027976 -0.167399 -0.081569 -0.255967 -0.127981
loud -0.246775 -0.060888 0.115882 0.093184 0.009293 -0.218490 -0.043356 -0.174433 0.099555 -0.134152 0.010325 -0.031896 0.240384 0.188818 0.004948 -0.121024 -0.055962 -0.201137 -0.122396 -0.049492 0.035658 0.012864 -0.130949 -0.133988 0.075499 -0.093265 0.139892 -0.177691 -0.109309 -0.025700 -0.167764 -0.146423 -0.065286 0.054668 -0.073793 -0.184806 0.131422 0.046928 -0.076266 -0.050879 -0.246547 0.102838 0.040193 0.072637 -0.051957 0.053646 -0.101190 0.023717 0.163798 -0.041400 -0.006459 -0.070894 -0.088885 0.099026 0.108472
thai 0.256163 0.086804 0.219561 0.099480 -0.009410 0.102251 0.162142 0.032246 -0.046739 -0.066468 0.156389 -0.109862 0.254210 0.037744 -0.089065 -0.039229 0.020830 -0.097894 0.011139 0.066162 0.217932 0.048903 -0.060741 0.169839 -0.134954 0.037123 0.063886 0.101165 -0.089729 0.002023 -0.039811 -0.033372 0.092568 0.202181 -0.064295 0.032304 0.269692 -0.112104 0.048403 -0.143901 0.147757 0.012974 -0.044924 -0.032249 -0.153227 -0.100659 -0.155480 0.009057 -0.137895 0.105502 -0.125698 -0.038492 -0.122219 -0.038738 -0.147295
croatian 0.065960 0.125060 -0.078278 -0.042938 -0.092982 -0.107275 -0.062980 -0.052561 -0.193331 0.015991 0.134604 0.077493 0.085329 0.145219 0.220901 -0.197451 0.227983 0.027996 -0.093671 0.000871 -0.070120 0.022437 -0.167836 0.070837 -0.108388 -0.196410 0.120556 0.079422 0.117890 -0.091459 -0.180394 -0.009029 -0.144125 0.220626 -0.010064 0.104460 -0.136038 0.036736 -0.030440 -0.035341 -0.053464 -0.227505 -0.000350 -0.107878 -0.022958 -0.278694 0.056551 -0.118524 0.007283 -0.005541 -0.196107 0.144562 -0.193223 -0.243447 0.030370
argentina -0.122595 0.106524 0.064129 0.118498 0.053601 0.129248 0.180839 0.020016 -0.236409 0.064048 0.090618 0.030912 0.005721 0.049147 0.061799 0.106632 0.024490 0.144272 -0.141281 -0.036695 0.047037 -0.156335 -0.053434 0.113708 -0.076965 -0.014171 -0.200197 -0.009805 -0.205595 0.266936 -0.141796 -0.058465 -0.054309 0.036931 0.045604 -0.180565 0.052004 -0.114476 -0.054466 -0.098757 0.038439 -0.241325 0.054085 -0.012428 0.104233 -0.153661 0.076409 -0.088911 0.314461 -0.056125 -0.094008 -0.038993 0.065766 -0.029733 -0.071484
vietnam -0.203208 -0.020011 0.238453 -0.230739 0.134970 0.106351 -0.102202 0.103635 0.141694 0.123480 -0.063545 -0.107521 -0.105226 -0.057297 -0.047499 0.023764 0.147071 -0.107964 -0.003964 -0.051571 0.248171 -0.025154 -0.001136 -0.158453 0.057852 -0.150916 0.083102 -0.074704 0.065417 -0.080755 -0.167105 -0.247550 0.057107 -0.111101 0.027368 0.137246 0.008293 -0.044344 -0.102024 -0.236470 0.000736 -0.046717 -0.060497 0.020253 -0.156586 0.212984 0.116822 -0.155671 0.236312 0.116681 0.164209 0.103918 -0.065622 -0.106684 0.231192
norwegian 0.136105 0.263030 0.015660 -0.160138 0.079555 -0.011079 -0.063497 0.050471 0.118071 -0.010667 0.220731 -0.218389 -0.081128 -0.009697 0.134703 0.102213 0.033342 0.118617 0.073865 0.101245 -0.120205 0.028817 0.052921 -0.237937 0.121591 -0.064606 0.255252 -0.106271 -0.120178 0.284859 0.002149 0.203616 -0.065458 -0.252693 -0.161937 0.121651 0.099995 -0.152426 0.086475 -0.037256 0.061717 0.107748 0.108487 0.004780 -0.040906 0.052288 0.111648 -0.057696 -0.232439 0.099855 0.080510 0.065910 -0.245143 -0.066092 -0.089297
professionally 0.124205 -0.126559 0.092260 -0.081694 -0.070572 0.023782 0.038347 -0.121466 0.206212 -0.009488 -0.144159 0.061787 0.168336 0.075114 0.203780 0.264302 0.087178 0.116194 -0.001591 -0.246652 -0.142531 0.076237 -0.088591 0.155896 0.059528 -0.048301 0.215060 -0.074820 -0.098136 0.023676 0.126219 0.032889 0.109834 -0.003601 -0.123301 -0.015375 0.145913 -0.099702 -0.190148 0.027092 -0.208580 -0.140773 -0.038483 0.030716 -0.127058 -0.047504 -0.056108 0.132462 0.030855 0.044008 -0.073697 0.112925 0.010493 -0.011851 -0.136260
argentinean -0.180578 0.196670 -0.076637 0.249878 -0.004491 0.081752 0.190431 0.012606 -0.141623 0.083192 0.045392 0.107816 -0.022181 -0.145133 0.065631 0.086628 -0.101951 -0.082516 -0.104821 0.033602 0.134772 -0.129838 0.013020 0.130348 0.011617 0.056289 -0.060285 -0.029475 -0.340699 -0.009089 -0.081163 -0.204270 0.070150 0.023842 -0.111078 0.112529 0.154482 -0.138525 -0.020882 -0.164793 0.087264 -0.087455 -0.000111 0.206040 0.075912 -0.154363 0.044352 -0.030330 0.343862 0.014563 -0.135028 -0.025922 -0.056956 0.102697 -0.070080
louder -0.162230 -0.125386 0.142977 0.059807 0.094747 -0.095476 0.027730 -0.036626 0.234543 -0.129107 -0.107764 -0.028539 -0.054657 0.034713 -0.054926 -0.004868 0.022729 -0.176637 -0.224699 0.074341 0.090512 0.022037 -0.076445 0.012789 -0.007097 0.037467 0.017300 -0.260237 -0.171783 0.004844 -0.167430 0.087605 -0.008824 0.173039 0.086671 -0.020851 0.141651 -0.028769 -0.037476 -0.118291 -0.157567 0.020320 0.163512 0.031651 -0.073415 0.098341 -0.236461 -0.010728 0.243237 -0.087639 -0.004040 0.146094 -0.110395 0.063535 0.258026
chicago 0.160791 -0.099611 0.111407 0.108661 0.038830 0.039350 0.023171 0.352477 0.235884 -0.046132 -0.003792 -0.095091 -0.106640 -0.022571 0.094647 -0.063753 0.112601 -0.051529 0.173790 0.057024 -0.116838 -0.019337 -0.210403 0.029725 0.132135 -0.001579 0.033654 0.151710 -0.298245 0.093334 -0.228155 -0.076363 0.019978 0.200421 0.090699 -0.213753 -0.223465 -0.084714 -0.002391 -0.014742 -0.290632 -0.046957 -0.106178 -0.045658 -0.081139 0.053990 -0.239527 0.000821 0.001743 0.115201 -0.181153 -0.214150 0.063023 0.000479 0.086706
move 0.111240 0.056482 0.062767 0.096673 -0.136267 -0.006213 -0.117101 -0.068143 0.034879 -0.025555 0.124933 0.138411 0.049481 0.089915 -0.019219 0.002151 0.002451 -0.017085 -0.193169 -0.131559 -0.142200 -0.335984 0.035075 0.013529 -0.160943 -0.188040 0.111805 0.057912 -0.101499 0.091875 -0.104931 0.073087 0.000524 -0.066875 -0.089585 0.110436 0.065870 0.095879 -0.031157 -0.110630 0.100861 -0.040860 -0.011847 -0.097672 -0.219650 -0.022685 -0.086901 -0.081615 0.019446 0.114157 -0.036078 -0.006589 -0.001730 -0.108245 0.058239
thailand 0.170985 0.032368 0.020301 0.175806 0.110210 0.124451 0.181523 0.158357 -0.068804 -0.085293 0.171775 -0.031869 0.165156 0.005658 0.171653 -0.050652 -0.051136 -0.187664 -0.088475 0.089128 0.181844 -0.014917 -0.180799 0.117490 0.131243 0.041826 0.061862 0.116300 -0.048178 0.020233 -0.121455 0.088977 0.009004 0.079689 0.041842 0.186453 0.218894 -0.165433 0.044208 0.095341 0.180072 0.080011 0.025329 0.190271 -0.276876 -0.009289 0.025107 -0.144456 -0.131525 -0.020284 -0.038673 0.090702 -0.055130 -0.164824 -0.023627
ukraine -0.085087 -0.044596 0.129936 -0.016970 -0.002393 0.083029 -0.079845 -0.004108 -0.018380 0.027673 -0.143823 -0.011507 -0.208074 0.001292 0.027455 0.114256 -0.018651 -0.028676 -0.152641 -0.136310 -0.063116 -0.213494 -0.196170 0.021901 0.013392 0.221509 -0.093869 -0.063266 -0.155371 -0.013631 -0.063157 0.054740 0.202530 -0.105117 0.051326 0.012232 0.037129 -0.033022 -0.136393 -0.044413 -0.102300 0.381558 0.165094 0.063387 -0.043694 -0.175618 0.188203 0.040190 -0.126837 -0.117175 0.125965 0.179019 -0.279426 -0.083301 0.146880
plano -0.107953 0.046923 0.198565 0.085133 -0.107532 -0.057168 0.004218 0.102335 0.040262 0.135328 0.142996 -0.137280 -0.029188 0.063773 0.167348 -0.018347 -0.014965 -0.014345 0.134854 -0.008522 0.067731 0.031754 0.092105 0.021607 -0.205094 -0.116614 0.064853 0.098490 -0.088416 0.045947 -0.000974 0.044138 0.007127 -0.097385 0.067280 -0.014130 0.080752 -0.162739 -0.019206 0.399145 -0.314265 0.174675 0.189136 -0.002668 0.148977 -0.049100 -0.102458 -0.028991 0.259902 -0.099451 -0.176544 -0.098946 -0.157080 0.138914 0.030139
texas -0.018175 -0.061958 0.123317 0.046217 0.061543 -0.088280 0.061950 -0.106151 -0.133123 0.017687 0.129519 -0.209334 -0.049908 -0.045725 0.089264 -0.162652 0.106862 0.070801 0.056091 -0.012021 0.076024 -0.034268 0.084243 0.085948 -0.139970 -0.227288 -0.125961 0.139050 -0.095402 -0.091299 -0.027769 0.153107 -0.128333 -0.181334 -0.135266 0.111379 0.081382 -0.134884 -0.134467 0.178578 -0.279805 -0.052723 0.312748 -0.162451 0.004137 -0.198605 -0.007578 0.020931 0.014578 0.003270 -0.150961 -0.177257 -0.022630 0.168319 0.084393
tough -0.027952 0.199099 0.083176 -0.022794 0.041044 0.291217 -0.042265 -0.009185 0.134167 -0.111669 -0.014888 0.030394 0.152898 -0.245209 0.015547 -0.060811 0.050434 0.026017 0.075979 -0.167008 -0.018601 0.296003 -0.020149 -0.131081 0.032350 0.126774 0.069298 -0.112928 -0.135659 0.162185 0.001415 -0.049954 -0.044817 0.106868 0.167682 0.057948 -0.014309 -0.179271 -0.112197 -0.128704 -0.082726 -0.068370 0.051188 -0.245009 -0.025207 -0.005984 0.299624 0.155676 -0.101040 -0.063509 -0.026227 0.059540 -0.105411 0.122189 0.054110
flying 0.016643 -0.227449 -0.015271 0.101610 0.099444 0.214186 -0.012185 -0.269679 0.074651 -0.127162 0.051877 0.104361 0.029568 0.157741 0.196031 0.085307 0.065257 0.029605 0.077688 0.006073 0.019587 0.194205 0.046167 0.008947 -0.177233 -0.043833 -0.197771 0.019194 0.060333 -0.072199 -0.018737 -0.030767 0.122945 -0.013861 -0.116596 -0.180019 -0.150118 -0.022194 -0.133021 0.030979 0.106026 0.198701 0.178900 -0.060367 -0.193885 0.064549 0.123556 0.025061 0.146762 0.218398 -0.234709 -0.090999 -0.065656 -0.210153 0.000592
iraq -0.207294 0.070666 0.076014 0.197475 -0.020935 -0.001212 0.095036 -0.279937 -0.139760 -0.180265 -0.010012 -0.146985 -0.074883 0.126077 -0.085453 0.028522 0.114292 -0.191927 0.027338 0.004093 0.004470 -0.031879 0.143879 0.134947 0.076227 0.007580 0.200236 -0.049712 -0.035902 0.086353 0.009266 -0.013237 0.012346 0.130838 -0.062738 -0.155866 -0.156094 -0.006934 -0.090553 -0.105867 0.079049 0.115344 -0.233549 -0.078091 0.035169 -0.081691 0.081997 -0.039552 0.188143 0.036154 -0.088867 0.040117 -0.150757 0.003152 -0.066389
professional 0.085148 -0.012798 0.027052 -0.095676 -0.059629 0.161174 -0.118036 -0.115816 0.122472 0.010605 -0.117246 -0.143494 0.060359 0.086824 0.149792 0.056783 -0.076096 -0.014903 0.045532 -0.174487 0.027699 0.261473 0.036767 0.159070 -0.109731 0.171064 0.091166 -0.008306 -0.266348 -0.008832 0.090867 0.045947 0.128217 0.016096 0.122114 -0.164838 0.144233 -0.008381 -0.189823 -0.042006 -0.090391 -0.080984 -0.042683 -0.062161 -0.153410 -0.188365 -0.057807 0.212923 0.090546 0.048286 -0.030478 0.101157 -0.064598 -0.065624 -0.035993
fly -0.010384 -0.116185 -0.094579 0.141952 0.036990 0.211191 -0.009339 -0.180209 0.065981 -0.155276 -0.010850 -0.066759 -0.191106 0.111509 0.297244 0.075464 -0.028395 0.217876 -0.170169 0.045352 0.085364 0.156651 -0.119493 -0.082292 0.025628 -0.102157 -0.234667 -0.048641 0.019168 0.082057 0.046182 -0.129842 0.054266 -0.107610 -0.241534 -0.021781 -0.010580 -0.138428 0.010411 -0.035212 0.071326 0.009366 0.176374 -0.055626 -0.260637 0.055338 -0.006266 0.043182 -0.038645 0.165198 -0.084747 -0.100669 -0.074502 -0.083435 -0.005390
danish -0.005078 0.006987 -0.086955 -0.098755 -0.030734 0.063735 0.144660 -0.066414 -0.187127 0.169442 -0.106916 0.111742 0.003762 -0.099078 -0.024981 0.089466 -0.028003 -0.077547 -0.037684 -0.173786 0.078351 -0.009625 0.007405 -0.092457 0.121213 -0.038163 0.085296 -0.068985 0.151508 0.144271 -0.055753 0.149716 -0.170630 0.327319 -0.036972 0.147286 0.077850 0.134148 -0.120172 -0.072658 0.104772 0.171700 0.132843 0.048799 -0.073058 -0.219390 -0.077777 0.098300 0.193344 -0.048914 -0.256424 -0.033052 -0.157600 -0.094271 -0.018424
denmark 0.118900 -0.178288 -0.119129 -0.190890 -0.006397 0.044524 -0.105136 -0.169834 -0.028319 0.074996 0.027578 0.023502 0.067043 -0.114747 0.051465 0.051967 0.033450 -0.271029 -0.041042 -0.142325 0.027248 -0.011625 -0.009294 -0.080135 0.091003 -0.149951 -0.006737 -0.129915 0.144456 0.131626 -0.006040 0.112785 -0.035876 0.242538 -0.074393 0.108441 0.014810 -0.050260 -0.139716 0.011697 -0.046014 0.133913 0.200823 0.116370 0.135935 -0.155748 0.077299 0.076239 0.132390 -0.004233 -0.221710 -0.101991 -0.046493 0.012893 0.166528
croatia -0.153626 -0.072720 0.048529 0.100492 -0.026850 -0.076680 -0.222061 -0.067805 -0.161507 -0.074886 -0.003415 0.112863 0.000541 0.095752 0.141100 -0.036790 0.170146 -0.085670 -0.019501 0.205428 -0.003886 0.153260 -0.205995 -0.037762 -0.119757 -0.040711 0.133379 0.144043 0.037845 0.096128 -0.079804 -0.050290 0.128932 0.038238 -0.012411 0.044852 -0.146691 -0.002904 -0.023031 0.044694 -0.095327 -0.166306 0.124373 -0.153894 -0.036907 -0.243521 -0.067127 0.025643 0.077070 -0.155008 -0.086019 0.023415 -0.109099 -0.162776 0.075980
