hanoi 0.047558 0.144855 -0.015253 0.166526 -0.100437 -0.019750 -0.189555 0.063743 0.063714 0.084285 -0.147260 -0.168552 -0.276331 -0.161717 0.213663 -0.295975 -0.024110 -0.172591 -0.036011 0.058329 0.312053 0.295824 -0.026702 -0.030390 -0.188134 0.036431 0.032385 0.097009 0.032165 0.012693 0.184911 0.183318 -0.012531 -0.016006 0.041371 -0.044292 0.194233 0.092453 0.035571 -0.115389 0.012046 -0.122629 -0.054726 0.124776 -0.029039
tougher 0.374660 -0.050690 0.101918 0.086519 -0.030415 0.026940 -0.084968 0.015360 0.119862 -0.114985 -0.231117 0.139599 0.069825 -0.035063 -0.221290 -0.095823 -0.136621 -0.066443 0.302476 -0.030301 0.132235 0.065307 -0.248316 0.027411 0.044915 0.051864 0.041418 -0.007272 -0.030835 -0.123499 -0.119977 0.108494 0.031471 -0.213648 -0.057006 0.069408 0.194858 0.176105 -0.170299 -0.095432 -0.071572 0.089092 -0.110284 -0.039315 0.043528
occasionally -0.078836 0.104905 0.086193 -0.203333 -0.033129 0.089608 -0.094179 0.031310 -0.065090 0.159877 -0.081907 -0.194404 -0.078325 -0.125333 -0.057335 0.162385 0.276115 0.081198 0.115448 0.133082 0.022144 0.004058 0.071054 0.278739 -0.136794 -0.241537 0.124439 0.075187 -0.210736 -0.066610 0.059683 0.002254 -0.001625 -0.290641 0.032210 -0.174554 0.132280 -0.051187 0.028333 -0.094790 -0.329100 0.110794 -0.093018 0.171693 -0.040035
ukrainian -0.285962 -0.051287 0.011067 -0.001400 0.052715 -0.133437 0.219908 0.193608 -0.233747 -0.128698 0.121039 0.025056 0.087989 -0.186670 0.042589 -0.071620 -0.170643 -0.139714 0.048804 0.111715 0.017755 0.163408 -0.021622 0.097743 -0.013278 -0.058830 0.199192 0.028448 -0.033615 0.022910 0.096118 -0.039069 0.204723 -0.118125 0.089990 -0.004574 -0.117158 -0.356898 -0.194657 0.055002 0.167071 0.023387 -0.052523 -0.167333 -0.000725
occasional -0.000218 -0.022071 0.138505 0.012045 -0.039061 0.118231 0.091775 -0.129349 -0.257823 -0.007949 0.067772 -0.198036 -0.108848 -0.129353 -0.107637 0.174926 0.222023 0.030030 0.200252 0.117316 0.085596 -0.065309 0.238279 0.101067 -0.012754 -0.039083 0.134003 -0.139748 -0.054890 -0.284884 0.082467 -0.006849 0.003307 -0.237068 0.102018 -0.072449 0.030326 -0.118504 -0.074870 -0.278440 -0.237061 0.036382 -0.035403 -0.098705 -0.053186
norway 0.029637 -0.055467 0.220050 -0.051815 0.064469 -0.013153 -0.035619 -0.133850 -0.107642 -0.303602 -0.083722 -0.033193 0.011385 -0.058012 0.147975 -0.003104 -0.229553 0.091807 -0.054900 0.122839 -0.084268 -0.180574 0.020288 0.155051 -0.195893 0.078261 0.176992 -0.159663 0.032924 -0.099657 -0.026354 -0.033795 0.100048 0.159871 -0.323138 -0.124425 0.050535 -0.071518 -0.029610 -0.303232 0.045610 -0.122910 -0.011750 -0.143490 -0.090563
baghdad 0.279500 0.147121 0.106499 -0.072273 -0.019468 0.094889 -0.181036 0.034498 -0.101380 0.069504 0.102382 0.183830 0.028648 0.042589 -0.071419 0.040767 0.089719 -0.074729 0.207586 0.055751 -0.192398 0.118224 -0.058754 -0.080556 0.035622 0.132957 0.245101 0.048101 0.105038 0.031819 -0.038480 0.172124 0.176691 0.114776 -0.022213 0.209695 0.383128 -0.215435 0.103120 0.171302 -0.114516 -0.005234 0.222606 0.028661 -0.054789
illinois 0.122466 0.212051 -0.024339 0.059683 -0.118079 0.097223 0.146719 -0.135326 0.184745 0.077413 0.013332 0.194791 -0.166360 0.094546 0.006111 -0.149882 0.216254 0.018058 -0.019741 -0.021858 -0.055234 -0.141919 -0.191399 0.114087 0.054080 0.040730 0.098232 -0.082836 -0.032714 0.034077 0.050041 -0.121716 0.107978 -0.269228 0.082172 -0.303095 0.156825 -0.224898 -0.027833 0.187717 -0.075186 -0.073557 -0.109196 0.091743 -0.043699
moving 0.199858 0.195616 0.093700 -0.060511 -0.069337 0.059816 -0.071253 -0.010569 -0.258152 0.111416 -0.141085 -0.210164 0.068376 0.053280 0.114089 -0.059209 -0.003860 -0.195264 0.086055 -0.044612 0.027617 -0.096255 -0.076126 -0.081086 0.285779 -0.060044 -0.112340 0.164955 0.026949 0.195512 -0.033384 -0.242590 0.068532 -0.028464 0.148949 0.196871 -0.186027 -0.232740 -0.099507 -0.323520 0.237746 0.152333 0.124248 0.038485 0.025640
loud 0.191780 0.081643 0.030830 -0.060562 0.162122 -0.068557 -0.188615 0.186289 -0.023688 0.137999 0.352077 0.040932 -0.355738 0.089546 -0.058806 -0.087058 -0.077602 0.011060 0.251580 -0.101505 0.161963 0.012711 0.171063 -0.006035 0.028065 0.155750 -0.111946 0.068946 0.002577 0.017841 -0.114375 0.140932 0.086318 0.047639 -0.045013 -0.189094 0.148897 -0.122535 0.064584 -0.108337 -0.051722 0.023667 0.072466 0.029568 -0.019736
thai 0.150449 0.165425 0.131129 -0.307558 0.231658 -0.167416 0.074432 -0.135435 0.038426 0.156500 -0.169620 -0.000980 0.068105 -0.183658 -0.075087 -0.105089 0.126330 0.022253 -0.114322 -0.131706 -0.112803 0.005545 -0.067527 -0.172463 0.079210 -0.068819 -0.072686 -0.176517 0.004123 -0.186235 0.225869 0.124117 0.056598 -0.084027 0.058975 -0.126874 -0.049150 -0.124016 0.056257 -0.136209 -0.033845 0.145830 -0.099003 0.098058 0.040863
croatian 0.020917 0.126072 0.112408 -0.077995 -0.210309 -0.085287 -0.025768 0.071582 -0.123404 0.405211 -0.100177 0.037863 -0.176103 0.082043 -0.029205 0.071918 -0.136547 0.022501 -0.153651 -0.042254 -0.019738 0.017411 -0.136053 -0.098866 0.090049 -0.005859 0.181568 -0.285418 0.087787 0.021340 -0.027662 -0.042245 -0.105309 0.060066 -0.006193 -0.148358 0.034290 0.008767 -0.374643 -0.149572 -0.044767 -0.155209 0.059503 -0.062169 0.353032
argentina 0.126682 0.112614 -0.024462 0.074278 -0.241234 -0.075386 -0.132248 0.038108 -0.137672 -0.094004 -0.067923 0.060937 -0.177014 -0.089050 -0.091156 0.125614 -0.089935 -0.284924 -0.075281 -0.262603 -0.182563 -0.049854 -0.012077 -0.272464 -0.096373 -0.249253 0.113113 0.041273 -0.139895 -0.072031 -0.051694 -0.030864 0.015399 0.020809 -0.091588 -0.177924 -0.033800 0.018354 0.166559 0.001886 0.064810 0.165910 -0.048319 -0.138509 0.132349
vietnam -0.144585 0.307317 0.039868 0.095375 -0.024304 0.101363 -0.174151 -0.016791 0.124902 0.003409 -0.077124 -0.157375 -0.181829 0.054027 0.198020 -0.044791 0.094533 -0.157559 0.064929 0.128447 0.448327 0.260276 -0.102888 0.017323 -0.219401 -0.042095 -0.073486 0.014337 0.162499 0.127909 -0.028507 0.113707 0.040568 -0.066195 -0.117334 -0.045281 0.151886 -0.101668 0.169462 -0.062854 0.197225 0.036427 -0.113896 0.083008 0.112157
norwegian 0.052743 -0.081856 0.247614 0.082814 0.135778 -0.021010 -0.118946 -0.233180 0.065333 -0.335739 -0.080408 -0.058930 0.137206 -0.246114 0.041025 -0.022344 -0.177711 0.056323 -0.005085 0.200995 0.042916 -0.112189 -0.124006 0.224085 -0.165782 0.207309 0.144676 -0.029383 0.054772 -0.011880 0.157072 -0.037501 0.031002 0.212229 -0.090692 -0.073807 -0.001879 -0.165139 -0.122007 -0.356002 0.124835 -0.053278 -0.045020 0.069346 0.071629
professionally -0.067190 0.072668 -0.026950 -0.022594 -0.138770 -0.175177 -0.037084 0.043357 0.079533 -0.071564 -0.037556 0.153147 -0.047740 0.042057 -0.120203 0.026584 -0.011498 0.034572 0.172433 -0.171882 0.014731 -0.071600 0.196331 0.235555 0.104209 0.056227 0.204059 -0.053177 0.145905 -0.220716 0.268055 0.204619 -0.079974 -0.135940 -0.034310 0.019180 0.003903 -0.229620 0.133945 -0.127855 -0.027268 -0.183078 0.106265 -0.073023 -0.015634
argentinean 0.294163 0.182347 -0.039237 0.043953 -0.007067 -0.225341 -0.106339 0.169834 -0.239062 -0.247389 0.025519 -0.041934 -0.143791 -0.199721 -0.003146 -0.004298 0.128918 -0.253746 -0.207183 -0.239528 -0.158655 0.127724 -0.196694 -0.147979 0.030688 -0.174362 -0.085495 0.003177 -0.003573 -0.051812 -0.050222 0.015468 0.062166 -0.024826 -0.066975 -0.158209 0.062228 -0.074665 0.124591 0.141130 0.130347 -0.023572 0.155189 -0.061918 -0.062957
louder 0.030072 0.170358 0.025817 0.143182 0.124919 -0.218348 0.221647 0.114275 -0.090907 -0.023770 0.285791 -0.073906 -0.219321 0.209817 -0.121059 -0.081878 -0.111437 -0.036083 0.198450 0.015585 0.118277 0.171136 0.069128 -0.143868 -0.035090 0.101121 -0.089166 0.001487 -0.057745 0.000271 -0.076068 0.164397 0.126390 -0.096595 -0.003569 -0.120047 0.210392 -0.188988 0.255247 0.006049 0.051540 -0.005705 -0.068977 0.181070 0.112988
chicago 0.146644 -0.018187 0.067406 -0.182980 -0.139361 0.149658 0.290806 0.050112 0.222964 0.109357 -0.009414 0.153561 -0.265483 -0.206324 -0.060543 -0.034139 -0.099782 -0.097924 -0.015349 0.107749 -0.016432 -0.124915 0.110466 0.045135 -0.080037 0.143220 0.023348 -0.003767 -0.036364 0.008601 0.004816 -0.220111 0.170661 -0.412075 0.298023 -0.219530 0.246225 -0.066505 0.230918 -0.015078 0.023447 -0.077382 -0.040062 0.007558 0.075782
move -0.082324 0.134056 0.210610 -0.027744 -0.183245 -0.059273 -0.027863 -0.086152 -0.196710 0.095327 -0.000391 -0.201114 -0.006977 -0.079195 0.113058 -0.234254 -0.143569 0.045742 0.113909 -0.164249 -0.034624 -0.057483 -0.051312 0.039505 0.237525 -0.160693 -0.057361 0.095848 0.024881 0.050000 0.040719 -0.066223 0.033234 0.009883 0.076099 -0.045955 -0.063433 -0.143491 0.027122 -0.276392 0.034863 -0.095433 0.041524 -0.048039 0.136791
thailand 0.133014 0.225476 -0.051648 0.004672 0.329707 -0.187902 0.071388 -0.192600 -0.135130 0.048160 -0.248253 0.008439 -0.054906 -0.206432 -0.063198 -0.146466 0.033062 0.062211 -0.190301 -0.164784 -0.058903 0.115504 -0.012796 0.041447 -0.045668 0.135419 -0.101965 -0.174912 -0.074784 0.048705 0.226787 -0.073163 0.170953 -0.011140 0.039482 -0.081657 -0.055537 -0.156310 -0.090086 -0.003288 -0.099317 0.138060 -0.063730 -0.056865 0.183830
ukraine -0.282934 -0.015950 0.094677 0.188163 0.044601 -0.082652 0.100052 0.353551 -0.229441 -0.198200 0.000367 0.315673 0.110133 -0.058852 0.164840 -0.115832 -0.062575 -0.035654 0.119198 0.131725 0.112233 0.068329 -0.020030 -0.063137 -0.116464 0.045613 -0.136937 -0.029773 -0.141019 -0.053826 0.029178 0.030386 0.164817 0.043013 -0.072067 0.057023 0.064873 -0.336124 -0.040184 -0.046534 0.012678 0.091456 -0.048856 -0.282722 0.066765
plano 0.136332 -0.189722 -0.041331 -0.040967 -0.048001 -0.130135 -0.062582 0.286619 -0.108909 0.020811 -0.046248 0.057943 -0.171463 0.096310 -0.318328 -0.214741 0.128653 -0.002366 0.147689 0.084689 -0.121494 -0.073304 0.058516 0.056366 -0.240100 -0.013789 0.097405 -0.109909 0.110860 -0.091292 -0.021566 -0.348199 0.066778 0.191119 0.008248 -0.158495 -0.007514 -0.119485 0.112741 -0.056574 0.194670 0.004728 -0.119384 0.206075 -0.107553
texas 0.183707 -0.187131 -0.052227 -0.034742 -0.107280 -0.016911 -0.138299 0.235031 0.075235 -0.004724 0.114882 0.017049 -0.265599 0.130229 -0.157190 -0.247070 0.000848 0.042800 -0.057359 0.144703 -0.167577 -0.222970 -0.132716 0.020256 0.026719 -0.258272 0.071899 -0.228645 -0.034666 -0.027217 0.097564 -0.167553 -0.072237 0.126764 -0.062019 0.047733 -0.030482 -0.178796 0.028392 -0.123834 0.030713 0.056691 -0.261791 0.056502 0.056184
tough 0.163404 0.043345 0.192083 0.080744 0.193171 -0.196643 -0.114164 0.088439 0.080862 -0.162083 -0.246435 0.120160 0.124304 0.017792 -0.156178 -0.065075 -0.104577 -0.179386 0.040513 0.200277 0.132666 -0.062860 0.000660 -0.026027 -0.037951 -0.056319 0.189408 0.133521 0.182151 0.051825 -0.004581 0.203029 -0.175084 -0.248710 0.069012 0.072314 0.272546 0.048992 -0.148014 -0.008435 -0.049232 0.094284 -0.128437 -0.037481 0.025030
flying 0.203903 -0.116915 -0.021935 -0.165148 0.027076 -0.082241 -0.145236 -0.128169 -0.026461 0.106590 0.026224 0.205010 0.098741 0.225655 0.052068 -0.059792 0.107438 0.201144 0.148260 0.043387 0.138648 0.137826 0.165530 -0.064981 0.024117 -0.273867 0.165386 -0.079382 -0.236785 0.137108 0.190110 -0.095318 -0.040030 -0.114466 -0.014844 0.023704 -0.009642 -0.079357 0.110702 0.013775 0.265302 -0.009885 0.158512 -0.225346 0.183537
iraq 0.194860 0.218542 0.134119 -0.150059 -0.017269 -0.037851 0.005001 0.022815 -0.100544 0.105566 0.038731 0.052229 -0.085742 0.017189 0.054479 0.171580 0.144105 0.109115 0.254291 0.052944 -0.160415 -0.040064 -0.191676 -0.163016 0.022952 0.055232 0.041418 0.161060 0.006658 0.020968 -0.032745 0.042606 -0.109511 0.064199 -0.234285 -0.056706 0.189556 -0.133088 0.016157 0.047977 0.099267 0.195694 0.248797 -0.102922 -0.025766
professional -0.103440 0.051338 0.067193 -0.116709 -0.050665 -0.346797 -0.065647 -0.004598 0.105893 -0.128721 -0.005610 0.307901 0.046290 0.144605 -0.046636 0.088651 0.112687 -0.036969 0.162570 0.021987 0.014741 -0.008394 0.107425 -0.041627 0.028980 -0.081831 0.146834 0.013219 0.111548 -0.245767 0.141209 0.105032 -0.065665 -0.155276 0.245000 0.015827 0.058660 -0.256719 0.034127 -0.024902 -0.078187 0.065459 0.094248 0.057771 0.044316
fly 0.261978 0.106916 -0.014677 -0.027111 -0.036870 0.001400 -0.189602 -0.114147 0.152608 -0.086045 0.223868 0.027369 0.209654 0.011012 0.035823 -0.145125 -0.032401 0.085735 -0.089627 0.039171 0.009313 0.125305 0.257249 0.096290 -0.094568 -0.198121 0.142847 -0.059832 -0.276627 -0.001284 0.106652 0.009158 0.015611 -0.029723 -0.008665 0.067867 0.010751 -0.249556 -0.037598 0.077034 0.248997 -0.064417 0.011518 -0.188839 0.255679
danish 0.088343 0.072867 -0.115701 -0.059451 -0.117869 -0.083348 0.051497 0.116630 -0.210088 -0.058037 -0.125195 0.137808 -0.042818 0.108277 -0.074230 -0.012994 -0.093611 0.029220 -0.091126 0.214576 -0.140253 0.369318 -0.029985 -0.074622 0.143236 -0.078711 0.000481 0.053792 0.030090 0.140334 0.127239 0.193370 0.019834 -0.057296 -0.283098 -0.241785 -0.190241 -0.017014 -0.108067 -0.165033 -0.187978 0.021031 0.175807 0.039853 -0.016089
denmark 0.132009 -0.123400 -0.007726 0.016066 -0.012620 0.081195 0.112270 0.018364 -0.176548 -0.061384 -0.084015 0.132142 -0.176334 0.315744 -0.106922 -0.230711 -0.118474 0.114006 -0.085145 0.135241 0.066242 0.139253 -0.009224 0.058159 0.000532 -0.185630 0.054807 -0.016305 0.067650 0.052075 -0.086779 0.244448 0.060661 -0.120624 -0.235016 -0.117703 -0.134008 -0.138113 -0.107450 -0.060349 -0.129542 -0.014408 0.216546 0.009208 -0.063459
croatia 0.154122 0.133205 0.113747 -0.013602 -0.127509 -0.103357 0.042364 0.117414 -0.071106 0.227470 0.027337 0.107111 -0.109156 0.273615 -0.037502 0.099425 0.039878 -0.004595 -0.046264 0.016187 -0.103530 -0.001230 -0.008423 0.003747 -0.114740 0.003411 0.184595 -0.217841 -0.012901 0.116033 -0.190019 0.018555 0.048920 0.063567 0.204787 0.030011 0.070696 -0.076030 -0.130496 -0.189908 0.023352 -0.124342 -0.036855 -0.151783 0.150684
