move -0.220304 0.124183 0.180705 0.248488 -0.106860 0.292275 0.097573 0.381036 -0.155169 0.123634 0.050752 -0.017152 0.038128 0.232049 -0.173112
tougher 0.064154 -0.024055 0.111429 0.202805 0.036050 -0.132641 0.295115 -0.030286 -0.277961 0.108297 -0.130668 0.127973 -0.113989 -0.111315 0.234870
occasionally -0.194172 0.305163 -0.029270 -0.058490 0.157664 -0.022311 -0.020149 -0.134082 0.154552 -0.098007 -0.162949 0.159242 0.028731 0.070181 -0.017202
argentina -0.118539 0.035868 0.033405 -0.177100 -0.099643 -0.103502 -0.144200 -0.082327 -0.099444 0.070851 -0.138911 -0.336638 0.005359 -0.072847 0.013302
danish -0.072260 -0.015064 -0.205014 -0.187002 0.074002 -0.101190 0.027122 0.352028 0.171828 0.088439 0.040901 0.088193 -0.174428 0.043067 0.134159
fly -0.085393 -0.088776 0.456227 0.084046 0.061452 0.057931 -0.090571 0.280025 0.157825 0.119733 0.013317 -0.047987 -0.057622 0.097241 -0.178599
louder 0.118015 0.061836 -0.012054 0.278250 0.132795 0.108168 -0.005187 -0.052010 -0.131776 0.082682 0.075317 0.014648 -0.153739 -0.228350 0.319647
loud 0.363509 0.168053 -0.003928 0.089738 0.197964 0.107682 0.069945 -0.026350 0.076891 -0.098582 0.038339 -0.298041 0.221832 -0.049452 0.106062
norway -0.138785 -0.113160 0.101288 -0.167795 -0.100843 0.137724 -0.044129 0.013070 -0.154316 -0.299010 -0.136395 -0.209984 0.012572 -0.199706 0.015141
ukraine 0.022801 -0.103833 0.051120 0.111644 -0.213226 -0.122427 -0.167435 -0.003259 -0.045443 -0.155330 -0.175452 -0.049313 0.269070 -0.204008 -0.036738
professional 0.268817 0.017657 -0.165526 -0.011298 -0.075522 0.047390 -0.030769 -0.136331 -0.077373 0.005649 0.113029 0.110716 -0.283802 -0.085787 -0.390300
moving -0.090893 -0.232991 -0.065047 0.159721 -0.042503 0.073919 0.037215 -0.179961 -0.010882 -0.094332 -0.085938 -0.089633 -0.037725 0.290281 0.037137
tough 0.237660 0.057948 0.084198 -0.092331 0.043709 -0.042397 0.442411 -0.053363 0.117769 0.056968 0.035953 -0.064910 0.238840 -0.070783 -0.023376
flying -0.122937 -0.218043 0.110583 0.073708 -0.083060 -0.030049 0.038576 -0.299205 0.308445 -0.093112 0.060235 -0.089425 -0.047755 0.132089 -0.020796
professionally 0.121035 0.319310 0.027166 -0.135922 -0.058543 -0.110762 -0.104286 -0.142680 0.058879 -0.279091 -0.056333 0.168378 -0.165628 0.165173 0.057481
norwegian -0.021906 -0.046807 -0.081411 -0.212856 0.097753 0.044636 -0.057709 0.101945 -0.162674 -0.068065 0.121923 0.184707 0.068381 0.067190 0.152979
argentinean 0.049167 0.028214 -0.164727 -0.179687 0.056327 -0.115675 -0.121628 0.042385 -0.081185 0.299737 0.190276 0.045761 0.042435 0.132389 0.115283
ukrainian -0.014982 -0.027025 -0.173613 0.019817 0.040609 -0.257559 -0.027470 0.099803 -0.033022 -0.034170 0.307319 0.216943 0.090999 -0.065326 0.033490
occasional 0.177045 -0.059976 -0.111483 0.035427 0.141723 0.105169 -0.062892 -0.092328 0.002897 0.096068 -0.057789 0.149661 0.004288 -0.114826 -0.372240
denmark 0.003067 0.013769 -0.033677 -0.162608 -0.326280 0.028070 -0.057500 0.138852 0.122685 0.036926 -0.245466 -0.158005 -0.040744 -0.158447 0.047334
