[3.8829348]
[3.8051548]
[3.8078644]
[4.013925]
[3.7460632]
[3.7657692]
[3.6683052]
[3.6918523]
[4.0991063]
[3.8661902]
[3.753798]
[3.7088711]
[4.010069]
[3.8772001]
[4.237666]
[3.7899861]
[3.6712315]
[3.973046]
[3.8573782]
[3.9573178]
[3.9234948]
[3.7081473]
[3.8961523]
[3.9700184]
[4.066925]
[3.6369393]
[3.8120158]
[3.8056688]
[3.6604118]
[3.7150488]
[3.9355893]
[3.8027093]
[3.8906815]
[3.7837217]
[4.0162377]
[4.0686965]
[4.1857057]
[4.0629067]
[3.950148]
[3.4107013]
[3.796383]
[3.770092]
[3.8169944]
[3.8688614]
[4.32755]
[3.973872]
[3.5727513]
[4.088751]
[3.807547]
[3.7979355]
[4.0686946]
[3.711126]
[4.1804323]
[3.7039742]
[4.087526]
[3.5673609]
[3.6504018]
[4.3660836]
[3.6063125]
[3.577087]
[3.867328]
[3.8854566]
[3.7953467]
[3.7150464]
[3.7351003]
[3.6277623]
[3.8627293]
[3.7971337]
[3.8945103]
[3.719772]
[3.6455388]
[3.6003795]
[3.8730264]
[3.7207327]
[3.7086115]
[3.808553]
[3.9251668]
[3.7704017]
[3.9047236]
[4.2496443]
[3.7537966]
[3.842869]
[3.8198779]
[3.923257]
[3.9549327]
[3.8034945]
[3.7420309]
[3.8838847]
[3.9918737]
[4.1300316]
[3.619406]
[3.8573778]
[4.041592]
[4.078973]
[3.5677943]
[4.226873]
[3.8150303]
[3.8342566]
[4.111163]
[3.7374947]
[3.7700915]
[3.7963834]
[4.1028137]
[3.7907426]
[3.693629]
[4.261919]
[4.037012]
[3.650403]
[4.164651]
[3.738758]
[3.780147]
[3.8010354]
[3.7123249]
[3.933382]
[3.6773264]
[3.8293917]
[3.8010404]
[3.9880567]
[3.8999677]
[3.8158453]
[3.6631558]
[3.8289719]
[3.523963]
[3.8207476]
[3.8034947]
[3.8243575]
[3.8630612]
[3.933101]
[3.8241441]
[3.6721616]
[4.2465544]
[4.0669622]
[3.7278202]
[3.8059547]
[3.8836176]
[4.1231155]
[3.7463078]
[3.7460632]
[4.2448535]
[3.945708]
[3.8628137]
[3.747206]
[3.795107]
[3.9741192]
[3.7064166]
[3.6152806]
[4.0162425]
[3.743819]
[3.7117388]
[3.9208543]
[3.7450242]
[3.9171796]
[3.6606634]
[3.892505]
[3.5825872]
[4.2187753]
[3.8259797]
[3.621653]
[4.088752]
[3.603979]
[4.0576715]
[3.8014395]
[4.1279855]
[4.03723]
[4.0206914]
[3.6841671]
[3.7866783]
[4.069121]
[3.6835353]
[3.6936502]
[3.9713233]
[3.7109056]
[3.6003773]
[3.8612874]
[4.150329]
[3.5901723]
[4.111948]
[3.6777904]
[3.8281765]
[3.7207394]
[3.8181677]
[3.8488455]
[3.6063128]
[3.7740304]
[3.6708493]
[3.8430102]
[3.6543314]
[4.0130987]
[3.9664855]
[4.084005]
[3.8060002]
[3.6712413]
[4.0781837]
[4.180422]
[3.7876012]
[3.904098]
[3.8906753]
[3.7904477]
[3.72978]
[4.30073]
[4.0139256]
[4.0900064]
[3.7809634]
[3.6790545]
[3.8110883]
[3.8630588]
[4.246548]
[3.8459678]
[3.9806755]
[3.8677227]
[3.9234622]
[3.890458]
[3.7704034]
[3.7297812]
[3.702123]
[4.1861033]
[3.9626577]
[3.8069139]
[3.6790526]
[3.71506]
[3.723291]
[3.7374923]
[3.7702572]
[3.8606505]
[3.8579895]
[3.769897]
[3.6277614]
[3.8447537]
[4.0167136]
[3.8553653]
[3.7606566]
[3.850366]
[4.29186]
[4.0481024]
[3.9455025]
[3.6358526]
[4.0116463]
[3.6003778]
[3.8838844]
[4.070954]
[4.1059337]
[3.6960819]
[3.8331563]
[3.6918533]
[3.7518964]
[3.7235303]
[3.8659992]
[3.670849]
[3.8226402]
[3.7727547]
[3.7088695]
[4.041678]
[3.919811]
[3.91652]
[3.9578924]
[3.6057239]
[3.9642992]
[4.0504284]
[3.7093692]
[4.044985]
[4.0918927]
[3.6580982]
[3.8241432]
[3.7474399]
[4.13088]
[4.0139256]
[4.1565046]
[4.0571947]
[4.0449815]
[3.627761]
[3.9916825]
[3.8467124]
[3.663359]
[3.8800654]
[4.078277]
[3.762875]
[3.8105676]
[3.676692]
[3.9460022]
[3.8655264]
[3.6718037]
[3.828782]
[3.7232876]
[3.9677484]
[4.118504]
[3.7085576]
[3.6893735]
[4.2599816]
[4.109614]
[3.586355]
[3.8628135]
[3.841113]
[3.7313251]
[3.621652]
[4.0286107]
[3.81109]
[3.7463012]
[3.7171948]
[3.931101]
[4.336913]
[3.9073255]
[4.1470594]
[3.846505]
[3.9933054]
[3.787601]
[4.131635]
[4.092213]
[3.6604512]
[4.175279]
[4.002627]
[3.7570977]
[3.7121491]
[4.2299657]
[3.8827472]
[3.8463993]
[3.8105695]
[4.2055793]
[3.9593344]
[4.1766415]
[3.8942068]
[3.7309756]
[3.9379294]
[4.3275514]
[3.681646]
[3.6277604]
[3.943996]
[3.9379263]
[4.263977]
[3.595252]
[3.939578]
[3.6455386]
[3.7038326]
[3.968443]
[3.823696]
[3.6317406]
[3.9061406]
[3.6250472]
[3.8420238]
[3.7345278]
[3.8685198]
[4.2511816]
[3.7197707]
[3.7954397]
[3.8048778]
[3.6528757]
[3.9984884]
[3.5770888]
[3.7971287]
[3.917182]
[4.178408]
[3.7904477]
[3.9208553]
[3.7187498]
[3.8649218]
[3.8815184]
[3.9219117]
[3.9466252]
[3.966216]
[3.7800045]
[4.389304]
[3.940539]
[3.7121508]
[3.7646015]
[4.117007]
[4.2449985]
[4.1231136]
[3.945554]
[3.5901725]
[4.3893027]
[4.340649]
[3.78755]
[3.9230452]
[4.0884676]
[4.0130997]
[3.8066006]
[3.9294467]
[3.8085532]
[3.9311013]
[4.033956]
[4.0743575]
[3.9525592]
[3.7038333]
[4.2548647]
[3.689373]
[3.6319966]
[3.8367372]
[3.6455379]
[3.5935311]
[3.8259757]
[4.015672]
[4.0199647]
[3.8688607]
[4.047871]
[3.756827]
[3.8627293]
[4.1534586]
[3.6633985]
[3.825978]
[3.7578301]
[3.9506404]
[3.8110893]
[3.710282]
[3.926697]
[3.797843]
[4.383235]
[4.0655723]
[3.853501]
[3.8225946]
[3.9617872]
[4.2185245]
[4.0781817]
[3.8014402]
[3.9234626]
[3.582198]
[3.777374]
[3.87126]
[3.7394764]
[3.9712763]
[3.941595]
[3.850858]
[3.8431842]
[3.9061916]
[3.9165208]
[3.8650043]
[4.1754613]
[3.9161234]
[3.6841638]
[3.9935386]
[4.090004]
[3.6720912]
[3.8289716]
[4.3312907]
[4.022643]
[3.696081]
[3.8125696]
[3.6753113]
[3.6865978]
[3.7150433]
[3.6063118]
[3.8845503]
[3.5031965]
[3.850858]
[3.8897507]
[3.8602154]
[3.6766915]
[3.8829267]
[3.6366618]
[3.787551]
[4.0958266]
[3.7854629]
[4.049486]
[3.7887363]
[3.8546]
[3.8677223]
[4.402769]
[3.743673]
[3.7038338]
[4.231258]
[3.8223236]
[3.7664797]
[3.9072733]
[3.843182]
[3.7225702]
[3.7497509]
[4.1516857]
[4.087749]
[3.912002]
[3.692113]
[4.1470575]
[4.1050124]
[3.9872725]
[4.0339556]
[3.9073246]
[3.7662296]
[3.6839514]
[3.7171876]
[3.8120127]
[3.843661]
[3.703833]
[4.1042604]
[3.8259828]
[3.882745]
[4.1754613]
[4.117008]
[3.9161155]
[4.140179]
[3.8359697]
[3.9156995]
[3.7109492]
[3.6960814]
[3.6044512]
[3.676692]
[3.7039745]
[3.5344758]
[4.0130987]
[4.1075034]
[3.8165038]
[3.6406858]
[4.0036755]
[3.859818]
[3.997776]
[4.0707884]
[3.7207384]
[3.8056695]
[3.8397684]
[3.8914545]
[3.9549417]
[4.029955]
[3.7979143]
[3.9601839]
[3.7875483]
[4.0161166]
[3.9883354]
[3.8805633]
[3.8725817]
[3.6790526]
[3.8512022]
[3.60445]
[4.0336394]
[3.9198115]
[3.8411143]
[3.9064627]
[4.1285167]
[3.7899826]
[4.16545]
[3.8602161]
[3.9548886]
[3.7394807]
[3.9899685]
[4.0156727]
[3.9501483]
[3.848846]
[3.7899778]
[3.8083613]
[3.773454]
[3.8441107]
[3.9549398]
[3.821086]
[4.079593]
[3.9931376]
[3.8546016]
[3.9741497]
[4.151905]
[3.7237315]
[4.0272093]
[3.6921437]
[3.9171834]
[3.8579867]
[4.1404376]
[4.3231926]
[3.6925466]
[3.7773738]
[3.7551775]
[3.5935373]
[3.7064161]
[4.0991077]
[3.7111256]
[4.180422]
[3.760658]
[4.0782714]
[3.8339708]
[3.8048785]
[3.8169947]
[4.0097947]
[3.8771992]
[3.6332185]
[4.5139985]
[3.7907398]
[4.0370026]
[4.251182]
[3.822353]
[3.5952516]
[3.9160182]
[4.134077]
[3.8805597]
[3.7115135]
[3.8845422]
[4.1308775]
[3.86129]
[4.15621]
[3.961783]
[3.7297797]
[4.0169463]
[3.7187426]
[3.6893733]
[3.8423698]
[3.7801478]
[4.069009]
[3.7115142]
[4.1028137]
[3.868864]
[3.5825837]
[3.8278658]
[4.2979536]
[3.6604092]
[3.9008307]
[4.045932]
[4.003656]
[4.078968]
[3.880763]
[3.6859357]
[4.118504]
[3.9014778]
[3.6798246]
[4.04782]
[3.9933064]
[3.9870155]
[4.042352]
[3.8459675]
[4.2448545]
[3.9457078]
[3.7384233]
[4.3660808]
[4.074116]
[4.019966]
[4.068695]
[3.9466236]
[3.768315]
[3.868868]
[4.186102]
[3.9161878]
[3.9056654]
[4.1939116]
[3.7345283]
[4.1285186]
[3.9052625]
[3.8906856]
[4.093958]
[4.152675]
[3.823701]
[4.069914]
[3.939578]
[3.6358519]
[3.8147914]
[3.7948158]
[3.7827609]
[3.7886612]
[3.8160317]
[3.6927423]
[4.0680246]
[3.7034311]
[3.6250472]
[3.939578]
[3.751109]
[3.8309536]
[3.8223524]
[3.9863508]
[3.7420323]
[3.759565]
[4.147061]
[3.8454401]
[3.8726027]
[4.202088]
[4.347265]
[3.7038329]
[3.9452598]
[3.7004058]
[3.8281355]
[3.9331]
[3.790449]
[3.7111282]
[3.8411946]
[3.8553684]
[3.89593]
[4.258135]
[3.973871]
[4.131634]
[3.8605592]
[3.8434947]
[3.9880586]
[3.7088687]
[3.7488332]
[3.9392965]
[3.9186685]
[3.943433]
[4.183858]
[3.7121499]
[3.7606578]
[3.988335]
[4.153453]
[3.6646712]
[4.183822]
[3.7578301]
[3.9394345]
[3.8465035]
[3.9111943]
[3.7309754]
[3.9601846]
[3.6039784]
[3.723732]
[3.838273]
[4.187307]
[3.7038348]
[3.974605]
[3.8518562]
[4.2619634]
[4.2279396]
[4.078183]
[3.8160348]
[3.9692712]
[3.6790528]
[3.8652952]
[3.7488322]
[3.6293385]
[3.9171808]
[3.61864]
[3.9379282]
[3.925193]
[3.9509535]
[3.7659538]
[3.6152797]
[4.3098235]
[4.186103]
[3.7085578]
[4.164837]
[3.8365362]
[3.7398531]
[3.640695]
[3.7027469]
[3.81109]
[3.9593327]
[4.0462284]
[3.899967]
[4.0874476]
[3.9702625]
[4.0123777]
[3.954888]
[3.8110905]
[3.8085732]
[3.907325]
[3.7055123]
[4.045928]
[3.8048742]
[3.7826345]
[3.9688919]
[4.078178]
[3.8317974]
[4.001665]
[3.987006]
[4.2940626]
[3.7386265]
[3.723532]
[3.8430173]
[3.7829194]
[4.000341]
[3.8207476]
[3.7640135]
[4.0331426]
[3.9219127]
[3.7420313]
[3.8465023]
[3.9662125]
[3.8792675]
[4.1778207]
[3.9933505]
[4.216133]
[3.7886612]
[3.9933047]
[3.9579644]
[3.5976033]
[3.9073255]
[3.6486735]
[4.020688]
[3.6604095]
[3.8241432]
[3.6003768]
[3.8142464]
[3.868872]
[3.6044502]
[3.8054464]
[3.7551773]
[3.8434956]
[3.7580805]
[3.8628132]
[3.6925466]
[3.9957573]
[3.660451]
[3.5901725]
[4.3250794]
[4.1565037]
[3.9966698]
[4.037227]
[3.8289716]
[4.23126]
[3.8553674]
[4.0099983]
[3.9156985]
[3.8147876]
[3.7297795]
[3.9392946]
[3.7743914]
[3.9809253]
[3.6332176]
[4.0606527]
[3.9760647]
[4.081657]
[3.7420323]
[3.7978435]
[4.4832807]
[3.9662142]
[3.7474399]
[3.7387512]
[3.8293831]
[4.037013]
[3.625048]
[3.7664795]
[3.5902164]
[3.8914535]
[3.846381]
[4.2651043]
[3.906276]
[3.777777]
[3.9870062]
[3.7551777]
[3.7971332]
[4.153459]
[4.043747]
[3.7570975]
[3.7093694]
[4.2985578]
[3.747204]
[3.9702613]
[3.8480449]
[3.864844]
[3.8226385]
[3.900835]
[4.0123725]
[3.7058537]
[3.671811]
[3.7942712]
[4.1939087]
[3.8158882]
[4.249644]
[3.6633592]
[4.107502]
[3.7800076]
[4.22002]
[3.8223524]
[3.8726022]
[3.8463805]
[3.6918533]
[3.6397085]
[3.719767]
[4.111163]
[3.789986]
[4.1908855]
[3.9392958]
[3.9987795]
[3.7805266]
[4.229298]
[3.6322026]
[3.7374945]
[3.8037946]
[3.640686]
[4.016243]
[3.7937338]
[3.962657]
[3.7206905]
[4.1645036]
[3.8142438]
[3.9120042]
[3.7570972]
[3.8837883]
[3.672164]
[4.109975]
[4.0478234]
[4.323193]
[3.806913]
[3.9186707]
[3.7225664]
[4.160121]
[3.9331014]
[4.07818]
[3.8489625]
[4.2215233]
[4.2200217]
[4.019906]
[3.703837]
[4.0795593]
[3.8066013]
[4.2221417]
[4.1526785]
[3.5673609]
[3.860212]
[4.0005045]
[3.9933624]
[3.853559]
[3.7564518]
[3.9066303]
[4.108911]
[4.043953]
[3.8105624]
[3.889755]
[4.0792904]
[4.2448883]
[3.8914466]
[3.663398]
[4.078527]
[3.7420323]
[4.0781827]
[3.8133318]
[3.7387786]
[3.9008367]
[3.7899804]
[3.632202]
[4.0073223]
[3.8795912]
[4.0200596]
[3.6606636]
[3.7197683]
[4.019965]
[3.9355862]
[4.0493517]
[4.060399]
[3.814281]
[3.720764]
[3.7197173]
[4.0036798]
[3.892425]
[3.8237033]
[3.4106998]
[3.9996996]
[3.7387578]
[3.8056703]
[4.1918063]
[3.9208546]
[3.684165]
[3.636177]
[4.1438894]
[3.827046]
[4.0299516]
[3.6063106]
[3.8952587]
[3.9072754]
[3.8579872]
[3.822594]
[3.8508587]
[3.5032053]
[3.5181797]
[3.8243568]
[4.050426]
[3.7683103]
[4.191004]
[4.214409]
[4.269716]
[3.9394324]
[3.6216543]
[3.7564518]
[3.7801473]
[4.175278]
[4.1528764]
[3.8133283]
[4.1050124]
[4.1332054]
[3.7313244]
[3.688799]
[4.2187767]
[3.971409]
[3.8630595]
[3.8075862]
[4.00688]
[3.7971332]
[3.8059545]
[3.688797]
[3.6708577]
[4.221522]
[3.6406848]
[3.854601]
[3.9579604]
[3.7497513]
[3.917184]
[3.7827601]
[3.8051534]
[3.9760866]
[3.9809234]
[3.7702577]
[3.7739658]
[3.9957585]
[3.8612907]
[3.8049026]
[3.8914492]
[3.8465805]
[3.7734716]
[3.861146]
[3.9392955]
[3.748833]
[3.8157196]
[3.6039786]
[3.7875953]
[3.8083599]
[3.8463805]
[4.164658]
[4.175831]
[4.2216144]
[3.8311396]
[4.043954]
[3.8820314]
[3.6497738]
[3.6646693]
[3.6369398]
[3.7662315]
[3.6503952]
[3.846581]
[3.803245]
[3.984955]
[4.221615]
[3.993339]
[3.6721625]
[3.8535037]
[3.6528778]
[3.8854477]
[3.8900075]
[3.6319983]
[3.8034954]
[3.577131]
[3.6361759]
[4.1602798]
[3.8252182]
[3.6528683]
[3.753793]
[3.9041004]
[4.011646]
[4.1089134]
[4.1089325]
[3.757043]
[3.7000368]
[3.9731185]
[3.6609464]
[4.0849357]
[3.7460618]
[3.8129358]
[4.1601214]
[3.8431792]
[3.9014869]
[4.0604]
[4.144523]
[3.6721616]
[3.8026881]
[3.8434932]
[4.0884295]
[3.82264]
[3.9047225]
[3.9246612]
[4.016946]
[3.8430073]
[3.8805637]
[3.984957]
[3.5935342]
[3.9393773]
[3.8691826]
[3.8382707]
[3.7121503]
[3.9395776]
[3.979449]
[3.8207474]
[3.6044512]
[4.066076]
[4.1939073]
[3.7655337]
[3.7656627]
[4.0478597]
[4.0353785]
[3.7252269]
[3.7157066]
[3.9143245]
[3.9731958]
[3.9379272]
[3.9714084]
[4.0272117]
[4.049036]
[3.8010375]
[3.8476136]
[3.9056647]
[4.0958295]
[3.9066305]
[3.8450906]
[3.961786]
[3.8150291]
[3.6057224]
[3.8688617]
[3.797934]
[3.5673616]
[3.8829317]
[4.2448897]
[4.263976]
[4.0660796]
[3.5032012]
[3.773507]
[4.047872]
[3.4107]
[3.8048737]
[3.8281379]
[3.8014414]
[3.8417122]
[3.6921134]
[3.619406]
[4.105971]
[3.8431156]
[3.8465812]
[3.9251676]
[3.7309756]
[3.7336824]
[4.0167093]
[3.9809268]
[3.75485]
[4.3331428]
[3.702123]
[3.8402998]
[3.7820604]
[3.5826297]
[3.5677943]
[4.139115]
[3.7773743]
[3.7038372]
[4.183823]
[3.6784246]
[3.6835377]
[3.940537]
[3.814281]
[3.9234626]
[3.9642992]
[3.7474399]
[3.6405396]
[4.1752753]
[4.013919]
[3.9266977]
[3.6228821]
[3.8447545]
[4.015554]
[4.087441]
[4.2185245]
[3.6606762]
[4.09285]
[3.8441098]
[4.156261]
[3.8395252]
[3.923495]
[4.103515]
[3.8226314]
[3.6773217]
[4.0741158]
[3.9294446]
[3.711128]
[3.8056679]
[4.0538282]
[3.6317432]
[3.8459566]
[3.9573162]
[3.9355779]
[3.6887982]
[3.9958189]
[4.1185036]
[3.9333835]
[3.8225956]
[3.8911138]
[3.6875374]
[3.9246597]
[3.8659983]
[4.216131]
[4.078182]
[4.2018275]
[4.074569]
[3.9933035]
[3.652862]
[3.8612914]
[4.104262]
[4.0199046]
[3.9933026]
[3.8300009]
[3.8225694]
[4.0687194]
[4.078274]
[4.0003405]
[4.027153]
[4.387487]
[3.7886617]
[3.8486645]
[3.8281372]
[3.9120033]
[3.7232907]
[3.9849577]
[3.742031]
[3.8026893]
[4.1300316]
[4.2144117]
[3.600379]
[3.8694143]
[4.069008]
[3.6646698]
[4.156505]
[3.9056654]
[3.8598342]
[3.9219768]
[4.0592923]
[4.1766415]
[3.7056499]
[3.8598182]
[3.7450264]
[3.600377]
[3.9570518]
[4.0660834]
[3.860557]
[3.865004]
[3.6489305]
[3.9573143]
[3.8924248]
[3.8241427]
[4.2221384]
[3.730975]
[3.6361792]
[4.084006]
[4.186103]
[4.1080146]
[4.215038]
[3.894165]
[3.7537928]
[3.6638587]
[4.180422]
[4.2932363]
[3.9677484]
[3.7907379]
[3.9170952]
[3.7549036]
[4.0740266]
[3.9741492]
[4.0100007]
[3.6606655]
[4.221615]
[3.8431578]
[4.1279855]
[4.140442]
[3.7438188]
[3.8602169]
[3.8911147]
[3.7614152]
[4.0228906]
[3.86229]
[3.7102816]
[3.843176]
[4.1645045]
[3.5976021]
[4.016241]
[4.2448897]
[3.8450828]
[3.7039776]
[4.221616]
[3.86619]
[3.8275044]
[4.035379]
[3.9946475]
[3.6839077]
[3.6638575]
[4.053827]
[4.089855]
[3.6358545]
[3.8249855]
[3.7000408]
[4.18043]
[4.235582]
[3.758629]
[3.8829331]
[3.8048768]
[3.6455374]
[3.705096]
[3.6322021]
[4.1873064]
[3.8079636]
[4.3369164]
[3.597644]
[3.8450873]
[3.9858785]
[3.9880612]
[3.7109058]
[3.9899688]
[3.5727532]
[4.271356]
[3.8829277]
[3.793819]
[3.8150303]
[4.0629044]
[3.8398128]
[3.9375613]
[3.7394805]
[3.723289]
[3.8628876]
[3.9064653]
[3.7386267]
[3.7820642]
[4.297953]
[3.882927]
[3.8845513]
[3.5902236]
[3.865524]
[3.6925445]
[3.6499372]
[4.1094756]
[3.7336874]
[4.1340775]
[3.811091]
[3.8787057]
[3.8249843]
[4.0785255]
[3.5822005]
[3.8606813]
[3.9379299]
[3.842024]
[3.860213]
[3.786651]
[4.2404375]
[3.7606575]
[3.7549043]
[4.229299]
[4.048103]
[3.86776]
[3.8503654]
[3.825927]
[3.7117393]
[3.9731967]
[3.6332166]
[3.7854633]
[3.8119302]
[3.8771996]
[3.8026888]
[4.0272107]
[4.17841]
[3.8804605]
[3.9202464]
[3.8158586]
[3.6219451]
[4.0816565]
[4.1939106]
[4.1766424]
[3.9741192]
[3.9219759]
[4.040616]
[3.7433176]
[3.6720955]
[3.862577]
[3.71473]
[3.8140054]
[3.9760895]
[4.314963]
[4.336918]
[3.8652947]
[3.9933057]
[3.6708493]
[3.6953142]
[4.0339584]
[3.8129358]
[3.6366634]
[3.6631546]
[4.274013]
[4.1055255]
[3.9415932]
[4.109611]
[3.8768907]
[3.8032458]
[3.6504047]
[4.1752768]
[4.0781827]
[3.876628]
[3.7394767]
[4.0015073]
[3.7234452]
[3.9311023]
[3.7837222]
[3.6580877]
[3.7197185]
[3.689855]
[3.7157063]
[4.2204084]
[3.670849]
[3.95998]
[3.769899]
[3.8602164]
[3.7252252]
[4.2544827]
[3.697612]
[4.1398754]
[4.0439534]
[3.8142805]
[4.093958]
[3.7291167]
[4.2211747]
[3.7207272]
[3.8677218]
[3.5770876]
[3.6028714]
[3.6798337]
[3.9143229]
[4.0660753]
[3.8688614]
[3.770438]
[3.8293908]
[4.0918927]
[3.6606662]
[3.8431168]
[3.7942631]
[4.1873145]
[3.590173]
[3.7115166]
[3.9405322]
[3.9219117]
[4.2489557]
[3.8436613]
[3.9501483]
[4.168593]
[3.8688614]
[3.8627288]
[4.1471205]
[3.745102]
[3.9806714]
[3.635853]
[3.6455379]
[3.8952587]
[3.7887356]
[3.6646688]
[3.9534917]
[3.7886612]
[3.7056553]
[4.051459]
[3.7773745]
[4.127986]
[4.2163205]
[4.337697]
[3.7700913]
[3.7420328]
[3.6489353]
[3.7826304]
[3.6604118]
[3.9311213]
[3.75114]
[3.582192]
[3.844756]
[3.836725]
[3.945262]
[3.625048]
[3.7656648]
[3.6927428]
[3.7155986]
[3.8652945]
[3.586354]
[3.9809248]
[3.8829348]
[3.6277597]
[4.03364]
[4.235]
[3.9760833]
[3.6361732]
[4.0991316]
[3.8447547]
[4.2292976]
[3.6925454]
[4.1185045]
[3.6504023]
[3.968443]
[3.5239587]
[3.7206883]
[3.9593353]
[3.700035]
[3.8249846]
[3.944541]
[3.7234454]
[4.003213]
[3.6753113]
[3.8712604]
[3.8026907]
[3.9266973]
[3.6069064]
[3.9730475]
[3.8489625]
[3.9599805]
[3.652874]
[3.634066]
[3.6633658]
[3.6369398]
[4.207994]
[3.621951]
[4.033138]
[3.8207479]
[3.8223526]
[4.1804314]
[4.050427]
[4.008008]
[3.723731]
[3.7570426]
[4.041971]
[3.8014417]
[4.1918073]
[4.074026]
[4.0394125]
[4.2268734]
[4.02289]
[4.1301]
[4.149443]
[4.099132]
[3.917184]
[3.8649204]
[3.7740307]
[4.175277]
[3.857373]
[4.1648326]
[3.7438185]
[4.3343267]
[3.7963314]
[4.380614]
[3.7735875]
[3.5901725]
[3.7805254]
[4.2221403]
[3.9593356]
[4.131709]
[3.773444]
[3.5809186]
[4.0073247]
[3.7713559]
[4.1285176]
[3.8343]
[3.848044]
[3.705094]
[3.921976]
[3.8726032]
[3.79544]
[4.069018]
[3.9232569]
[4.274567]
[4.152672]
[4.2376676]
[3.6228855]
[4.2204084]
[3.8854578]
[3.8365312]
[3.625046]
[3.9251707]
[3.9984877]
[4.151935]
[4.128517]
[3.8999631]
[3.8085527]
[3.8110907]
[3.7021224]
[4.131635]
[4.2407002]
[3.76831]
[3.739477]
[3.6405396]
[3.9508448]
[3.8119311]
[4.157883]
[3.8048775]
[3.8034933]
[3.9234931]
[3.9452608]
[4.366083]
[3.996053]
[3.7463071]
[3.8827355]
[4.066076]
[3.7093685]
[4.327551]
[3.7036188]
[3.71215]
[3.7866776]
[3.9931374]
[3.7194598]
[3.8309536]
[3.937561]
[3.6216536]
[3.7552676]
[4.385875]
[4.1939063]
[4.1579256]
[3.773507]
[4.020691]
[4.078968]
[4.0156717]
[3.8359694]
[3.9617825]
[3.6186388]
[4.1080155]
[3.6604116]
[4.2448907]
[4.1648364]
[3.6063123]
[3.9640486]
[3.6504023]
[3.824358]
[3.8034945]
[3.640696]
[3.8673282]
[4.1532917]
[3.7004054]
[3.7537963]
[3.742032]
[3.998804]
[3.9549387]
[3.9946473]
[3.723445]
[3.76466]
[4.066076]
[4.2745667]
[4.029948]
[4.409097]
[4.1532903]
[3.8535001]
[3.9062784]
[3.9434319]
[4.0789433]
[3.865527]
[3.8673275]
[4.09214]
[3.884547]
[3.8661895]
[3.965984]
[3.602481]
[3.7702575]
[3.9883444]
[3.750916]
[3.9642985]
[4.240415]
[3.9295106]
[3.6277595]
[3.9065368]
[4.3163824]
[3.815844]
[3.7463064]
[3.8417056]
[3.5902195]
[3.7702575]
[3.6153584]
[3.9008322]
[3.7713554]
[3.760658]
[3.891454]
[4.2448893]
[3.8459673]
[3.6405396]
[3.9395778]
[3.8034937]
[3.7979198]
[4.0199065]
[3.8026917]
[4.109612]
[3.8423839]
[3.7726626]
[3.6839066]
[3.6003785]
[3.7942622]
[4.079937]
[3.8771996]
[3.631742]
[3.743286]
[3.7387578]
[3.5952518]
[3.9916801]
[3.995757]
[3.6057203]
[4.1099744]
[4.003213]
[4.0026274]
[4.2496476]
[4.053827]
[3.9422443]
[3.9062784]
[3.679391]
[4.274566]
[3.768311]
[3.7948015]
[3.778992]
[3.7700913]
[3.8518567]
[4.0745697]
[3.8961482]
[3.7823377]
[3.700406]
[4.3149614]
[3.7004058]
[3.9599218]
[3.7657692]
[3.705512]
[4.1099734]
[3.802689]
[4.050426]
[3.7510927]
[4.020025]
[3.6397038]
[3.9434304]
[4.022891]
[3.9171896]
[4.009788]
[4.1892767]
[3.8465035]
[3.9700065]
[3.7050986]
[3.7664816]
[4.327552]
[3.8606508]
[3.8237028]
[4.1050124]
[3.9931366]
[3.790738]
[3.777373]
[4.0226374]
[3.602482]
[4.164837]
[4.222141]
[3.8083937]
[4.2735953]
[3.7719378]
[4.028611]
[3.843184]
[3.7064157]
[4.260582]
[4.221612]
[3.75783]
[3.76831]
[3.8924234]
[3.8945117]
[3.8924243]
[4.1119447]
[4.068695]
[3.6857092]
[3.9405317]
[3.7682476]
[3.9700015]
[3.9455023]
[3.8602138]
[4.244889]
[3.967748]
[3.5031986]
[3.873027]
[3.5677943]
[3.933101]
[3.7907372]
[3.7027454]
[3.7899826]
[3.999698]
[3.8465028]
[3.8486629]
[4.0372305]
[3.9730465]
[3.953487]
[3.7727566]
[4.0449834]
[3.668325]
[4.072723]
[3.7800043]
[3.9741852]
[4.02511]
[3.7350993]
[3.7682436]
[3.8661907]
[4.186102]
[3.6580946]
[4.2940626]
[3.6057208]
[3.987273]
[3.518194]
[3.933562]
[3.6216533]
[3.7700887]
[3.5727522]
[4.309381]
[3.9061475]
[3.8655272]
[3.7773743]
[3.8815188]
[3.7886596]
[4.0961394]
[3.6976135]
[4.2605815]
[3.5770922]
[3.780526]
[3.7072966]
[3.705853]
[3.6580975]
[3.829384]
[3.917185]
[3.9578924]
[4.057669]
[3.883884]
[4.09008]
[3.7197714]
[3.9525628]
[3.7488317]
[3.7374933]
[4.0716453]
[3.762875]
[4.100972]
[3.6805425]
[3.686598]
[3.7548509]
[3.7846587]
[3.700035]
[3.6783931]
[3.7800128]
[3.7827604]
[3.72978]
[4.5139985]
[4.093957]
[3.7115135]
[3.864028]
[4.1602817]
[3.7942665]
[3.7991986]
[3.9935393]
[3.81428]
[3.605726]
[4.044153]
[4.0928955]
[3.8382783]
[3.8685262]
[4.0097914]
[3.6406853]
[3.748833]
[3.7291508]
[3.6497672]
[4.037015]
[3.7095242]
[3.9219115]
[3.711739]
[3.806597]
[4.0743575]
[3.7187488]
[3.933385]
[3.8295488]
[3.8535042]
[4.3098264]
[3.663384]
[3.6340725]
[3.7313244]
[3.7777755]
[3.8133328]
[3.9866114]
[4.0099998]
[3.7734435]
[3.845827]
[4.3015]
[3.8075426]
[3.933105]
[3.5791657]
[3.8140047]
[3.8150306]
[4.0459347]
[3.5935342]
[4.0629063]
[3.9384303]
[3.7171893]
[3.5825868]
[3.68354]
[3.6718094]
[3.7704024]
[3.9593325]
[3.8345373]
[4.1939077]
[3.9394329]
[4.0414047]
[4.32755]
[3.7394745]
[4.0918922]
[3.6504025]
[4.0130997]
[4.0789676]
[3.6580987]
[4.1778135]
[3.9692688]
[3.743286]
[3.761414]
[4.0781784]
[4.107501]
[3.9863513]
[3.7662265]
[3.7235274]
[4.2292986]
[4.1877275]
[3.9578905]
[4.273595]
[3.7088654]
[3.843183]
[3.7497516]
[3.8447556]
[3.9853797]
[3.6921158]
[4.0660768]
[3.8010364]
[3.8685203]
[4.2292986]
[3.8689475]
[3.7564564]
[3.9120047]
[3.7820618]
[4.009999]
[3.9161484]
[3.8708057]
[3.6369395]
[3.9957585]
[4.096141]
[3.7497501]
[3.8359687]
[4.2489567]
[3.6332207]
[4.059987]
[4.0745697]
[3.9111953]
[3.9008374]
[3.7826302]
[3.8287826]
[3.7121515]
[4.3806157]
[4.0781827]
[3.8367257]
[3.731325]
[3.7420292]
[3.7291157]
[3.8640277]
[4.1027765]
[3.8051548]
[4.008621]
[3.8010361]
[3.819882]
[3.8026922]
[3.684166]
[3.860557]
[4.103516]
[3.8792667]
[4.1080155]
[3.8804612]
[4.0272136]
[3.9394326]
[4.111945]
[3.8428106]
[3.7301652]
[3.5673609]
[3.6406949]
[3.8317976]
[4.2144127]
[4.2189875]
[3.6028707]
[4.0415883]
[3.7157056]
[4.0599866]
[3.8640277]
[3.962541]
[3.7549055]
[3.7646015]
[3.9455578]
[3.9640498]
[3.9161212]
[4.1118126]
[3.7055118]
[3.808361]
[3.6361747]
[3.8489614]
[3.8712597]
[4.0123777]
[3.8010361]
[3.758642]
[3.7147317]
[3.7568226]
[4.1962566]
[3.9702628]
[4.1532907]
[3.729117]
[3.974651]
[3.6406865]
[4.4205875]
[4.195843]
[3.6332176]
[3.7150486]
[3.7950914]
[4.0413647]
[4.0167108]
[3.8057067]
[4.1048293]
[3.9161181]
[4.1528773]
[4.3231926]
[3.7570906]
[3.8027089]
[4.0016637]
[3.723445]
[3.6604502]
[3.9434292]
[4.323193]
[3.7064106]
[3.6406853]
[3.6486757]
[3.7904482]
[3.6406958]
[3.8430126]
[4.069009]
[3.7606578]
[4.1059346]
[3.7450264]
[3.7093682]
[3.966215]
[4.016712]
[4.3014984]
[3.7800076]
[3.7809641]
[4.0144486]
[3.6028707]
[3.9445457]
[3.6835349]
[4.202967]
[3.7497518]
[3.6039789]
[3.683907]
[4.0603995]
[4.0789723]
[3.9987786]
[4.1404433]
[4.465412]
[3.882032]
[4.1009727]
[3.8771996]
[4.1646504]
[3.784661]
[3.9677484]
[3.5727527]
[3.8119302]
[3.7969372]
[3.8771465]
[3.833157]
[3.5770953]
[3.7460635]
[3.7937467]
[3.9156985]
[3.8659985]
[3.4106998]
[3.81503]
[3.7953477]
[3.9183712]
[4.18043]
[4.049351]
[3.7039714]
[3.8049023]
[3.917089]
[3.9579113]
[3.8805652]
[4.1391144]
[3.7058527]
[3.634065]
[4.0308332]
[3.7472053]
[4.1838207]
[3.6340663]
[3.8956065]
[3.6369386]
[3.4107006]
[4.060836]
[4.0478196]
[3.8237138]
[3.7511084]
[3.8147902]
[3.671809]
[3.6773255]
[3.7743924]
[3.7698894]
[3.9405336]
[3.590167]
[3.9202466]
[4.195843]
[3.8652937]
[3.7963328]
[3.7969365]
[4.325079]
[3.8685203]
[4.0372295]
[4.0353775]
[4.2581353]
[3.625048]
[4.0231953]
[3.987642]
[3.768312]
[4.0377746]
[3.8317971]
[3.75808]
[3.786678]
[3.850858]
[3.9333837]
[3.7735107]
[3.6953094]
[4.180426]
[4.229781]
[4.0884295]
[3.7394779]
[4.221613]
[3.7450235]
[4.0299516]
[4.3093834]
[4.0194435]
[3.7537982]
[3.645538]
[3.968892]
[3.75808]
[3.9501467]
[3.9333847]
[4.237668]
[3.7866788]
[3.864844]
[3.8252132]
[3.9234965]
[3.7386255]
[3.8252125]
[3.933104]
[3.5677943]
[4.249038]
[3.9062755]
[4.055346]
[3.7847183]
[4.014453]
[3.639705]
[3.7564516]
[3.6708484]
[3.9120045]
[3.994646]
[3.7863955]
[3.9700053]
[3.8359704]
[4.2316685]
[4.1644983]
[3.6606646]
[4.057671]
[3.9331017]
[3.9525614]
[3.9899685]
[4.2221437]
[3.6243596]
[3.7595646]
[3.998488]
[3.9883435]
[3.668917]
[3.812571]
[3.9126036]
[4.3806176]
[3.7953458]
[3.7548516]
[3.7743914]
[3.9183712]
[3.6631544]
[4.3007283]
[3.785463]
[3.743286]
[3.5677934]
[3.8467162]
[4.0086226]
[3.70275]
[3.807374]
[3.6893742]
[3.6857092]
[3.9987779]
[3.9128306]
[4.2376637]
[3.8207474]
[3.5677946]
[3.602546]
[3.7463074]
[3.7578301]
[3.895259]
[4.168592]
[3.8079653]
[3.7433178]
[4.2448626]
[3.9422424]
[3.8150303]
[4.5139985]
[4.099132]
[4.015552]
[4.14393]
[3.8293924]
[4.2101965]
[3.7387583]
[3.9007144]
[3.811101]
[3.7568262]
[3.6839082]
[3.9642992]
[3.788737]
[3.702745]
[3.7111278]
[4.2560587]
[3.9252315]
[3.8105502]
[3.743286]
[3.6194057]
[4.244998]
[3.9987807]
[3.6918533]
[4.261919]
[4.1532917]
[3.8999612]
[4.0991077]
[3.786397]
[3.9422393]
[3.6712377]
[3.7509313]
[4.0699124]
[3.624351]
[4.020025]
[3.9579604]
[3.9525652]
[3.6063123]
[3.7971332]
[3.7187495]
[3.8110907]
[4.046234]
[3.737493]
[3.8251016]
[3.70887]
[4.2544827]
[4.1804724]
[4.046232]
[3.9295087]
[3.9014907]
[3.966208]
[3.861146]
[3.8625777]
[3.6293435]
[3.6893735]
[3.523962]
[3.7963307]
[4.0169463]
[3.970003]
[4.2490396]
[4.089855]
[3.8952734]
[3.81261]
[3.6721644]
[3.8827448]
[4.1055245]
[4.1977735]
[3.9379306]
[3.6790528]
[3.8133307]
[3.6929758]
[4.3007283]
[4.1009736]
[3.7655318]
[3.7237315]
[3.5791667]
[4.088429]
[3.9251928]
[3.804875]
[3.7081475]
[4.0155554]
[3.833157]
[3.9119232]
[3.9379296]
[3.7735033]
[3.7147326]
[4.1516843]
[3.6936288]
[3.9066277]
[4.158647]
[3.7109053]
[3.8659985]
[4.1027765]
[3.784718]
[3.974651]
[3.7951076]
[3.9916809]
[4.0100102]
[3.973116]
[3.848665]
[4.218987]
[4.068695]
[3.8266425]
[3.968443]
[3.8805652]
[3.8395252]
[3.9741488]
[3.8311388]
[4.2629237]
[3.7000375]
[3.6369383]
[3.768312]
[3.905663]
[4.074357]
[3.4107008]
[3.8606508]
[3.9738698]
[4.0918922]
[4.0924277]
[4.256057]
[4.4654117]
[3.8342595]
[4.100231]
[3.9294462]
[4.0130987]
[4.065573]
[4.0898533]
[3.8226397]
[3.63407]
[3.8627288]
[3.8119307]
[3.6783957]
[3.723528]
[3.6888013]
[3.808552]
[3.9160173]
[3.84318]
[4.201828]
[4.1094704]
[3.8181698]
[3.8059542]
[4.074116]
[3.9170873]
[3.6228828]
[3.7225664]
[4.139114]
[4.0517697]
[3.9509532]
[3.8054466]
[3.993306]
[3.6633587]
[3.9730475]
[3.6489356]
[3.9041038]
[3.8465812]
[3.7937458]
[3.9143236]
[3.7735872]
[4.102813]
[3.4107]
[4.1285167]
[3.8430097]
[3.7001705]
[3.8465805]
[3.7072942]
[4.240412]
[3.579165]
[3.868873]
[3.8427992]
[3.7450278]
[4.029955]
[4.229981]
[3.5031981]
[4.109974]
[3.729807]
[3.7237315]
[3.6929762]
[3.5825849]
[3.9065368]
[4.102776]
[4.1279845]
[3.848799]
[3.6039784]
[4.0199637]
[3.757096]
[3.6228828]
[3.8476152]
[3.9384418]
[4.0608344]
[3.6875298]
[4.1028137]
[3.8441098]
[3.9858809]
[3.766227]
[3.6606586]
[3.7551756]
[4.0877495]
[3.9506402]
[4.218628]
[3.745028]
[4.0604]
[3.765955]
[3.8249848]
[4.0200224]
[3.847616]
[4.027153]
[3.6839094]
[3.410707]
[3.8489618]
[4.0958295]
[3.9698195]
[4.1962576]
[4.102777]
[4.078274]
[3.9738734]
[3.7800105]
[3.7394762]
[4.4090967]
[3.8295555]
[4.244854]
[3.770438]
[4.224287]
[3.7432864]
[3.7580807]
[3.7704017]
[3.603979]
[3.8051548]
[3.7805276]
[3.6841652]
[3.7171936]
[3.7887356]
[4.049352]
[3.9702594]
[4.3250785]
[4.0553455]
[4.089856]
[3.7823324]
[4.0494857]
[3.8251014]
[3.7904484]
[3.8454394]
[3.8069134]
[3.973046]
[3.7122924]
[3.9829087]
[4.052246]
[3.6497746]
[3.9880624]
[3.64073]
[3.8465044]
[4.3039203]
[3.6638594]
[3.6039784]
[3.959921]
[3.8331556]
[3.7886615]
[3.7336872]
[3.9876423]
[3.9933064]
[4.127985]
[4.0924273]
[3.7457106]
[3.9509537]
[3.9393764]
[3.708868]
[3.8467155]
[4.057165]
[3.9794507]
[4.0608234]
[3.8056726]
[4.2448983]
[4.0781817]
[3.8694139]
[3.9883432]
[3.8010352]
[3.6489346]
[3.663155]
[3.8133345]
[3.6489346]
[4.0403647]
[3.8688686]
[3.751897]
[3.9170825]
[3.7820597]
[3.9119272]
[3.5673602]
[3.745027]
[3.901488]
[3.7938228]
[3.6405404]
[3.8027089]
[3.9667573]
[3.964048]
[3.7122917]
[3.8655267]
[3.895259]
[3.7828825]
[3.765769]
[3.8048773]
[3.8119292]
[3.692979]
[3.8225956]
[3.6875243]
[3.7743928]
[4.3250785]
[3.6186385]
[4.0660763]
[3.8147883]
[3.966751]
[3.7548504]
[3.9246602]
[3.8489616]
[4.1002364]
[3.5770912]
[3.772757]
[3.672162]
[3.9548867]
[3.8237]
[4.3925195]
[3.8365335]
[4.0423512]
[3.9730473]
[3.9853797]
[3.7549012]
[3.9593327]
[4.0845146]
[4.033142]
[3.8677182]
[3.869291]
[3.9648945]
[3.814245]
[3.8648434]
[3.5727532]
[3.6793895]
[3.7942376]
[3.9880621]
[4.0251074]
[3.6580994]
[3.8627295]
[3.7225668]
[3.7773738]
[3.9599798]
[4.001504]
[3.8546014]
[3.7436736]
[3.7457137]
[3.7847173]
[4.1314383]
[3.925168]
[3.9061458]
[3.765666]
[4.160281]
[3.8014405]
[3.880467]
[3.745717]
[3.69298]
[3.9997]
[3.8943083]
[3.7102816]
[3.6633956]
[3.8503728]
[3.974119]
[3.921976]
[4.109612]
[3.7937467]
[3.9870064]
[4.0201664]
[4.0655737]
[3.9700177]
[4.0073276]
[3.6604111]
[3.8395245]
[3.9935374]
[3.6025448]
[3.9570513]
[3.7735102]
[4.1285167]
[3.9384315]
[3.8685226]
[4.108018]
[4.2979527]
[4.037774]
[3.590173]
[3.6960802]
[4.0680285]
[3.883618]
[4.0655746]
[3.7662294]
[4.104287]
[3.71174]
[4.03725]
[3.906536]
[3.7034352]
[4.2150364]
[4.465413]
[3.7937467]
[3.8787096]
[4.092429]
[3.9958181]
[3.7081468]
[3.6766915]
[4.2490377]
[3.6243598]
[3.6798291]
[4.48328]
[3.857987]
[4.0100055]
[3.7085712]
[4.175278]
[3.7232897]
[3.8628879]
[4.1314387]
[4.2168055]
[3.7147303]
[3.861145]
[3.8434935]
[3.7570908]
[4.1050124]
[3.7614136]
[3.7147386]
[3.8447552]
[3.9007144]
[3.7978435]
[3.9160194]
[3.8845437]
[3.7820623]
[4.102776]
[3.9508455]
[3.582198]
[3.8142447]
[4.258137]
[3.8226807]
[3.8692908]
[4.084934]
[3.8083892]
[3.8836174]
[3.7433176]
[3.8397703]
[3.7194595]
[3.7656603]
[4.069009]
[3.7451034]
[4.1766415]
[3.8034897]
[3.72069]
[4.079938]
[3.8027093]
[3.8836184]
[3.9119234]
[3.7656624]
[3.7004054]
[3.7351007]
[3.9460015]
[3.6646752]
[3.6319976]
[3.580921]
[3.7628763]
[3.884545]
[3.5809214]
[3.8236997]
[3.5821989]
[3.993538]
[3.6369393]
[3.794269]
[3.8839831]
[3.8677166]
[3.8428688]
[3.6543295]
[4.003677]
[4.049352]
[3.8139997]
[3.8110912]
[3.7655323]
[3.7537975]
[3.649773]
[3.6646767]
[4.0490294]
[3.9916828]
[3.5239632]
[3.6606624]
[3.9508455]
[3.9731164]
[3.6063123]
[4.0100675]
[4.151935]
[3.9549413]
[4.3832383]
[4.022892]
[3.6340673]
[4.04623]
[3.9712758]
[3.971269]
[3.916157]
[3.6960804]
[3.8431833]
[3.91283]
[4.1426883]
[4.1528773]
[3.6793907]
[3.6712406]
[3.5825849]
[3.7655334]
[3.6358538]
[3.9311018]
[3.9246593]
[4.151687]
[4.084935]
[4.0385776]
[4.0792913]
[4.1532927]
[3.6688876]
[3.8906808]
[4.2619185]
[3.7157056]
[3.850859]
[3.7645998]
[3.862728]
[3.9161189]
[3.81109]
[3.715603]
[3.8611462]
[3.7291167]
[3.7700922]
[4.216322]
[4.047893]
[4.1185055]
[3.8119302]
[4.0875263]
[3.7038403]
[3.7606573]
[3.7234454]
[3.885457]
[3.7072954]
[4.095826]
[3.8079638]
[4.140178]
[4.0005074]
[3.9369435]
[3.6875286]
[3.6358516]
[3.7150486]
[3.9933617]
[3.8085535]
[3.6320026]
[3.7278259]
[3.7734535]
[3.603978]
[4.3343773]
[4.111945]
[4.048555]
[3.660451]
[3.82264]
[3.5673609]
[4.127754]
[3.6805422]
[4.0743585]
[3.6194057]
[3.6024773]
[3.7027738]
[3.769895]
[3.6194065]
[4.0680285]
[3.9933622]
[3.6397047]
[3.6277401]
[3.7937467]
[3.94551]
[3.6604502]
[3.580937]
[3.9692717]
[4.2450004]
[3.6777906]
[3.988341]
[4.1118765]
[4.222142]
[3.9119234]
[4.0080085]
[3.857375]
[3.7036185]
[4.465412]
[4.0331035]
[3.705512]
[3.6063108]
[4.197773]
[3.693628]
[3.9251926]
[3.9741204]
[3.8054464]
[3.7979138]
[4.2312975]
[4.229983]
[3.7394755]
[3.70584]
[3.7570963]
[3.6805418]
[4.220021]
[3.7640166]
[4.03364]
[4.033989]
[3.9007125]
[3.5673609]
[3.7735085]
[3.7157059]
[3.8487775]
[3.6766918]
[3.7235289]
[3.848847]
[3.8465016]
[4.1857095]
[3.4107]
[4.049351]
[3.907274]
[3.6358495]
[4.0991335]
[3.8223515]
[3.7278194]
[3.912835]
[3.8002553]
[4.1526785]
[3.8602164]
[3.7904484]
[4.0286117]
[3.8652923]
[3.6841662]
[4.0781794]
[3.833972]
[3.7351003]
[3.582233]
[3.9355888]
[3.9692717]
[3.7518964]
[4.0898514]
[4.3039207]
[4.0604014]
[4.2200212]
[3.9375606]
[3.7837222]
[3.8287747]
[3.8431153]
[3.707296]
[3.6921096]
[3.5678325]
[4.3660836]
[4.1028132]
[4.0099998]
[4.041701]
[3.8431175]
[3.8342595]
[3.7735848]
[4.261919]
[3.8278656]
[3.7875957]
[3.912603]
[4.1028132]
[3.9395785]
[3.5727549]
[3.9128318]
[3.8169928]
[3.6322021]
[3.71946]
[3.8223522]
[3.8251014]
[3.8430088]
[3.9460025]
[3.6718411]
[3.8805647]
[3.7702577]
[3.9981668]
[3.6841667]
[3.7021205]
[3.7085567]
[4.2448907]
[3.9457085]
[3.9405317]
[4.088751]
[3.8503647]
[3.9128342]
[3.7034364]
[4.1838245]
[3.6293445]
[3.945708]
[3.5673609]
[3.8598335]
[3.925231]
[4.20558]
[3.8051543]
[3.8730276]
[3.7235289]
[4.3093834]
[3.6317422]
[3.9065402]
[3.725226]
[4.271352]
[3.7950933]
[3.8037999]
[3.617683]
[3.7021258]
[3.6718097]
[3.8688722]
[3.808554]
[3.917089]
[3.8768997]
[3.720738]
[3.8535035]
[3.640686]
[4.2079954]
[3.6936278]
[3.8787093]
[3.834259]
[3.6893742]
[3.648936]
[4.153293]
[3.807865]
[4.0504265]
[3.9379313]
[3.9562833]
[3.6039789]
[3.7345264]
[3.9041014]
[4.006878]
[3.9405327]
[3.805155]
[3.9014897]
[3.9601846]
[3.7117398]
[4.409096]
[3.590172]
[3.9899697]
[3.8014421]
[3.6927428]
[4.340647]
[3.8223524]
[4.1784043]
[3.7050965]
[4.1864743]
[3.8771992]
[3.843117]
[3.765953]
[3.7734437]
[4.0200253]
[3.6875267]
[3.7438188]
[3.8486633]
[3.7727566]
[4.2619233]
[3.7156003]
[3.8120139]
[3.9066286]
[3.988059]
[3.7963216]
[3.8339717]
[3.9111938]
[3.6497715]
[4.4654136]
[3.6228836]
[4.1958447]
[3.6003776]
[3.7117393]
[3.730165]
[3.831799]
[4.1277604]
[4.152877]
[3.808553]
[3.7899852]
[4.01991]
[3.7358387]
[3.7394762]
[3.9684427]
[3.8999655]
[4.3231936]
[3.995819]
[3.7207277]
[4.084934]
[3.9208546]
[3.7497523]
[4.1532927]
[3.8289723]
[3.5825884]
[3.8625784]
[4.0716505]
[3.7472055]
[3.758342]
[3.7950919]
[4.2101955]
[3.9534929]
[3.8579857]
[3.873029]
[3.6766918]
[3.7823353]
[3.6953115]
[3.9880621]
[3.7235286]
[3.859818]
[3.8488286]
[3.719718]
[4.0921917]
[3.8945107]
[4.294063]
[4.0308347]
[3.939578]
[3.7832341]
[3.98635]
[4.003371]
[3.6293437]
[3.9191918]
[3.7086163]
[3.8999639]
[3.9702609]
[3.7595723]
[3.8999672]
[3.8829274]
[3.9439929]
[4.0582843]
[3.9714084]
[3.7187457]
[3.8630602]
[3.6777904]
[3.8345373]
[3.824985]
[3.9047225]
[4.265314]
[3.925168]
[3.6720982]
[3.9648964]
[3.595251]
[3.6857097]
[4.068026]
[4.224288]
[3.7826324]
[3.974605]
[4.209285]
[4.151727]
[3.8275054]
[3.8959312]
[3.8150299]
[3.700037]
[4.303932]
[3.9508445]
[3.7058532]
[3.8652923]
[3.8628132]
[3.9379334]
[3.880069]
[3.996672]
[4.087753]
[4.249645]
[3.8169954]
[3.6875274]
[4.1471214]
[3.8032458]
[3.6798282]
[3.8553658]
[3.8787098]
[3.6406858]
[4.2187743]
[3.8083925]
[3.6216533]
[3.9466243]
[3.9599824]
[3.816501]
[3.883884]
[4.019443]
[3.743674]
[4.2242875]
[3.8771424]
[3.7826366]
[3.700038]
[3.7777731]
[4.008622]
[3.925193]
[4.040618]
[3.8417091]
[4.465413]
[4.1308804]
[3.9731197]
[3.7773736]
[3.6925468]
[3.9601839]
[4.0478816]
[4.0924287]
[3.916149]
[3.8010364]
[4.3660936]
[3.8150296]
[4.16012]
[3.8278642]
[4.240699]
[4.0271516]
[3.9294457]
[3.7800045]
[3.7743907]
[4.1528773]
[3.7740307]
[3.640533]
[3.5952494]
[4.3858776]
[3.8085535]
[4.1118765]
[3.8941655]
[4.016241]
[3.8489242]
[3.8249853]
[3.8768997]
[3.8241436]
[3.7109056]
[4.1099744]
[3.7655191]
[3.7662325]
[3.9988043]
[3.9714072]
[4.060835]
[4.355956]
[3.8430114]
[3.7497835]
[4.0032125]
[4.0918922]
[4.092192]
[4.178406]
[3.8417122]
[3.7488325]
[4.2740135]
[3.6805415]
[4.2299657]
[3.6317425]
[4.149443]
[3.9809237]
[4.05767]
[3.6397011]
[4.337697]
[4.3098507]
[4.0900793]
[3.8625777]
[3.4107015]
[4.1074996]
[4.043953]
[3.6332195]
[3.8487978]
[3.8056707]
[3.8489642]
[4.169258]
[3.7198005]
[3.9230423]
[3.9007146]
[3.9664857]
[3.9202473]
[3.6637225]
[4.019906]
[3.7034311]
[4.11647]
[4.044983]
[3.9007127]
[4.240416]
[3.8110905]
[4.4205856]
[4.0918922]
[4.2490387]
[3.7064128]
[4.095832]
[4.128519]
[3.9393766]
[3.8467119]
[3.6893747]
[3.7773738]
[3.8598347]
[3.7640178]
[3.79544]
[4.2029734]
[3.8225732]
[3.8198805]
[3.7460623]
[3.772663]
[4.2653146]
[4.0097933]
[3.843494]
[3.6798298]
[3.6320028]
[4.019908]
[3.8800645]
[3.8073735]
[4.0437465]
[3.8431826]
[3.6720924]
[3.9866242]
[3.9933436]
[3.8924243]
[3.7863958]
[4.2101955]
[3.7336848]
[3.7207384]
[3.4107006]
[4.0604005]
[3.6152794]
[3.8157198]
[3.9405358]
[3.9120042]
[3.7963316]
[3.9659834]
[3.7297795]
[4.265313]
[3.8237028]
[3.7564852]
[3.892506]
[4.0370135]
[3.6798282]
[3.7682476]
[3.6841648]
[3.6753151]
[3.805672]
[3.7963238]
[3.9014883]
[4.1042876]
[4.0669265]
[3.8345368]
[4.191807]
[3.8243575]
[4.0781827]
[3.5031958]
[4.2144094]
[3.945507]
[4.3369074]
[3.9578905]
[3.5809245]
[3.7252247]
[3.804877]
[4.3832364]
[4.1027765]
[4.108018]
[3.8476145]
[3.7436733]
[3.9692705]
[3.8365335]
[3.8649135]
[3.8553665]
[3.7664776]
[3.9933624]
[3.9171784]
[3.8465047]
[4.016117]
[3.929448]
[3.9052591]
[3.759565]
[3.6960833]
[3.8602147]
[4.0016623]
[3.8829322]
[4.1075053]
[3.9262636]
[4.3529506]
[3.695313]
[3.7252264]
[3.6604216]
[4.0727243]
[3.9731548]
[3.7374947]
[3.8287838]
[4.0413656]
[3.942239]
[4.0420084]
[3.8465044]
[3.821581]
[3.6405344]
[3.8365324]
[4.1059327]
[3.924659]
[3.738759]
[3.702746]
[3.9688911]
[3.770438]
[4.1426916]
[3.8726008]
[4.0441527]
[3.5863552]
[3.738426]
[3.7088692]
[4.1578817]
[3.6606662]
[3.7309716]
[4.2316694]
[3.8807626]
[3.6397047]
[4.2932353]
[3.894301]
[3.697617]
[3.5673623]
[4.0026274]
[4.0015073]
[4.1778173]
[3.843117]
[4.2735863]
[4.1565056]
[4.1300306]
[3.987007]
[4.177821]
[4.047817]
[3.862819]
[4.265104]
[3.80144]
[3.804879]
[4.062905]
[4.100976]
[3.8142807]
[4.3472643]
[3.7194595]
[3.7081468]
[3.8459675]
[3.7578301]
[3.9981685]
[3.9806707]
[4.0167117]
[3.819882]
[3.7115126]
[3.8787088]
[3.7963831]
[3.7828827]
[3.8241398]
[3.870807]
[3.8293953]
[4.0781856]
[4.0343413]
[3.794793]
[3.8925028]
[4.2651052]
[3.6712406]
[3.7235322]
[4.0799346]
[3.679829]
[3.9202461]
[3.586355]
[3.590216]
[3.6580944]
[4.3015013]
[3.8125713]
[4.0308347]
[3.9333842]
[3.9466248]
[3.7704015]
[3.912005]
[3.8120122]
[4.049487]
[3.8688624]
[3.9741185]
[4.1407595]
[3.884549]
[3.815717]
[3.8295527]
[3.9501467]
[4.1516857]
[3.9935393]
[3.7950923]
[3.861289]
[3.7633889]
[3.8056686]
[3.710282]
[4.2713494]
[4.027153]
[3.9966712]
[4.0194407]
[3.8652925]
[4.2544823]
[3.8054466]
[3.8147924]
[3.679053]
[4.088429]
[3.8027089]
[3.5825846]
[3.8075438]
[3.729781]
[4.087526]
[3.9170856]
[3.8712606]
[3.7081473]
[3.6044505]
[3.6044452]
[4.2446065]
[3.8075452]
[3.9662142]
[4.0194435]
[4.118504]
[3.9731958]
[3.8225932]
[3.6406937]
[3.9064565]
[4.2279425]
[3.84411]
[3.639702]
[3.8110902]
[3.6927435]
[4.0608354]
[4.0437465]
[3.8287807]
[3.9182692]
[3.957893]
[4.2511826]
[3.7102814]
[3.9119325]
[3.723445]
[4.025117]
[4.254482]
[3.8339722]
[4.1075006]
[3.6927419]
[4.15287]
[3.9578924]
[4.1654444]
[3.8140366]
[3.7683518]
[4.0606484]
[3.743819]
[3.6486754]
[3.941593]
[3.8339722]
[4.069913]
[3.7039795]
[4.049054]
[3.7899826]
[3.8924246]
[4.0741158]
[4.207105]
[3.6887994]
[3.9156995]
[3.9119227]
[3.784655]
[3.7301633]
[3.7740293]
[4.254866]
[3.6528752]
[3.6688871]
[3.9918768]
[3.7595649]
[4.109612]
[4.074026]
[3.6976144]
[3.843012]
[3.6604238]
[3.790737]
[3.764049]
[3.5239632]
[3.8160307]
[3.911926]
[3.87715]
[4.088429]
[3.9445438]
[4.1526747]
[3.7157066]
[3.680542]
[3.8640275]
[3.8160303]
[3.9931355]
[3.9988043]
[4.1317086]
[3.6152792]
[3.7336874]
[3.7000422]
[3.7121503]
[3.7548568]
[4.0155587]
[3.9160175]
[3.9161196]
[3.722567]
[3.5031967]
[3.7735088]
[4.071649]
[3.6322024]
[4.1027765]
[3.8804624]
[3.9714086]
[3.9872735]
[3.7863977]
[4.2448535]
[3.7102928]
[3.9599805]
[4.040623]
[4.109975]
[3.8580072]
[3.8345354]
[3.7899818]
[3.72353]
[4.1804223]
[3.7953508]
[3.8120117]
[4.156262]
[4.383235]
[3.7474396]
[4.2639766]
[3.7704382]
[3.941592]
[4.2735963]
[4.229966]
[3.7117398]
[3.700041]
[3.7820609]
[4.221175]
[3.7937465]
[3.7805269]
[4.273592]
[3.9208553]
[3.8447556]
[4.0606513]
[3.6057234]
[4.016947]
[3.919812]
[3.733678]
[4.2745667]
[4.2376647]
[3.668887]
[3.9648957]
[3.8605587]
[3.763387]
[3.8079624]
[3.9161162]
[4.234998]
[3.7967498]
[3.7291136]
[3.7937462]
[4.2161303]
[3.8673277]
[3.6497734]
[3.9899695]
[4.0478945]
[4.074569]
[3.7938204]
[3.6340692]
[3.6708493]
[3.7387588]
[4.0086217]
[3.7570426]
[3.7963297]
[3.821084]
[3.9829097]
[3.935588]
[3.933383]
[3.9143229]
[4.259982]
[3.80836]
[4.01007]
[4.231669]
[3.6631558]
[3.7511048]
[3.9919133]
[4.044153]
[3.9918725]
[3.9709609]
[3.8838854]
[4.130099]
[3.5673609]
[4.1398716]
[3.6604512]
[4.022166]
[3.8712602]
[4.1279864]
[3.605722]
[3.9712756]
[3.632201]
[3.80269]
[3.8083916]
[3.8120139]
[3.6929803]
[4.0201635]
[3.9182713]
[4.1516705]
[4.117007]
[3.964049]
[3.7021203]
[4.013099]
[4.240414]
[3.7727587]
[3.9508433]
[3.906462]
[3.9981666]
[3.8066025]
[3.9730465]
[4.1877275]
[4.2619643]
[3.884547]
[3.9047215]
[3.7472036]
[3.8630593]
[3.9678698]
[3.7953472]
[3.95064]
[3.8691804]
[3.6646736]
[3.6063116]
[4.1516867]
[3.8911152]
[3.7450244]
[3.818167]
[3.567794]
[3.87959]
[3.8251104]
[4.0123806]
[3.843183]
[3.7655418]
[3.7309735]
[3.8925047]
[3.590173]
[3.7036185]
[4.0924287]
[3.703975]
[3.894306]
[4.2316666]
[3.822312]
[4.0514607]
[3.8836143]
[3.9183714]
[3.6455374]
[4.218609]
[3.9369435]
[4.1009736]
[4.0221653]
[4.264412]
[4.02069]
[3.797914]
[3.9730475]
[3.636177]
[3.712285]
[3.8051543]
[4.047823]
[3.7457197]
[4.0449796]
[3.925193]
[3.797936]
[3.7207396]
[4.1332064]
[3.794268]
[4.0485544]
[3.900843]
[4.0553455]
[3.880563]
[4.1494427]
[3.5727544]
[3.881518]
[3.9977765]
[3.9935386]
[4.235003]
[3.754851]
[3.9709604]
[3.7463055]
[3.5902224]
[3.6044455]
[3.7351005]
[3.582589]
[3.9984882]
[3.822682]
[3.5239618]
[3.945554]
[3.6720984]
[3.720693]
[3.9008312]
[3.654332]
[4.150337]
[4.0582805]
[4.034343]
[3.7659523]
[4.0200624]
[3.8820317]
[3.8576496]
[4.185712]
[3.6637225]
[3.702754]
[3.6039786]
[3.8014448]
[4.0690074]
[4.2404146]
[4.164502]
[3.8395283]
[3.6057198]
[3.822353]
[3.6708488]
[3.8692906]
[4.0286107]
[3.8083909]
[4.109974]
[3.8659983]
[3.9073262]
[3.964051]
[3.862284]
[3.7404256]
[4.25814]
[3.9730468]
[3.8612893]
[3.808393]
[3.8952587]
[4.1861024]
[3.8110907]
[4.157884]
[4.1279845]
[3.794235]
[3.8465803]
[3.722568]
[3.8181694]
[4.0939593]
[3.6044312]
[3.9335616]
[4.1426926]
[3.9064586]
[3.7474399]
[3.649774]
[3.862285]
[4.102776]
[3.923462]
[3.7171934]
[3.9570522]
[3.687528]
[3.758645]
[4.030834]
[3.839525]
[3.925193]
[3.766478]
[3.7121491]
[3.6293428]
[4.022889]
[3.8436625]
[4.016116]
[4.049382]
[3.804903]
[3.9014878]
[3.8287835]
[4.151935]
[3.7846622]
[4.183821]
[4.04159]
[3.9047232]
[3.8553653]
[3.534471]
[3.6243591]
[3.9746504]
[3.6839068]
[3.6948173]
[4.203661]
[3.7698977]
[3.8694136]
[3.5181892]
[4.0538297]
[4.208701]
[4.130101]
[3.7150486]
[3.731325]
[4.068025]
[4.029954]
[4.0655737]
[3.9170878]
[4.100229]
[4.1532936]
[3.6322024]
[3.8129387]
[3.624354]
[4.186103]
[3.89593]
[3.636174]
[3.8048697]
[3.7056818]
[3.6044505]
[3.6025827]
[4.041365]
[3.619406]
[4.111163]
[4.049351]
[3.9335616]
[3.8712604]
[3.6646707]
[3.6688893]
[3.9182687]
[3.850858]
[4.1586466]
[3.8827438]
[3.737493]
[3.5863543]
[3.9858782]
[4.0026274]
[3.9202461]
[3.8278646]
[3.5031962]
[3.808389]
[4.0015078]
[3.77403]
[4.207995]
[4.0123734]
[4.294063]
[4.0849338]
[3.7698925]
[3.7735875]
[3.6317418]
[3.980669]
[3.5822015]
[3.807374]
[3.787546]
[3.6859338]
[3.8795888]
[3.57709]
[4.09285]
[4.2101955]
[3.8837862]
[4.1050124]
[3.9252307]
[3.6960807]
[4.2697215]
[3.8807654]
[4.066926]
[3.7038336]
[3.9295094]
[4.0353775]
[4.035372]
[4.157856]
[3.8142686]
[3.6857092]
[4.3216734]
[3.782335]
[3.8331563]
[4.256058]
[3.7252274]
[3.862813]
[4.409096]
[3.9712753]
[3.8956008]
[4.309819]
[3.924657]
[4.0015063]
[3.808361]
[3.755269]
[3.8708088]
[3.8420227]
[4.2713523]
[3.9439974]
[3.9933043]
[3.9128332]
[4.193909]
[4.1050076]
[3.9741492]
[3.8054466]
[3.8237152]
[4.092463]
[3.8553667]
[3.6176827]
[4.1164703]
[4.108913]
[3.8342571]
[4.055346]
[3.9957573]
[4.130032]
[4.254866]
[3.7309763]
[3.660664]
[3.8730285]
[3.7387595]
[3.7451038]
[4.237667]
[3.7828813]
[3.595249]
[3.7847178]
[3.70861]
[3.866034]
[3.931102]
[4.1401796]
[3.6720974]
[3.8073735]
[3.7866776]
[4.200087]
[3.9415915]
[3.8299997]
[3.8640275]
[4.0251093]
[3.8160274]
[3.660667]
[4.1314383]
[3.7740307]
[3.923493]
[4.157884]
[3.816093]
[3.7614143]
[3.815716]
[3.9251685]
[3.933561]
[4.1314383]
[3.7297792]
[3.9375415]
[4.2653146]
[3.8611467]
[3.6646736]
[3.842382]
[3.7887356]
[3.7735114]
[3.7564514]
[3.6369402]
[3.797133]
[3.9984884]
[3.968443]
[4.152676]
[3.8066027]
[3.6322014]
[4.047871]
[3.9958186]
[3.7646613]
[3.780011]
[3.7823365]
[3.7497523]
[3.734527]
[4.1164703]
[3.8673275]
[3.9746046]
[4.3216734]
[3.8365355]
[3.8259294]
[3.7109056]
[3.8722923]
[3.8252172]
[4.0991316]
[3.9126046]
[3.7657695]
[3.9294481]
[3.9208574]
[3.743318]
[3.7646601]
[3.84411]
[4.130138]
[3.782882]
[3.9062774]
[3.5825858]
[3.76466]
[4.0226364]
[3.7171946]
[3.650402]
[3.957315]
[4.263976]
[3.8661902]
[4.034343]
[3.9143248]
[3.8266428]
[4.003208]
[3.9191918]
[3.9599817]
[3.6918528]
[3.8402998]
[3.733686]
[3.6194062]
[3.9866245]
[3.6777897]
[3.8281388]
[4.220021]
[3.8652937]
[3.7301652]
[3.7682416]
[4.0228925]
[3.7948158]
[3.9061403]
[4.019907]
[3.6753113]
[3.8158448]
[3.749752]
[3.8943076]
[3.7942405]
[4.1042867]
[3.7899864]
[3.8628867]
[3.7820606]
[3.96405]
[4.18043]
[3.964049]
[3.8051553]
[3.8181694]
[4.237666]
[3.6543326]
[4.229298]
[3.6918533]
[3.7404168]
[4.0462275]
[4.010005]
[3.6358533]
[4.0961375]
[4.142691]
[3.6948156]
[3.7034304]
[3.9266982]
[4.259981]
[3.6528761]
[3.7904482]
[3.7735074]
[3.816995]
[3.8458283]
[3.8450904]
[3.7777739]
[4.2619734]
[4.254483]
[3.597602]
[3.9170847]
[3.6777897]
[3.9626598]
[4.1917815]
[3.746306]
[3.8436608]
[3.7252269]
[4.164661]
[3.8359706]
[3.7398527]
[4.142689]
[3.9570513]
[3.8287833]
[3.7085583]
[3.9794497]
[3.9984877]
[4.009997]
[3.7773716]
[3.7197182]
[4.0781775]
[4.2735953]
[3.9988053]
[4.0181203]
[4.0155544]
[4.2185245]
[3.7734432]
[3.8342566]
[3.8083584]
[3.605721]
[3.8900054]
[3.658091]
[3.8815217]
[3.7001736]
[3.9931371]
[3.7739668]
[4.020688]
[3.8397691]
[4.3039103]
[4.096141]
[4.5139995]
[3.864027]
[4.244891]
[3.7978435]
[4.03782]
[3.6361725]
[4.1094737]
[3.6708488]
[3.7606578]
[3.7386255]
[3.8037899]
[4.2599816]
[3.6361742]
[4.029949]
[3.9064622]
[3.6455386]
[3.86619]
[3.8649213]
[3.9501488]
[3.727824]
[3.8489218]
[4.0194426]
[4.0571594]
[3.8246787]
[4.251182]
[3.8243582]
[4.039413]
[3.8459675]
[4.2312593]
[3.6783965]
[3.567361]
[3.808551]
[3.9161475]
[3.5863545]
[4.244854]
[3.627765]
[3.679829]
[3.814788]
[4.01168]
[3.597597]
[3.9251928]
[4.092134]
[4.2312565]
[3.845829]
[3.7497497]
[3.5809195]
[3.6953115]
[3.6397028]
[3.8397675]
[3.9958186]
[3.8331573]
[3.883784]
[3.6798277]
[3.796334]
[4.096049]
[3.7837217]
[3.9698195]
[4.1918087]
[3.7001739]
[3.7111266]
[4.003209]
[4.0031924]
[3.848044]
[3.77351]
[4.0504255]
[4.1398735]
[3.7735877]
[3.8486624]
[3.7147284]
[4.068029]
[3.788661]
[3.6918533]
[3.8535042]
[3.8829322]
[3.9760888]
[3.8807657]
[4.32158]
[4.513997]
[3.8804622]
[3.773454]
[4.260622]
[3.773443]
[3.747205]
[3.6875277]
[3.8243587]
[3.9601848]
[4.176643]
[3.677792]
[4.2092857]
[4.019966]
[3.8650043]
[4.300727]
[3.7979155]
[4.2279406]
[3.6361773]
[4.0406165]
[3.812936]
[4.1892676]
[3.5673614]
[4.0449834]
[3.8553653]
[4.0921373]
[3.7739656]
[3.67983]
[4.1314945]
[3.7734528]
[3.8034923]
[3.7488334]
[3.4107008]
[3.8815174]
[3.723529]
[3.757043]
[4.1565075]
[3.7252254]
[4.048101]
[3.9384322]
[3.9996994]
[3.6816447]
[4.1035156]
[3.71473]
[3.6712403]
[3.9730878]
[3.8367233]
[4.099107]
[3.6927428]
[3.5677938]
[4.139875]
[3.8110912]
[3.8210845]
[4.157886]
[3.8365333]
[4.015672]
[3.8002553]
[3.723529]
[3.8259776]
[3.867723]
[3.86929]
[3.8236961]
[3.7727544]
[3.8627274]
[3.731373]
[3.7646601]
[3.6646688]
[3.9599807]
[3.8708048]
[3.617686]
[3.8648438]
[3.784717]
[3.8489218]
[3.8150308]
[4.128519]
[3.8598228]
[3.8215785]
[4.2000866]
[3.7953472]
[3.7358384]
[4.0743575]
[4.130876]
[3.9384322]
[4.066075]
[3.6773262]
[4.1646504]
[3.6063118]
[3.7938247]
[3.7197688]
[3.8423827]
[3.6332161]
[4.2581367]
[3.9712772]
[3.895602]
[3.8403022]
[4.1586466]
[4.057166]
[3.8226404]
[4.235582]
[3.5677946]
[3.86273]
[3.8085535]
[4.1586447]
[3.8428082]
[4.260542]
[3.8049026]
[3.7735085]
[3.5901725]
[4.142689]
[3.6361768]
[3.6898541]
[3.8241386]
[3.9052608]
[3.7578297]
[3.9987795]
[3.9794507]
[4.2448907]
[3.7252262]
[3.764013]
[4.3832383]
[4.183825]
[4.124078]
[3.8503659]
[3.8048773]
[3.9809637]
[3.9525611]
[3.7488325]
[3.7832346]
[3.9714003]
[3.854602]
[4.0080366]
[3.8458285]
[3.8649194]
[3.894166]
[3.9984875]
[3.966485]
[3.86273]
[3.7450252]
[3.7336874]
[4.227938]
[3.9593375]
[3.995819]
[3.8078616]
[3.7837207]
[4.078944]
[3.939578]
[3.729116]
[3.9933057]
[4.0522466]
[3.6604507]
[3.9266968]
[3.7147422]
[4.149445]
[4.0181212]
[3.9570582]
[3.9294462]
[3.753797]
[4.008008]
[3.9455059]
[3.907275]
[3.883619]
[3.8411114]
[3.7887363]
[3.6322021]
[4.483279]
[3.6216536]
[4.1601205]
[3.7904484]
[3.689375]
[3.7021236]
[3.8225944]
[3.8010426]
[4.262932]
[4.048103]
[3.9170895]
[4.079559]
[4.07165]
[3.9853795]
[3.7820623]
[3.6604125]
[3.5181928]
[4.13088]
[4.0449796]
[4.237663]
[3.8133347]
[3.7963834]
[3.8281372]
[4.0200253]
[3.7823336]
[4.0221667]
[3.842379]
[3.7947938]
[3.6497734]
[4.0308337]
[3.9625401]
[3.8281372]
[3.7614129]
[3.7351022]
[4.1050134]
[3.822677]
[3.6604521]
[3.797936]
[3.8237123]
[3.8059468]
[4.301863]
[4.1532917]
[3.8075454]
[3.9863496]
[4.05177]
[4.0036793]
[4.3376956]
[3.6839087]
[3.6580987]
[3.5863547]
[3.6366642]
[3.9252226]
[3.9405386]
[3.763387]
[3.6865973]
[3.8317997]
[3.842807]
[4.084006]
[4.0741153]
[3.9234626]
[4.210195]
[3.8169956]
[3.789981]
[3.8999677]
[3.6875248]
[3.7474396]
[3.8034952]
[3.784658]
[4.0795913]
[3.9761]
[3.8142803]
[3.6489327]
[3.6835394]
[3.621654]
[3.8454933]
[3.8157184]
[3.857988]
[3.624356]
[3.8434918]
[3.6194062]
[3.8628137]
[4.3039174]
[3.9880617]
[3.925232]
[4.007326]
[3.8535593]
[4.1532893]
[4.019441]
[3.5673614]
[3.5031967]
[3.8467133]
[4.1185055]
[3.7664795]
[3.5677931]
[3.9119258]
[3.7345295]
[3.8508577]
[4.2187676]
[4.019964]
[3.916149]
[3.8535016]
[4.2185245]
[4.3925185]
[4.068695]
[4.294062]
[3.9593368]
[3.8252156]
[3.9977782]
[3.9579625]
[3.91709]
[4.0921407]
[3.7081475]
[3.808552]
[3.7863996]
[3.7462978]
[3.9062777]
[3.9234626]
[3.9996998]
[3.7866774]
[4.0100665]
[4.1601195]
[3.9062777]
[3.9534929]
[3.5821965]
[3.602871]
[3.7846618]
[4.046229]
[3.7457192]
[3.8120155]
[3.6893733]
[3.743286]
[4.018121]
[3.8628132]
[3.9688902]
[4.0991087]
[3.8652947]
[4.352951]
[3.6152806]
[3.9445417]
[4.033148]
[3.6604495]
[3.8078618]
[3.8688624]
[4.2086987]
[4.1526775]
[3.8289723]
[3.8365366]
[3.582202]
[4.0493517]
[3.7866793]
[3.705654]
[3.8236988]
[3.7698946]
[3.759565]
[3.639704]
[4.0884285]
[3.6633592]
[3.8640273]
[3.8382769]
[3.6925468]
[3.8249853]
[3.9578934]
[4.047871]
[4.309385]
[4.0437474]
[3.8725994]
[3.945263]
[3.864847]
[3.7150474]
[4.2221417]
[3.9501474]
[3.9466248]
[4.037015]
[3.853559]
[3.6631544]
[3.7832353]
[4.0485544]
[4.003679]
[3.9007123]
[4.2581363]
[4.105316]
[4.2071075]
[4.079289]
[3.9866245]
[3.7568226]
[3.8287802]
[4.034341]
[3.833971]
[3.7055125]
[4.044979]
[3.9714084]
[3.738623]
[4.0690026]
[4.074357]
[3.8625767]
[3.7704384]
[3.967748]
[4.0991306]
[3.6250463]
[3.7301657]
[3.8688617]
[3.6028712]
[3.8535028]
[3.9958189]
[3.926265]
[4.142691]
[3.7432864]
[3.7088702]
[3.8630593]
[3.7704024]
[3.867328]
[4.016242]
[4.2279396]
[3.7568095]
[3.6929772]
[3.8252192]
[3.6683054]
[4.1164694]
[3.6857095]
[4.3275537]
[3.7398503]
[3.7948189]
[3.636662]
[4.130878]
[4.1526775]
[4.1398745]
[4.327552]
[3.7115166]
[3.9183712]
[4.052247]
[3.9731958]
[4.0272117]
[3.9548812]
[4.043986]
[4.0116463]
[4.078527]
[3.6793897]
[4.1059327]
[3.9664862]
[3.9548895]
[4.0884295]
[3.8119304]
[3.9120054]
[3.719719]
[3.7252266]
[3.6773248]
[3.8911164]
[3.8120115]
[3.7497532]
[4.0353785]
[4.0493507]
[3.9251924]
[3.6406956]
[3.842806]
[3.7967494]
[3.9014885]
[4.2185245]
[4.0517693]
[3.7336874]
[3.689373]
[3.894165]
[4.3529534]
[3.8246796]
[4.0403647]
[3.8458273]
[3.6319995]
[4.0005093]
[3.7207365]
[3.708612]
[3.621944]
[3.8225682]
[4.262924]
[3.8119302]
[4.014473]
[3.8032448]
[3.660945]
[3.7583437]
[4.1958447]
[4.0991073]
[3.6766918]
[3.824677]
[4.109612]
[4.001508]
[3.8125706]
[3.738761]
[3.7907383]
[3.7713535]
[4.104829]
[4.0441537]
[3.7657695]
[3.7021222]
[3.8026888]
[3.9741216]
[4.107498]
[4.1055207]
[4.1651425]
[4.039412]
[3.7432866]
[3.9405372]
[4.216131]
[3.6976123]
[4.2185984]
[3.7606566]
[3.805953]
[3.8945098]
[3.7278223]
[4.0478244]
[3.7828815]
[3.6633592]
[3.7586415]
[3.7374938]
[3.805155]
[3.7640154]
[3.7726557]
[4.224286]
[3.6936293]
[3.7801476]
[3.5239625]
[4.0716505]
[3.9394114]
[3.6194057]
[4.2560577]
[3.7568266]
[3.8181677]
[3.8207476]
[3.8573763]
[3.89593]
[4.1445227]
[3.9294512]
[3.8207479]
[4.3343263]
[4.2242866]
[3.8722906]
[4.191807]
[3.6976128]
[3.9853804]
[3.7420318]
[4.1857085]
[3.7568169]
[3.85765]
[3.9714088]
[3.7252257]
[3.9933624]
[4.2932367]
[4.01942]
[3.7206693]
[3.6841648]
[3.7904487]
[3.6293445]
[3.9933028]
[4.309381]
[4.402769]
[4.0231953]
[3.9062772]
[3.679861]
[3.8281367]
[4.152878]
[4.2079935]
[3.8210766]
[3.68571]
[3.7978535]
[3.6369395]
[3.9698188]
[3.703618]
[4.0339584]
[3.9760847]
[3.8295524]
[3.7664824]
[3.782062]
[4.0415854]
[3.865999]
[3.8628142]
[4.164651]
[3.950148]
[4.3660717]
[4.191785]
[4.103518]
[3.919192]
[3.9508438]
[3.9234622]
[3.8628447]
[3.7537982]
[3.7117405]
[3.6646705]
[3.8627295]
[3.7662284]
[3.998488]
[3.7846594]
[3.8431156]
[3.8198783]
[3.782882]
[3.847615]
[3.9161174]
[3.8223526]
[3.619492]
[4.260576]
[4.2619634]
[3.5677943]
[4.2560368]
[3.8503666]
[3.6499374]
[4.048552]
[3.6929772]
[4.0939593]
[3.900715]
[3.8900056]
[3.8056686]
[3.7552667]
[3.7739656]
[3.8487997]
[3.410704]
[3.8085544]
[3.8434956]
[4.0206857]
[4.0900054]
[3.9452624]
[3.7117395]
[3.600378]
[3.7992291]
[4.0161166]
[3.8661897]
[3.825138]
[3.9829094]
[3.6893735]
[4.3874927]
[3.6805437]
[3.6633582]
[4.189276]
[4.2560577]
[3.5181942]
[4.2940626]
[3.8730187]
[3.9931371]
[3.5770938]
[3.7157047]
[4.0073233]
[3.8535082]
[3.7058527]
[3.9849555]
[3.7297804]
[3.9355881]
[3.970262]
[3.8688624]
[4.3529515]
[3.7291162]
[3.7578301]
[3.7384224]
[4.0005074]
[4.191008]
[3.8837852]
[3.9331028]
[3.79544]
[3.865004]
[4.1042633]
[4.301498]
[3.8730276]
[3.969809]
[3.8420222]
[3.7655323]
[3.8289711]
[3.7004063]
[3.7646596]
[3.8397675]
[3.9452608]
[3.9883459]
[4.2216134]
[3.9506452]
[3.944568]
[3.8837836]
[4.1055245]
[3.7081475]
[3.6455383]
[3.6322029]
[4.0874467]
[3.7735877]
[4.1562605]
[3.8640275]
[4.2376657]
[3.5344718]
[3.7969406]
[4.035379]
[3.7187448]
[4.3007264]
[3.7309752]
[4.1494455]
[3.9460022]
[4.16466]
[3.9182708]
[3.8807633]
[3.7991977]
[3.7235296]
[4.3098207]
[3.7564554]
[3.9064586]
[3.6039789]
[3.7682452]
[3.63694]
[3.6606631]
[4.144522]
[3.9311016]
[3.672162]
[4.128519]
[3.7115161]
[3.7171955]
[4.1861024]
[3.9311218]
[3.9601836]
[4.1426916]
[3.7719378]
[3.7570443]
[3.8576488]
[3.86929]
[3.9712768]
[3.8142774]
[3.8059537]
[3.7614136]
[3.5770924]
[3.7882001]
[3.7655349]
[4.1301007]
[3.9294481]
[4.1042867]
[3.9219756]
[4.1285205]
[3.7157016]
[3.735102]
[4.220021]
[3.7570462]
[3.668886]
[3.6580913]
[4.323192]
[3.8027086]
[4.092852]
[4.160281]
[3.9625359]
[4.175462]
[3.7863946]
[3.854602]
[3.756824]
[3.6859326]
[3.6044495]
[3.793746]
[3.9712737]
[3.7979147]
[3.6186416]
[3.8241377]
[3.8225932]
[4.13003]
[3.8576486]
[3.6489332]
[3.790449]
[3.7978432]
[4.0898504]
[3.7436748]
[3.920855]
[3.8815155]
[3.8059542]
[3.82664]
[3.8447554]
[3.8049014]
[3.6893735]
[3.7614136]
[3.8073728]
[4.039413]
[3.961786]
[4.09243]
[3.8181694]
[3.7739675]
[3.765534]
[3.8431156]
[4.289492]
[3.6712396]
[3.8056722]
[3.843011]
[3.7953472]
[3.7109053]
[3.8630588]
[3.8677227]
[4.100972]
[3.969821]
[3.6857085]
[3.9073267]
[3.6216538]
[4.1516957]
[4.189277]
[4.1534615]
[3.8480427]
[4.0716496]
[3.9457085]
[4.169257]
[4.2029724]
[4.3216743]
[3.995819]
[3.864847]
[4.0727234]
[3.7150466]
[3.8342574]
[4.2279406]
[4.104288]
[3.824143]
[3.9899683]
[3.8576496]
[4.2548676]
[3.803245]
[3.8054519]
[3.8628867]
[3.9599774]
[3.621654]
[4.222141]
[3.99576]
[3.9501545]
[3.6216538]
[3.9549322]
[3.7963831]
[3.618639]
[3.9266977]
[3.9311216]
[3.7171893]
[3.5901728]
[4.1028137]
[3.6069067]
[3.743819]
[3.7004056]
[4.147059]
[3.7086115]
[3.853558]
[4.0799356]
[4.237665]
[4.040617]
[3.9460025]
[3.7564557]
[3.9246595]
[3.896157]
[4.1316347]
[3.582587]
[4.008008]
[3.7656622]
[3.8535058]
[3.8546004]
[3.5902169]
[4.1314383]
[3.9731958]
[3.8827415]
[3.7549021]
[3.815845]
[3.9171777]
[3.9119267]
[3.851204]
[3.6543303]
[3.892505]
[4.0403647]
[4.164651]
[4.0155525]
[3.7086148]
[3.9573176]
[3.8722916]
[3.8787084]
[3.85765]
[3.8026893]
[3.9014864]
[3.8804634]
[3.760657]
[3.8270445]
[4.3275504]
[3.8454406]
[3.7655368]
[3.7252254]
[3.8914468]
[4.020716]
[4.1048293]
[4.2407007]
[3.813331]
[4.091892]
[3.8999648]
[3.6925476]
[4.016116]
[3.7875512]
[4.0490365]
[4.240792]
[3.8792677]
[3.5677936]
[3.6152802]
[3.97945]
[3.976083]
[3.8367226]
[3.8628132]
[3.86273]
[4.215039]
[4.033102]
[4.065577]
[4.3331437]
[3.7979326]
[3.6859412]
[3.7953486]
[4.2629237]
[4.207995]
[4.066077]
[3.5821905]
[3.6366603]
[4.0922437]
[3.6332188]
[3.8026931]
[3.844754]
[4.352951]
[3.787594]
[4.0343423]
[4.2489552]
[3.843011]
[4.047894]
[3.5239613]
[3.8465817]
[3.8602138]
[3.8366566]
[3.663401]
[3.9171784]
[3.9895334]
[4.007333]
[3.933561]
[3.6865978]
[3.9829104]
[3.8573797]
[3.829391]
[3.6718094]
[3.9335618]
[4.092192]
[3.9829087]
[3.5822]
[4.0144525]
[3.7420318]
[4.2200217]
[4.2651033]
[3.8038056]
[3.73985]
[4.240792]
[3.7614133]
[3.751897]
[3.8056703]
[3.7827597]
[4.1445217]
[3.671238]
[3.8480432]
[4.218525]
[3.6176841]
[4.100235]
[3.7875469]
[3.81193]
[4.0877514]
[3.8048725]
[3.6243582]
[3.663155]
[3.7568266]
[3.8270504]
[3.9126031]
[3.9455538]
[4.216131]
[3.8459675]
[3.9578917]
[3.9251935]
[4.002627]
[3.869414]
[3.7713552]
[3.8431168]
[3.862814]
[3.7398493]
[3.9235003]
[3.9008338]
[3.8142445]
[3.6219518]
[3.7001755]
[3.8829355]
[3.714729]
[4.4205856]
