fly -0.159370 0.102855 0.035839 -0.152893 0.142645 0.259796 0.002954 -0.037500 0.084714 -0.178355 -0.163995 -0.153375 -0.106321 -0.090072 -0.040797 -0.135987 0.064927 0.033434 -0.133519 -0.020858
loud 0.004290 0.078423 0.193409 0.040795 0.096760 -0.027904 0.109655 -0.008726 -0.352841 -0.008326 -0.133013 0.065413 0.125634 0.069170 -0.108065 0.112806 0.130640 0.038554 0.051985 -0.034148
tough 0.065946 0.054733 0.115539 0.171041 0.008680 0.063255 0.055655 0.009446 -0.310096 -0.085232 -0.016177 0.083941 0.090322 0.051608 -0.106342 -0.074715 0.122136 -0.037641 0.067700 -0.126175
occasionally 0.223161 -0.085130 0.271345 0.125709 0.032916 -0.034717 -0.142303 -0.041286 0.154058 -0.138438 -0.112537 0.052387 -0.048436 0.068465 0.033061 -0.042085 -0.087999 0.028134 0.085172 -0.016143
moving 0.066561 0.097498 0.033433 0.026049 -0.093276 0.162906 0.000953 0.056505 0.160462 -0.167458 0.101762 -0.022856 -0.047953 0.016786 0.034410 0.185044 0.076278 -0.218641 0.227569 0.066339
professionally 0.221566 -0.149373 0.102473 0.117380 0.086955 0.042812 -0.139849 -0.108397 -0.075428 0.032693 -0.121767 -0.001559 -0.079226 0.090440 0.229828 -0.025742 -0.144107 0.017462 0.092458 -0.070108
professional 0.010872 -0.067845 -0.093933 0.028005 0.170292 0.055772 0.016637 0.177864 0.002892 0.306571 0.131119 -0.004256 -0.067414 0.022908 0.066075 -0.022905 -0.054661 0.057500 0.226457 -0.283068
norwegian -0.111058 -0.164612 -0.040357 0.038946 -0.079954 -0.069604 0.100663 0.089616 0.153030 -0.044858 -0.071121 0.055867 0.095713 -0.020583 0.058134 0.008714 -0.034278 0.217321 -0.105035 0.025771
tougher 0.171100 -0.022695 0.075603 -0.053870 -0.125469 0.130723 0.118373 -0.113011 0.076246 0.148186 0.189753 0.114664 0.191107 -0.156111 0.029209 -0.073324 0.036303 -0.047986 -0.118410 -0.097995
ukraine -0.030225 0.039030 -0.035154 0.203235 -0.067240 -0.069706 -0.173811 0.014087 0.062908 0.171390 -0.024593 0.052090 0.008337 -0.117334 -0.198567 -0.041360 0.078650 -0.135129 -0.011905 0.028166
move -0.046219 -0.005085 0.088796 -0.235940 0.037682 0.075888 0.251685 0.103133 0.065397 -0.101783 -0.124995 -0.064233 -0.183025 -0.207707 0.118419 -0.093026 0.155469 -0.146290 -0.017353 -0.038890
occasional -0.119401 0.062339 0.022034 -0.030520 0.219780 0.002915 -0.010872 0.071141 0.178688 0.168591 0.030098 0.045415 -0.139435 0.049107 -0.042818 0.056451 -0.062092 -0.026037 0.124214 -0.243092
ukrainian 0.004519 -0.258656 -0.127493 -0.040682 -0.095766 -0.060260 0.012648 0.057015 0.081315 0.088827 -0.114882 0.066208 0.033019 0.018937 -0.129934 -0.040669 -0.221319 -0.107965 -0.163865 -0.000003
flying 0.017971 0.101828 -0.024080 0.052098 -0.038469 0.260189 -0.167443 0.025718 0.032758 -0.183655 -0.062687 -0.104494 0.048548 0.096978 -0.121550 0.082496 -0.023227 -0.035898 0.122842 -0.010985
danish 0.084785 -0.154902 0.019669 0.015180 -0.040287 -0.032959 0.106216 0.008981 0.096851 0.000681 -0.031306 -0.243219 0.009568 0.132864 0.032991 0.139025 -0.133203 0.051397 -0.267511 -0.002630
norway -0.181220 0.238361 -0.001524 0.173529 -0.069832 0.017986 -0.129815 0.124232 0.020216 0.074402 0.054829 0.013726 0.087319 -0.043127 0.104732 0.042980 0.034530 -0.041422 -0.016831 0.099747
argentina -0.027978 0.235425 -0.012842 -0.015390 0.017442 -0.231957 -0.248016 0.028819 -0.119862 -0.045807 0.010375 -0.067937 0.036893 -0.201926 0.076178 -0.003743 0.006707 0.018649 0.026022 0.119271
louder 0.155173 0.033919 0.201730 -0.187643 -0.168947 -0.035243 0.101343 -0.171217 0.002639 0.242221 0.126348 0.063012 0.163028 0.012922 -0.088249 0.011027 -0.043023 0.029574 0.018637 0.071144
argentinean 0.021857 -0.108715 -0.015961 -0.073188 -0.009056 -0.207535 0.061531 -0.000704 -0.003995 -0.077380 -0.044035 -0.091081 0.139604 -0.099140 0.017225 0.000771 -0.301877 -0.055168 -0.094150 -0.025460
denmark 0.073656 0.186852 -0.004690 0.184575 -0.075308 -0.028083 -0.155081 0.130662 0.045734 0.099691 0.074001 -0.225422 -0.150275 -0.070815 -0.051077 0.011789 0.101387 0.092029 -0.119999 0.084297
