fly -0.106114 0.007175 -0.133552 -0.162916 0.114669 -0.171921 0.032835 -0.165401 0.088245 0.054827 -0.103289 0.195925 0.115223 0.284866 0.103691 -0.213884 0.233738 -0.001072 0.023336 0.187949
loud -0.105115 0.257124 -0.219524 -0.128022 0.017488 -0.126932 0.028296 0.176594 -0.065732 -0.041318 -0.043673 0.482899 0.271930 -0.115613 -0.178846 0.297157 0.152646 0.051727 0.017182 0.005029
tough 0.009696 0.187828 -0.030262 0.084085 0.040085 -0.055192 0.088719 0.042996 0.071040 -0.095326 -0.033165 0.456112 0.225870 -0.180680 -0.031967 0.179829 -0.104646 -0.094717 -0.072852 -0.041470
occasionally -0.030577 0.079168 -0.029138 0.231429 0.119989 -0.193974 -0.089946 -0.088029 -0.274422 0.186245 -0.060760 0.191405 -0.019453 -0.197059 0.004048 -0.153860 -0.241423 -0.088947 -0.119949 -0.168913
moving 0.250616 0.071990 0.014739 0.042114 -0.182674 0.199885 0.031615 -0.131584 -0.039996 0.068960 -0.138654 0.006746 -0.041840 0.001673 -0.075447 -0.134633 -0.255302 0.121654 -0.081410 -0.038169
professionally -0.195283 -0.084181 0.254134 0.305592 0.101790 -0.095127 -0.186037 -0.050744 -0.043054 0.197381 0.014907 0.040752 -0.154579 -0.211118 0.165665 -0.084072 -0.231309 -0.120968 -0.093953 -0.124954
professional -0.052850 -0.178192 0.302600 -0.107935 -0.121208 0.228405 -0.012573 0.169188 0.156408 -0.157430 0.137515 -0.013710 -0.186684 0.079630 0.143607 0.221677 0.232233 0.248734 -0.145833 -0.107069
norwegian 0.168538 0.126165 0.032233 -0.078410 0.084834 -0.094034 0.041653 0.271160 0.002712 -0.074496 -0.244469 0.081950 0.024299 0.066412 -0.100474 0.208727 -0.001100 0.220412 0.134529 -0.272218
tougher 0.131077 0.057613 -0.027872 -0.145183 -0.187299 -0.011042 -0.192721 0.081539 0.109191 -0.137167 -0.255630 -0.014464 0.048958 -0.003643 0.020798 0.080941 0.023939 -0.147058 -0.280168 0.055941
ukraine -0.011049 0.161293 0.103421 0.231578 -0.223200 0.053484 0.358984 -0.034940 -0.258538 -0.084717 -0.335048 -0.087882 -0.166398 -0.179748 0.069451 0.028299 -0.285896 0.121812 -0.099139 -0.197765
move 0.113971 -0.043408 0.259917 -0.132992 0.095315 -0.127737 0.060389 -0.223465 0.264553 -0.028446 -0.163515 -0.071700 -0.019743 0.183318 -0.076105 -0.107709 -0.223984 -0.071648 0.050469 0.000748
occasional -0.047039 0.106269 -0.092979 -0.240766 -0.188879 0.029627 0.066480 0.160961 -0.220463 -0.157148 -0.002240 0.071478 -0.014524 0.185970 -0.010329 0.072195 0.395758 0.468604 -0.072327 -0.187451
ukrainian 0.136624 0.070865 0.083012 -0.009875 -0.024521 -0.150093 0.000096 0.177161 -0.018034 -0.199855 -0.306983 0.002485 -0.101766 0.087636 0.023736 0.234707 -0.112087 0.357952 0.091733 -0.385197
flying 0.077663 -0.012102 -0.172380 0.054939 -0.098927 0.162494 -0.001361 -0.109335 -0.040624 0.049525 -0.093197 0.222276 0.086866 0.025640 0.051394 -0.139546 0.061959 0.150357 -0.083194 0.073498
danish 0.111157 -0.125535 -0.006677 -0.136851 0.103705 -0.124169 -0.181685 0.300529 0.122198 -0.035642 -0.142942 0.198118 0.016404 0.162724 0.074020 0.135613 0.132874 0.059763 0.231891 -0.013236
norway 0.086052 0.246512 -0.025653 0.125650 -0.077575 0.078197 0.366120 0.163303 -0.226706 0.141772 -0.307194 0.101520 0.046951 -0.156708 -0.100896 -0.014587 -0.144206 0.056289 -0.094023 -0.141835
argentina -0.299268 0.115160 -0.074084 -0.028933 -0.267774 -0.145019 0.100794 0.070696 -0.336790 0.373830 -0.215596 -0.087305 -0.261010 -0.008249 0.074535 -0.178956 0.205077 0.009504 0.099574 0.279028
louder 0.001294 0.161040 -0.131439 -0.300185 -0.353586 -0.021483 -0.295180 0.251092 -0.094802 -0.075694 -0.327930 -0.051297 0.085084 0.009931 -0.009838 0.251015 0.130347 0.033244 -0.134827 0.068828
argentinean -0.004415 -0.009387 -0.007284 -0.226313 -0.166101 -0.284803 -0.216175 0.281200 -0.062915 0.061993 -0.142692 0.010298 -0.203875 0.258456 0.088957 0.120572 0.316829 0.264705 0.272709 0.003133
denmark -0.027008 -0.099289 0.195134 0.140503 -0.013018 0.123995 0.231393 0.088201 -0.011652 0.073013 -0.255762 0.035369 -0.088499 -0.130201 0.145461 -0.066971 -0.190978 -0.157417 0.047519 0.153203
