move -0.101783 0.227842 -0.450191 -0.190254 0.008963 -0.005092 -0.166709 -0.294117 -0.063394 -0.045250 0.030194 0.179203 0.167177 0.145989 0.028856 -0.010795 0.038880 -0.097767 0.213098 0.064910
tougher -0.087500 0.022221 0.090871 0.084073 0.201312 0.052546 0.024694 0.107404 -0.105293 0.034672 0.035720 -0.264934 0.386872 0.062692 0.007529 -0.086781 -0.002963 -0.004077 0.110780 0.172158
occasionally -0.125713 -0.007152 0.036157 -0.000045 0.043919 0.320859 0.114398 -0.207177 0.098893 0.062848 -0.034466 -0.027157 -0.224924 -0.035802 0.058586 -0.062702 0.112147 0.150906 -0.075196 0.098468
argentina -0.057308 0.027851 0.322214 0.129543 -0.088182 -0.059583 -0.149905 -0.136324 -0.046633 0.047799 0.000875 0.083629 -0.007432 -0.128605 0.022315 -0.062342 0.067719 0.029001 0.180076 -0.226737
danish -0.010109 0.090790 0.024169 0.112046 0.196387 -0.112008 -0.052450 -0.059498 0.175900 -0.126087 -0.035120 -0.105430 -0.291955 0.181400 0.038299 0.023170 -0.044394 -0.255091 -0.054891 0.006036
fly 0.093774 0.272215 -0.226933 -0.151060 -0.156827 0.104049 -0.022706 -0.102160 0.079855 0.179319 -0.049864 0.082159 0.149992 0.105494 0.042546 -0.028767 0.171479 -0.298230 -0.033026 -0.158593
louder 0.204904 -0.082733 -0.025301 0.167530 0.064750 0.068761 -0.088708 0.050608 0.170225 -0.068142 -0.017711 -0.210764 0.334277 0.118265 -0.021164 0.025738 -0.124177 0.196599 0.045787 0.062386
loud -0.130915 -0.056682 0.090093 -0.294950 -0.038937 0.020759 -0.055726 0.128283 0.275661 0.054179 0.058234 -0.078348 0.123058 0.045222 -0.009437 0.196144 -0.154860 0.254345 0.001579 -0.187563
norway 0.055286 0.013213 0.178343 -0.015263 -0.032010 -0.137021 -0.191304 -0.108045 -0.192292 -0.168824 -0.034372 0.062396 0.095639 -0.089206 -0.001511 0.161606 0.307956 0.111229 -0.076918 -0.157458
ukraine 0.017285 0.169635 0.175066 -0.057155 -0.207471 -0.208299 -0.062773 -0.005149 -0.116049 -0.012055 -0.008380 0.031493 0.116863 -0.186660 0.020186 -0.105331 0.003547 0.176373 -0.228200 0.036016
professional 0.107147 -0.139065 -0.301281 0.081311 -0.105199 -0.007135 -0.072548 0.403809 -0.052839 0.020169 0.034666 -0.111041 -0.223444 -0.165688 0.015527 -0.051019 0.099647 0.094382 0.161128 0.048782
moving -0.191483 -0.277171 -0.094262 0.107053 -0.181090 0.037551 0.053341 -0.107876 -0.154813 -0.015308 -0.047849 0.003877 0.112624 -0.049551 -0.037244 0.147806 -0.090891 -0.123631 -0.049045 0.006403
tough -0.080730 0.179878 0.190378 -0.275522 0.108357 0.121335 0.113455 0.293981 -0.005699 0.030621 -0.032358 0.016408 0.040722 -0.017274 -0.021321 0.248392 -0.127679 0.061912 0.099322 -0.000616
flying -0.013897 -0.058796 0.019558 0.142583 -0.222780 0.246403 0.231759 -0.013586 -0.137161 -0.078064 0.031470 0.114201 0.031200 -0.159451 0.029103 0.158176 -0.098654 -0.164497 -0.152224 -0.145618
professionally -0.023069 -0.209197 -0.019294 -0.121626 0.187144 0.172112 0.072570 -0.081315 0.118809 -0.116920 -0.051264 -0.116624 -0.199948 -0.352209 -0.038993 -0.195047 0.054977 0.039553 -0.081770 -0.069015
norwegian 0.143118 -0.180129 -0.003372 -0.041388 0.250455 -0.173548 0.069240 -0.093738 -0.030374 0.083087 0.036682 0.035004 -0.094519 0.133666 -0.007091 0.043850 0.026416 0.006748 -0.083844 0.065910
argentinean 0.091297 -0.138906 0.089665 0.081678 0.085742 -0.178143 0.132308 -0.006784 0.207575 0.064237 0.055999 0.109846 -0.153698 0.130795 -0.019126 -0.089109 -0.131374 -0.106700 0.188586 0.067873
ukrainian 0.012076 0.055476 -0.080309 0.141866 0.189034 -0.238562 0.248016 0.152997 0.046653 0.039630 -0.008202 0.067036 -0.110643 0.116757 -0.055729 -0.146780 -0.097522 0.070416 -0.153589 -0.016880
occasional 0.077253 -0.036528 -0.120628 0.008910 -0.121540 0.113755 -0.248015 0.344743 -0.033119 0.069412 0.013692 0.127181 -0.161923 0.023279 -0.016805 -0.065086 0.041218 0.081745 -0.072847 0.165584
denmark 0.055051 0.159897 0.224665 -0.093536 -0.187073 -0.078068 -0.130080 -0.125268 -0.117835 -0.187117 -0.022811 -0.225287 -0.151187 0.008222 -0.056508 -0.069471 0.086136 -0.018731 0.087220 -0.105369
