move 0.119044 0.495258 0.126486 0.251296 -0.014526 0.126469 -0.078009 -0.480609 0.336979 -0.398668 0.090097 -0.036404 -0.394843 -0.016398 0.185066 0.288614 -0.034182 -0.019779 0.107724 0.080899
tougher -0.096463 0.300994 0.042238 0.511433 -0.143489 0.277133 -0.470570 0.163635 -0.031338 0.094083 0.290845 0.479668 0.042218 -0.406868 0.122163 -0.088423 -0.049849 -0.495926 0.365449 -0.315345
occasionally -0.380739 0.111001 0.029889 0.390226 -0.053007 -0.282478 -0.316273 -0.462034 -0.206304 -0.226932 0.022548 0.274670 0.377796 -0.196278 0.164079 0.265146 0.020031 -0.080108 -0.085851 0.000023
argentina -0.042157 0.195001 -0.018674 0.055734 0.095973 0.110295 -0.040477 -0.134784 -0.075021 -0.048747 0.117818 0.161742 -0.059781 -0.192993 0.210464 -0.098301 0.107970 0.069608 -0.042277 0.044933
danish -0.273777 -0.228158 0.065167 0.050539 -0.119239 -0.172126 -0.289713 0.096403 -0.012849 -0.182722 0.103638 0.306492 0.071866 0.151515 -0.020650 -0.472502 0.522152 0.009092 -0.256905 -0.181933
fly 0.162736 0.286041 0.120841 0.045031 -0.023724 0.126152 0.099331 -0.199648 0.199231 -0.114502 0.141960 -0.154501 -0.315870 -0.061052 0.125634 0.040302 0.083070 0.102119 0.102544 0.137690
louder -0.346972 0.059885 0.052141 0.318178 -0.257651 0.282022 -0.538000 0.032032 0.055105 0.224020 0.316038 0.332790 0.156655 -0.391527 0.145573 -0.078471 0.040568 -0.252399 0.479306 -0.440635
loud -0.272199 -0.172556 -0.031637 -0.025565 -0.220440 -0.255362 -0.302071 -0.069937 0.115313 0.180227 0.037671 0.236317 0.370470 -0.071826 0.150750 -0.168120 0.130452 -0.024520 -0.228849 -0.226375
norway 0.020010 0.124129 -0.021423 -0.060994 0.094643 0.025525 0.099252 0.062100 -0.031821 0.066004 0.072098 0.206710 -0.148849 -0.043591 0.159148 -0.136829 0.018978 0.059478 -0.161649 0.047050
ukraine -0.124710 0.312107 -0.154990 -0.097471 -0.135263 0.368304 0.080227 -0.291963 0.034371 0.366689 -0.064396 -0.200324 -0.156260 -0.328030 0.330875 0.178391 -0.189262 0.421315 0.353950 -0.024678
professional -0.098943 -0.240935 -0.002313 0.210973 0.002761 0.227905 -0.147425 -0.094792 -0.097939 0.168950 0.249555 -0.232172 0.021487 0.257787 0.225411 -0.020374 0.172353 -0.054227 -0.050055 0.156203
moving -0.444180 -0.161610 0.304189 0.477018 -0.074900 -0.148893 -0.485239 -0.261649 -0.006219 -0.091203 0.457150 0.499550 0.408612 0.060488 0.320071 -0.196638 0.328078 0.017462 -0.149402 -0.154449
tough -0.024932 0.021962 -0.040016 0.174094 -0.095300 -0.121437 -0.172418 0.150413 0.072060 0.082489 0.044654 0.290517 0.264515 -0.140195 0.068526 -0.138696 0.125484 -0.280433 -0.284916 -0.010831
flying 0.051954 -0.029454 0.224554 0.354654 0.220526 0.065289 -0.040988 0.128477 -0.132234 -0.028251 0.200531 0.272740 0.217929 -0.271510 -0.071815 -0.047123 0.082587 -0.170312 -0.058258 0.411437
professionally -0.064480 0.094435 -0.050901 0.302759 0.108087 -0.189915 -0.156031 -0.279531 -0.369705 -0.304226 -0.186730 0.163674 0.221075 -0.231774 -0.101127 0.382224 -0.159030 -0.211219 -0.189735 0.284842
norwegian 0.191681 0.077728 -0.133996 0.170569 0.198989 -0.004320 -0.056071 -0.055596 0.046001 -0.404055 -0.204849 0.239966 0.027478 -0.161626 -0.307719 -0.000829 -0.040513 -0.231400 -0.118214 0.367095
argentinean -0.103382 -0.187490 -0.057998 0.045720 0.072208 -0.150739 -0.196438 -0.177949 0.091382 -0.348520 -0.105782 0.125661 0.122120 0.088845 -0.158096 -0.247516 0.249952 0.088871 -0.285525 0.160021
ukrainian 0.267824 0.241342 -0.208377 0.282314 0.193889 0.410014 -0.014755 -0.120409 0.046662 -0.114561 -0.248133 -0.100907 -0.087228 -0.534633 -0.355503 0.295565 -0.235714 -0.130932 0.350102 0.386861
occasional -0.145108 -0.258090 -0.002218 0.158039 -0.114624 0.131686 -0.146157 -0.127735 -0.018193 0.196547 0.308840 -0.124652 0.054327 0.312985 0.252225 -0.154518 0.278240 0.011141 -0.174278 0.062774
denmark -0.051939 0.031477 -0.062054 -0.344901 -0.111271 -0.005894 0.179362 -0.015335 -0.107672 0.184844 -0.098931 -0.102754 -0.305198 0.078584 0.240047 -0.220023 0.114811 0.360699 -0.222957 -0.036331
