fly 0.161266 -0.058298 0.214914 0.048605 -0.264892 -0.336230 0.062807 -0.104875 0.158798 -0.123707
loud -0.124385 0.206432 -0.117670 0.042355 0.117114 -0.240775 -0.075249 -0.242767 -0.144948 -0.098693
tough -0.120017 0.120246 -0.079071 0.067213 0.162388 -0.214553 -0.105979 -0.188889 -0.115376 -0.111778
occasionally -0.089488 -0.027823 -0.120992 -0.222780 0.111142 0.092558 -0.120144 0.055836 0.194867 0.117031
moving 0.048946 -0.155035 0.102891 0.289388 0.082382 0.023859 -0.047524 -0.036803 0.195872 -0.284299
professionally -0.061633 -0.022724 -0.190863 -0.277121 0.141571 0.072882 -0.272765 0.045574 0.146498 0.123678
professional -0.248385 -0.026579 -0.102793 -0.095567 -0.055433 0.239872 -0.369267 -0.081531 -0.080247 -0.268979
norwegian 0.081100 0.119197 -0.145316 -0.251137 -0.168157 0.077982 0.097237 -0.142084 -0.104905 0.137594
tougher 0.115619 -0.178676 -0.168850 -0.002513 0.081550 -0.048554 0.117304 0.167197 -0.166616 -0.187004
ukraine 0.051066 0.200281 -0.036417 0.115364 0.129313 0.007745 -0.091945 0.059722 -0.022854 -0.073669
move 0.168977 -0.161870 0.260009 -0.027500 -0.342461 -0.316282 0.103209 -0.007196 0.047230 -0.171582
occasional -0.247954 -0.023956 -0.001816 -0.056734 -0.131662 0.150478 -0.287743 -0.053052 -0.008005 -0.276210
ukrainian 0.077618 -0.037596 -0.191819 -0.239264 -0.242463 0.035758 -0.032169 -0.094808 -0.139190 0.205479
flying 0.039395 -0.057314 0.049710 0.341069 0.101896 -0.081774 -0.099593 -0.165653 0.215146 -0.220309
danish 0.069573 0.021962 -0.224674 -0.261652 -0.213064 0.046145 0.064996 -0.138049 0.020407 0.180103
norway 0.065406 0.329963 0.015178 0.129533 0.108616 0.060048 -0.006776 0.041109 0.052275 -0.096849
argentina 0.154444 0.306584 -0.052867 0.159019 0.105230 -0.099516 -0.057672 0.112690 0.171365 -0.088846
louder 0.102605 -0.127748 -0.254359 0.043836 0.117259 -0.066097 0.090323 0.196055 -0.186648 -0.132478
argentinean 0.153169 0.018858 -0.232497 -0.198713 -0.159102 -0.032028 -0.024219 -0.124826 -0.009084 0.108203
denmark 0.100334 0.304340 -0.020674 0.081074 0.073887 0.031540 0.000576 0.088514 0.161436 -0.038895
