move -0.167632 -0.180995 -0.194286 0.019749 -0.294782 0.102716 0.237014 -0.177862 0.121149 0.237296
tougher 0.339454 0.026010 0.038804 -0.014449 -0.105777 0.029847 0.116858 0.310806 0.099842 0.147435
occasionally 0.053461 -0.121655 0.231990 -0.009931 0.008132 0.119648 -0.178923 -0.119137 0.255184 -0.011672
argentina -0.053367 0.153483 0.098517 0.042384 -0.161796 -0.029547 -0.036282 0.039809 -0.153014 -0.170204
danish 0.137014 0.061568 -0.267684 -0.090941 -0.072911 -0.119173 -0.160440 -0.039676 0.173234 -0.020449
fly -0.168536 -0.085782 -0.215993 0.120460 -0.150494 0.227324 0.132332 -0.072308 0.066623 0.119224
louder 0.333524 0.058174 0.082969 -0.060577 -0.061791 -0.004484 0.135223 0.186985 0.101481 0.171371
loud -0.068162 0.205813 0.283259 -0.279383 0.185837 0.100158 0.144339 -0.063898 0.019270 0.165045
norway -0.058152 0.022611 0.131379 0.040970 -0.095449 -0.041227 0.138443 0.097502 -0.176169 -0.255539
ukraine -0.016043 -0.024248 0.172628 0.114738 0.057814 -0.034007 0.034685 0.175297 -0.166750 -0.148537
professional 0.301203 -0.175608 0.092138 0.258957 0.072466 -0.002369 0.015965 -0.178771 0.006383 0.038392
moving 0.022026 0.079654 0.145434 0.160110 -0.062493 -0.036668 0.217483 0.049790 0.218462 -0.075370
tough -0.006509 0.231585 0.191697 -0.121298 0.255581 0.141635 0.079712 -0.029820 0.013001 0.170519
flying -0.057251 0.120582 0.164247 0.236020 0.081828 0.071325 0.103093 0.083665 0.203821 -0.128173
professionally 0.162730 -0.162871 0.236222 -0.045320 -0.005526 0.112307 -0.195642 -0.131327 0.262376 -0.087004
norwegian 0.069688 0.041494 0.000229 -0.099113 0.002885 -0.275013 -0.081368 -0.013693 0.175793 0.057777
argentinean 0.107414 0.127732 -0.109353 -0.094576 -0.006226 -0.274069 -0.123688 -0.092669 0.163667 0.104250
ukrainian 0.139941 -0.001647 -0.028724 -0.016514 0.162287 -0.287635 -0.169041 0.066032 0.158905 0.106842
occasional 0.160820 -0.170160 0.108525 0.204768 0.113265 0.006654 0.033841 -0.145785 -0.025689 0.082905
denmark 0.046032 0.027223 -0.066441 0.026893 -0.114594 0.076928 0.022289 0.016964 -0.163371 -0.261312
