move 0.155108 -0.352575 0.064082 0.080164 0.198967 0.118479 -0.107799 0.105577 -0.404232 -0.123071
tougher 0.146513 -0.061594 -0.224838 0.051966 0.125388 -0.385372 -0.056027 0.192721 0.075428 0.077249
occasionally -0.192474 -0.056179 0.024938 -0.373622 0.012540 0.035592 0.045806 0.100159 0.078337 -0.073605
argentina -0.157380 -0.079693 0.123064 0.195283 -0.058244 -0.180948 0.207175 -0.203735 0.016845 -0.073514
danish -0.048597 0.086820 0.201801 0.126562 -0.049669 0.060337 -0.138270 0.202668 0.147475 -0.235064
fly 0.083481 -0.258509 -0.066899 0.174299 0.140795 0.285075 0.068054 0.101098 -0.163734 -0.201183
louder 0.099653 -0.030570 -0.268331 0.104600 0.088271 -0.209231 -0.219602 0.054687 0.137791 0.134819
loud -0.133023 -0.106328 -0.115628 0.125220 -0.061355 0.112940 -0.002490 0.036117 0.083430 0.449894
norway -0.054502 -0.050982 0.076087 0.118325 0.261936 -0.067214 0.164009 -0.342672 0.053279 0.030625
ukraine 0.090751 -0.016688 0.026172 0.024974 0.164783 -0.090937 0.287420 -0.169873 0.119809 0.057284
professional 0.299111 0.045870 -0.144280 -0.189276 -0.294238 0.085994 -0.061028 -0.249328 0.033039 -0.039205
moving -0.069452 0.176213 -0.249184 -0.005068 0.121823 -0.034342 0.065642 -0.037242 -0.266900 -0.086127
tough -0.007627 -0.047842 -0.127038 0.063687 -0.106550 0.102703 0.172392 0.195453 0.113373 0.349739
flying -0.129775 0.205715 -0.296144 -0.013271 0.045897 0.139464 0.254241 0.011330 -0.135589 -0.139749
professionally -0.232881 -0.010215 -0.002460 -0.402323 -0.052589 -0.004116 -0.048084 -0.013145 0.150584 -0.098336
norwegian 0.058588 0.180835 0.194937 -0.013491 0.097488 -0.019745 -0.144596 0.114470 0.029502 0.007873
argentinean 0.018223 0.172370 0.197407 0.121466 -0.208377 -0.052144 -0.136852 0.184233 -0.005190 -0.088631
ukrainian 0.180203 0.256841 0.166944 -0.036619 -0.028503 -0.007023 -0.050544 0.226710 0.117301 -0.005322
occasional 0.311006 0.006713 -0.093590 -0.152025 -0.158974 0.160260 0.010339 -0.169945 0.022210 0.036593
denmark -0.111617 -0.153351 0.093175 0.165981 0.014501 -0.067365 0.165857 -0.218217 0.155137 -0.145472
