fly 0.212517 0.128748 0.089803 0.195688 0.132658 -0.178825 0.097773 -0.351532 -0.187749 0.284893
loud 0.195795 -0.060201 -0.165347 0.097801 0.261051 -0.050146 0.023882 -0.017575 0.213544 -0.078890
tough 0.203465 -0.093604 -0.149607 0.194185 0.231280 -0.114326 0.063817 -0.013989 0.223282 -0.083404
occasionally -0.098542 0.188020 0.094742 0.228539 0.096906 -0.195420 0.446286 -0.112228 0.169764 -0.088222
moving 0.240087 0.099747 -0.236067 0.308932 -0.147661 -0.222453 0.140932 0.010906 -0.092805 0.014807
professionally -0.199607 0.194233 0.199713 0.155716 0.139819 -0.283822 0.432982 -0.114040 0.208188 -0.097442
professional 0.105257 -0.155854 0.077271 -0.234765 -0.182608 -0.306836 -0.070011 0.081289 0.058737 -0.001396
norwegian -0.070604 0.076617 0.091009 -0.113401 -0.136005 0.046200 -0.066959 -0.048855 -0.005096 0.151329
tougher -0.057267 -0.307389 -0.268993 0.374439 -0.039444 0.019853 0.024200 -0.097973 -0.003135 0.047583
ukraine 0.160207 0.088093 0.205370 -0.071736 0.041983 0.064870 0.058203 0.181717 -0.102646 -0.107038
move 0.133333 -0.012548 -0.122686 0.108712 0.058399 -0.127500 0.030509 -0.344168 -0.292326 0.332994
occasional 0.200125 -0.110663 0.013293 -0.176358 -0.157748 -0.252100 -0.106747 -0.008402 0.023487 0.018646
ukrainian -0.073589 -0.015882 0.093008 -0.076267 -0.268100 0.109308 -0.065563 -0.091769 0.137548 0.193107
flying 0.275453 0.197554 -0.121257 0.294095 -0.038405 -0.236293 0.155885 -0.026308 0.037808 0.023405
danish -0.167310 0.188295 0.173294 0.044093 -0.110498 -0.036623 0.078915 -0.090969 0.088228 0.188175
norway 0.139150 0.191425 0.273601 -0.017615 0.133786 -0.047291 0.101791 0.251051 -0.254367 -0.070319
argentina 0.091415 0.226922 0.377452 -0.044372 0.217817 0.037474 0.241229 0.158562 -0.251964 -0.061611
louder -0.099666 -0.252264 -0.240696 0.366480 0.011211 0.094534 0.068538 -0.017512 0.055479 -0.015695
argentinean -0.105362 0.064408 0.133528 -0.076486 -0.154861 0.076521 0.082514 -0.096340 0.100421 0.197981
denmark 0.061191 0.291178 0.440747 0.014034 0.155694 -0.063356 0.210963 0.167614 -0.277889 -0.081679
