hanoi 0.261400 -0.120559 -0.259218 0.307704 0.151429 0.122251 -0.172239 -0.249970 -0.217668 -0.314673 -0.507283 0.122674 0.073675 0.131345 0.183273
tougher -0.550792 -0.087238 0.279251 0.136637 0.107121 -0.047898 -0.088668 0.168830 0.346030 -0.074121 -0.154477 0.247732 0.118808 0.138117 0.228951
occasionally -0.101746 0.114120 0.012390 0.139447 0.211924 0.263275 -0.168382 -0.172427 -0.141439 -0.410132 0.181426 -0.091144 0.158577 -0.149621 -0.517843
ukrainian -0.353060 0.211105 -0.262531 0.039755 0.150551 0.186113 0.384364 0.092654 -0.232192 -0.115621 -0.185358 0.139186 0.050648 0.094614 0.014151
occasional -0.159886 0.262871 -0.233485 -0.011987 0.243009 0.107866 0.052402 0.011335 -0.053291 -0.347969 0.062745 0.120484 0.115372 0.021944 -0.270722
norway -0.007923 0.240602 0.070998 0.362761 0.121588 0.016253 0.237444 0.025911 0.380730 0.024329 -0.321445 -0.220003 -0.090789 0.150422 0.003035
baghdad -0.101457 -0.084233 -0.164569 0.026340 0.092377 -0.207415 -0.251054 0.364137 0.227770 -0.296525 -0.074864 -0.016291 -0.180710 0.355480 -0.109888
illinois 0.140044 0.300456 0.534342 -0.041530 0.229652 0.254836 -0.182365 0.083028 -0.158407 -0.352327 0.037378 0.075556 -0.001117 0.028952 0.103047
moving -0.114844 0.135088 -0.026898 0.540497 -0.320264 0.040068 -0.032620 0.159636 -0.069994 -0.209968 0.094173 -0.257990 -0.108282 0.454692 -0.138916
loud -0.167530 -0.376954 0.262034 0.168902 0.247135 -0.060672 0.002055 0.078906 -0.111782 -0.151491 -0.314951 0.028299 -0.232577 -0.149528 -0.211271
thai 0.137519 0.364785 0.145813 0.143081 -0.044269 0.186252 -0.130936 0.140497 0.085940 -0.018013 -0.066420 0.651712 -0.186726 -0.106661 -0.167609
croatian -0.035711 -0.281667 0.022921 0.205707 0.253664 0.074631 0.098139 0.404621 -0.021458 -0.273961 0.207195 -0.182637 -0.010548 -0.293068 0.190944
argentina -0.059098 -0.005189 -0.174985 -0.065960 0.079749 0.346197 0.125763 -0.018917 0.138849 -0.283337 0.159206 0.077622 -0.507209 0.025586 0.077493
vietnam 0.086721 -0.099252 -0.152635 0.041013 0.020652 0.355813 -0.244158 -0.033998 -0.053240 -0.232024 -0.496190 -0.094544 0.061617 0.120969 0.000623
norwegian -0.115909 0.279952 -0.016865 0.339101 0.019259 0.154815 0.225439 0.007242 0.496260 0.090088 -0.287632 -0.090161 -0.047613 -0.032340 -0.032911
professionally 0.078836 0.121519 -0.072732 0.301027 0.499276 -0.041802 0.027505 -0.016954 0.041670 0.133338 -0.188936 0.025871 -0.028117 0.137736 -0.312829
argentinean 0.018825 0.054726 0.045885 0.029942 0.070672 0.253119 0.071815 -0.126602 0.234667 -0.345465 0.208501 0.076677 -0.578812 -0.026671 0.056896
louder -0.037208 -0.284542 0.086724 0.096618 0.170058 -0.094662 0.000514 0.194381 -0.204629 -0.242464 -0.300514 0.107249 -0.266652 -0.143339 -0.192426
chicago -0.174355 0.233694 0.313971 -0.011764 0.204656 0.244748 -0.236198 0.122348 -0.320370 -0.239261 -0.037235 -0.037866 -0.179242 -0.022158 0.155421
move -0.077341 0.092488 -0.027431 0.501973 -0.314629 0.240407 -0.023702 0.036149 -0.012895 -0.170480 0.181199 -0.109359 -0.261862 0.250957 -0.139087
thailand 0.346153 0.284796 0.100552 0.148282 -0.118252 0.290347 -0.042529 0.189907 0.144625 -0.024001 -0.083585 0.581405 -0.185345 -0.152127 -0.148784
ukraine -0.254027 0.265511 -0.258471 0.243073 0.124541 0.004467 0.422374 0.165844 -0.417550 -0.175912 -0.310451 0.306328 0.182053 -0.105426 0.234090
plano -0.164831 -0.055791 0.111406 -0.039832 -0.113185 0.019750 0.200017 0.435808 0.124010 -0.412187 -0.174633 -0.067484 0.149738 -0.048755 -0.187061
texas -0.289487 -0.029605 0.134025 -0.222773 -0.265592 0.333238 0.279904 0.440146 0.207260 -0.255514 -0.171541 0.033518 0.043225 -0.078511 -0.349143
tough -0.483553 -0.138510 0.214893 0.122502 0.129349 0.008802 0.027307 -0.193506 0.386681 -0.139651 -0.407150 0.278358 0.049567 0.207830 0.227027
flying -0.084850 0.012893 -0.232826 0.035615 0.464828 0.292648 -0.203551 0.335439 -0.009343 0.116098 0.055992 0.167641 0.169164 -0.124820 0.245863
iraq -0.052558 -0.009931 -0.071279 -0.040778 0.191734 -0.113558 -0.059524 0.290541 0.303106 -0.332817 0.034180 0.025434 -0.093328 0.268690 -0.109834
professional 0.041348 0.072537 -0.094156 0.214381 0.487222 -0.071188 -0.130087 0.078869 0.060461 -0.041460 -0.010902 0.040309 0.104539 0.184478 -0.372196
fly 0.114020 -0.030959 -0.043149 0.196808 0.267693 0.430480 -0.160675 0.303775 0.020961 0.097296 0.192710 -0.004465 0.036583 -0.077602 0.230084
danish 0.269922 -0.244614 0.201152 0.163609 0.294945 0.254912 0.381494 0.007102 0.107310 -0.114204 0.077435 0.120695 0.134696 0.358995 0.029373
denmark 0.121738 -0.439829 0.256737 0.241780 0.244749 0.143853 0.221890 0.027740 0.019541 0.017245 -0.058542 0.230925 -0.143242 0.324151 0.042177
croatia -0.074366 -0.112117 0.087841 0.133767 0.099869 0.242509 -0.014210 0.593495 -0.006831 0.020530 0.113292 -0.202552 -0.075476 -0.191744 0.012649
