hanoi -0.111838 -0.248279 -0.432135 -0.145451 -0.097139 -0.012267 0.287585 -0.025337 0.266782 -0.142739 -0.235557 -0.023036 -0.017544 0.163014 0.068063 -0.014680 0.229526 -0.048003 0.001230 -0.108217 -0.332329 -0.002205 0.123492 -0.023991 0.107481
tougher 0.371058 -0.249697 -0.121326 0.088477 -0.143869 0.098958 0.035564 0.111695 0.104598 -0.059709 -0.030806 -0.216404 0.162795 -0.329814 -0.156119 0.043954 -0.024988 0.331970 -0.032662 -0.218901 -0.125446 0.217363 0.014545 -0.038893 -0.009634
occasionally 0.144331 0.112372 -0.070430 -0.212335 -0.324383 0.051771 -0.188484 0.201687 0.125777 -0.126880 -0.357155 -0.029277 0.201358 0.237287 -0.037200 0.038745 -0.208441 -0.160137 0.035630 0.329348 -0.045095 0.148624 0.227631 -0.127108 0.073277
ukrainian 0.043421 -0.033461 0.009170 0.129173 0.058861 -0.009782 0.101425 0.008767 0.266056 0.231366 0.038960 0.190668 0.102212 0.009734 -0.140548 -0.000272 0.202699 0.072597 -0.015077 0.257663 0.320097 -0.421842 0.301018 0.051670 0.016519
occasional 0.135240 0.131683 0.101521 -0.185735 -0.385140 0.012648 -0.291806 0.091740 0.110984 -0.014136 -0.152937 0.080585 0.257395 0.145341 -0.282383 -0.089671 -0.111347 -0.059319 -0.179177 0.159575 -0.020610 -0.090997 0.211031 -0.124275 -0.039617
norway 0.083260 0.291492 -0.030988 0.163328 -0.351045 0.055382 0.131510 -0.136164 0.360752 0.324814 0.323439 -0.068146 -0.041917 0.079029 -0.058716 -0.139014 0.019272 -0.025016 -0.040406 -0.088063 0.104496 0.126137 0.000085 -0.053742 -0.072819
baghdad 0.097407 0.183213 -0.272885 0.034974 0.187024 0.045503 0.135500 -0.054437 -0.176480 -0.098506 0.097930 -0.317766 -0.130461 -0.245554 -0.250340 -0.094262 -0.258310 -0.004456 -0.262447 0.053249 -0.112146 0.024943 0.370955 0.087665 0.264866
illinois 0.016812 -0.083349 0.050016 0.184915 0.047093 -0.209758 -0.030196 -0.262303 -0.075202 -0.152108 -0.073995 0.073426 0.087492 -0.011686 -0.228808 0.156925 0.000022 -0.013270 -0.027788 0.176283 -0.087196 0.331602 0.147604 -0.440980 0.227225
moving 0.280077 0.085916 -0.133485 -0.021591 0.184962 0.477817 0.054396 0.166317 -0.062906 -0.041914 0.142473 0.527434 0.046421 -0.013376 -0.122699 0.038869 0.091498 -0.026039 -0.136480 -0.039681 -0.246661 -0.204002 -0.122364 -0.069678 0.094413
loud -0.152404 -0.005068 -0.254792 -0.270612 0.223885 -0.066045 0.060050 0.097208 0.187732 -0.170612 0.100086 -0.228390 0.013783 0.096586 -0.415428 0.099102 -0.119695 0.108266 -0.260110 0.047253 -0.097358 0.070173 -0.095555 -0.033694 -0.138569
thai 0.071285 0.293366 -0.301624 0.123247 0.008261 -0.052255 -0.364754 0.187824 -0.063286 -0.032031 -0.081358 -0.059946 0.044461 -0.030054 -0.094459 -0.009987 0.228996 -0.009858 0.218604 0.065099 -0.070799 -0.038938 -0.148389 -0.300707 0.171432
croatian -0.052839 -0.116053 0.053093 -0.122291 -0.102908 0.477794 -0.021312 -0.106023 0.019226 -0.051299 0.084764 -0.249219 -0.113134 -0.152900 -0.007943 0.036629 0.250626 -0.289035 -0.156683 0.094203 0.052866 -0.083070 -0.149175 -0.473410 0.050175
argentina -0.069672 -0.074328 -0.191803 -0.048311 -0.102265 0.094672 0.138028 0.149525 -0.202554 -0.233975 0.143227 0.048524 0.206498 -0.018068 -0.135483 -0.008219 0.081624 -0.196836 0.039091 -0.295552 0.427693 0.006474 0.004621 -0.102370 0.131153
vietnam -0.180807 -0.225670 -0.239353 -0.066827 -0.017954 0.016663 0.296789 -0.096786 0.327825 -0.131426 -0.231513 0.060962 -0.066334 0.216475 -0.075160 -0.055689 -0.037540 -0.111130 0.147195 -0.239524 -0.391505 -0.109966 0.167003 -0.124156 -0.042075
norwegian 0.277649 0.236474 -0.157809 0.290805 -0.333147 0.066365 0.041550 -0.266819 0.287908 0.318982 0.194644 -0.057597 0.014849 0.248155 -0.051534 -0.224538 0.145629 0.063476 -0.032416 -0.177037 -0.132292 0.028304 -0.033963 0.056103 -0.136557
professionally -0.129155 0.114873 -0.140377 0.034609 -0.029505 -0.110971 -0.040912 0.038567 -0.053656 0.060926 -0.154638 -0.009340 0.070318 -0.087797 -0.121149 -0.449478 0.021672 0.157827 -0.273868 0.098548 0.107606 0.045732 0.151618 -0.295799 -0.258172
argentinean -0.174400 0.011887 -0.399307 -0.041035 0.117808 0.004385 0.099084 0.169177 -0.129158 -0.090082 0.218566 0.135912 0.211285 -0.101777 -0.189525 0.012960 0.185978 -0.196302 0.161030 -0.257929 0.289460 0.166724 0.126722 0.065272 0.275060
louder -0.098119 -0.111168 -0.260787 -0.215153 0.404954 -0.277556 -0.038737 -0.071900 0.285945 -0.082311 -0.050089 -0.115698 0.012620 0.132702 -0.331713 0.128977 -0.166274 -0.017551 -0.173679 -0.135393 0.106101 -0.162886 0.000011 -0.090724 -0.006678
chicago 0.158984 -0.146604 -0.260382 -0.033920 -0.168912 -0.175747 -0.082823 -0.332948 0.004868 -0.325768 -0.042900 0.162193 -0.082199 0.127924 -0.058537 0.237642 -0.075043 0.357246 -0.022019 0.279845 0.230509 0.076858 0.109695 -0.386128 0.113224
move 0.099090 0.149801 -0.130594 -0.145323 0.035032 0.227666 0.187689 0.054411 -0.012589 0.147698 0.076970 0.282612 0.203731 0.097868 -0.002769 -0.036181 0.018518 -0.023215 -0.171778 0.029512 -0.061724 -0.198035 -0.180418 -0.301770 0.031376
thailand -0.009362 0.168240 -0.211755 0.123508 -0.007088 -0.069724 -0.250743 0.086988 -0.011115 0.194977 0.044120 -0.112901 0.104930 0.101138 -0.170568 0.161359 0.384027 0.025756 0.230427 -0.007187 -0.115943 -0.140316 -0.089436 -0.280341 0.272141
ukraine 0.020325 -0.127272 -0.020196 0.186876 0.214394 -0.035001 0.203045 0.010957 0.263705 0.336343 0.054979 0.005514 0.129491 -0.065380 -0.266975 0.068667 0.079986 0.028074 0.174784 0.078609 0.148095 -0.344696 0.332775 0.046434 -0.210159
plano 0.350842 -0.059522 -0.115788 0.118737 0.045021 -0.214645 0.186364 0.259045 -0.005063 -0.202256 0.180649 -0.093956 -0.260342 0.236086 -0.127275 0.002704 0.119923 -0.207973 -0.112800 0.147984 0.228189 0.146073 0.005690 -0.090803 -0.208523
texas 0.223222 -0.100598 -0.031070 0.384784 0.058918 -0.085016 0.066722 0.215363 0.048173 -0.195325 0.182678 -0.016268 0.048477 0.122108 0.007164 0.090687 0.002080 -0.400122 -0.192986 0.146327 0.093689 0.195706 -0.141840 -0.161045 -0.218829
tough 0.270668 -0.277077 -0.279485 0.176628 -0.008358 0.093807 -0.204028 -0.021082 0.240301 -0.068023 -0.106866 -0.256822 0.221231 -0.213115 0.190295 -0.212505 -0.039898 0.169551 -0.079750 -0.224476 -0.008347 -0.008173 0.175857 -0.018027 0.022448
flying -0.200739 0.183145 0.064429 0.440967 0.124313 0.337284 0.099993 0.253884 -0.064132 -0.132277 -0.253183 -0.102797 -0.040779 0.200145 -0.026624 0.166464 -0.154844 0.193739 -0.181143 -0.046257 0.121432 -0.091182 0.044134 -0.150706 0.011313
iraq 0.007475 0.158255 -0.123090 -0.031708 0.179931 0.329317 0.021431 0.059262 -0.034361 -0.125036 0.182195 -0.081271 -0.109954 -0.103035 -0.310250 -0.137477 -0.413205 -0.034257 0.221108 -0.012476 -0.005397 0.081590 0.133604 -0.094060 0.126498
professional 0.019997 0.136489 -0.089340 0.123675 0.234806 0.027755 -0.152255 -0.008223 -0.067744 -0.059224 -0.336370 -0.082354 0.107804 -0.090612 -0.117911 -0.344946 0.045027 0.093326 -0.110451 0.031204 0.197236 0.025874 0.261465 -0.187972 -0.202404
fly -0.260402 0.151922 -0.159760 0.498887 -0.130079 0.178867 0.050556 0.002983 -0.124778 0.021418 -0.094337 -0.040762 0.098811 0.165966 -0.053250 0.258379 -0.071681 0.081258 -0.253065 -0.103577 0.080523 -0.153995 0.112664 -0.008174 -0.101251
danish -0.115180 -0.272416 -0.148651 0.016208 0.082759 0.242617 -0.033396 0.196765 0.093272 0.382879 -0.143510 -0.055389 -0.118341 -0.009487 -0.184289 -0.193271 0.022292 -0.142647 -0.048288 0.133695 0.204073 0.144856 -0.163088 0.017506 0.341732
denmark -0.157314 -0.255222 0.036633 0.146981 -0.010798 -0.007239 0.024846 0.302321 0.263829 0.313617 -0.066489 -0.010140 -0.173646 -0.128697 -0.151112 -0.056651 -0.146303 -0.065467 -0.290675 0.011687 0.070628 0.142405 -0.107798 -0.137519 0.229949
croatia -0.027353 -0.035821 -0.034735 -0.020658 0.073423 0.305143 -0.093144 -0.113517 0.044652 -0.058816 0.100579 -0.115809 -0.130730 -0.163747 -0.048801 0.266435 0.068138 -0.239289 -0.300416 0.045033 0.085971 0.031266 0.159952 -0.276287 -0.113011
