hanoi 0.086220 0.077657 0.010678 0.364768 -0.090288 0.071302 -0.023544 0.092939 -0.051152 -0.040373 -0.237614 0.007506 -0.191760 -0.211602 0.039676 -0.116896 0.076049 -0.197541 -0.024774 0.144973 0.387197 0.202918 0.150236 -0.187415 -0.247517 0.106399 0.189877 0.070638 0.015365 0.042599 0.253499 0.238780 -0.165637 -0.027247 -0.097597 0.005369 0.215807 -0.092224 -0.021666 0.006287 -0.009204 -0.006689 0.050196 0.004713 0.031188
tougher 0.312508 0.114196 0.041987 -0.003750 -0.009491 0.259130 -0.111888 -0.067585 0.052696 -0.110102 -0.300658 0.203724 -0.157416 0.033385 -0.167607 -0.198658 -0.252633 -0.022090 0.286351 0.136813 0.027411 -0.102483 -0.120660 0.074534 0.155127 0.111754 0.040469 0.156203 -0.045605 -0.134692 -0.180013 0.065141 0.084649 -0.221951 -0.121472 0.064979 0.144759 0.034260 -0.073469 -0.011758 -0.083886 0.027910 -0.115252 -0.114296 -0.003056
occasionally -0.075140 0.130965 -0.017352 -0.159264 -0.178627 0.033238 -0.084318 0.081314 -0.222484 0.092872 -0.122778 -0.078071 -0.049362 -0.043879 0.023775 0.120746 0.158089 0.187385 0.149295 0.000880 -0.076154 0.141260 0.147684 0.219463 -0.164564 -0.129967 0.087146 0.026387 -0.160200 -0.141870 -0.079305 0.082525 -0.079446 -0.239396 0.122992 -0.198158 0.118844 -0.151120 0.015569 -0.281179 -0.375348 0.069360 -0.051675 0.218166 -0.001584
ukrainian -0.135336 0.010906 0.015622 0.046218 0.007258 -0.179439 0.205968 0.183633 -0.016420 -0.155108 0.017531 -0.083254 -0.182473 -0.192353 -0.126173 -0.053607 -0.055209 -0.069195 0.190754 -0.127575 0.134586 -0.076379 -0.070787 0.032167 -0.157958 -0.334745 0.200743 0.017988 0.087856 -0.048832 0.056385 -0.008817 0.298787 -0.152736 0.001699 0.099511 -0.256212 -0.186315 -0.114604 0.000395 0.012149 0.214171 -0.213507 -0.217907 0.023703
occasional 0.122896 -0.008963 0.193574 0.032988 0.064308 0.099151 0.038783 0.095371 -0.191660 -0.006348 0.275385 0.040755 -0.176584 -0.248740 -0.008588 0.144941 0.190747 0.039175 0.208652 0.333911 -0.059182 -0.066625 0.225266 0.077339 -0.043658 -0.084766 0.153527 0.023365 0.008848 -0.284658 0.012608 -0.162889 0.069182 -0.277016 -0.036927 0.072821 -0.011624 -0.158231 -0.074805 -0.138470 -0.279269 -0.031686 -0.031716 -0.104644 0.091811
norway -0.000308 0.040201 0.291572 -0.025222 -0.008391 -0.179429 -0.005058 -0.071519 0.054435 -0.435551 -0.181580 -0.099109 0.031258 -0.083993 0.058609 -0.056768 -0.228880 0.094462 0.170520 0.057266 -0.091862 -0.069287 0.094363 0.129508 -0.054138 -0.024823 0.169621 -0.152243 0.011991 -0.076396 -0.049011 -0.108513 0.092576 0.226042 0.008204 -0.064031 -0.049188 -0.169782 -0.039423 -0.251454 0.217367 -0.167290 0.109141 -0.167127 -0.038086
baghdad 0.119463 0.088856 0.117737 -0.151176 -0.094115 0.026768 -0.031465 0.081925 -0.185243 -0.061516 0.101833 -0.084341 -0.129343 0.031782 0.010997 0.047235 0.157031 -0.238693 0.296852 0.109029 -0.188969 -0.001596 -0.274614 -0.090261 0.025154 0.115613 0.247205 0.260212 0.022479 0.025737 -0.079603 0.208986 0.146076 0.162225 -0.093969 0.261253 0.397121 -0.253432 0.026556 -0.022736 0.062568 0.025273 0.266152 -0.027565 -0.111630
illinois 0.145199 0.008856 0.171324 0.034569 -0.227421 0.052678 0.304145 -0.092809 0.079355 0.168060 -0.130352 0.114539 -0.154278 0.000194 0.014348 -0.166111 0.216044 -0.190947 0.029786 -0.097439 -0.008520 -0.111520 -0.100509 0.222363 0.050705 -0.083471 0.030443 -0.135614 -0.169464 -0.076408 0.179690 -0.197753 0.129280 -0.186712 -0.146072 -0.332475 0.270977 0.041276 -0.033285 -0.106121 -0.037999 -0.076833 -0.006442 0.156159 -0.118861
moving -0.051858 0.124079 0.146681 -0.071752 -0.033960 0.131528 -0.149404 -0.002676 -0.340317 -0.152069 -0.127224 -0.097524 0.002985 0.137976 0.031968 -0.178545 0.014262 -0.120577 0.175627 0.087533 0.045215 0.077711 -0.015060 0.048614 0.245871 -0.075826 0.062842 0.091482 0.110813 0.210380 -0.019665 -0.281060 0.051427 -0.054454 0.084286 0.116302 -0.065966 -0.248332 -0.164424 -0.222792 0.269789 0.169697 0.076432 0.138566 -0.092560
loud 0.082406 0.088729 -0.035817 0.028229 0.124067 -0.144238 -0.047202 0.216969 -0.137848 -0.046081 0.152541 0.025010 -0.231665 0.031846 0.012917 -0.075546 -0.095164 -0.008600 0.363274 0.041708 0.077498 0.151731 0.217666 0.018717 0.075427 0.173058 0.015898 0.031626 -0.028572 0.159434 -0.179298 0.192247 0.063518 -0.034736 -0.022488 -0.275577 0.253377 -0.109236 0.055694 -0.163751 -0.141265 0.068023 0.006333 0.089068 0.010209
thai 0.156502 0.169356 0.028159 -0.310990 0.289533 -0.210548 0.077858 -0.153928 -0.021249 0.115226 -0.185438 0.050952 0.094038 -0.141611 -0.003497 -0.126859 0.052322 -0.028486 0.041151 -0.062062 -0.060169 0.006962 -0.175648 -0.199020 0.096488 -0.088445 -0.156275 -0.251840 0.060210 -0.364072 0.285864 0.075899 0.006992 -0.163312 0.053463 -0.117071 0.015348 -0.279835 0.061169 -0.055354 -0.096299 0.098438 -0.084236 -0.013906 -0.114454
croatian -0.013906 0.143405 0.021304 -0.041680 -0.291891 -0.071608 0.005114 0.025304 -0.007854 0.298628 -0.105708 0.032801 -0.113613 0.306941 -0.005257 -0.091384 -0.087032 0.005871 -0.112722 0.020854 -0.097478 -0.017641 -0.045274 -0.133948 -0.058090 -0.103596 0.300486 -0.192266 -0.010420 -0.056806 -0.156013 -0.051806 -0.021638 -0.028686 -0.071253 -0.209476 0.108110 -0.236117 -0.178437 0.073868 -0.043529 -0.139195 -0.077759 -0.140495 0.235059
argentina 0.088385 0.261136 -0.009645 0.203191 -0.109610 -0.061528 -0.131876 0.030230 -0.087038 -0.075462 -0.079627 0.075391 -0.361394 -0.241507 0.019168 0.097446 0.077837 -0.088679 -0.029585 -0.237992 -0.193010 0.021308 -0.027549 -0.140467 0.050046 -0.274378 0.092043 0.028358 -0.161757 -0.024696 0.017097 0.122331 0.163583 0.035912 0.005154 -0.135813 -0.110253 -0.101739 -0.087723 0.063699 0.147169 0.156064 -0.040511 -0.141940 -0.062030
vietnam 0.054996 0.293942 0.117958 -0.036623 -0.076871 0.024932 -0.224414 0.003302 -0.084150 -0.040099 -0.087012 -0.157415 -0.072883 -0.074246 0.271045 0.083406 0.019721 -0.191508 -0.052151 0.044527 0.374405 -0.112743 -0.154848 -0.066903 -0.192505 -0.008482 0.009001 -0.045020 0.179209 0.065899 0.043075 0.054302 -0.050767 -0.159073 -0.190845 -0.154779 0.125495 -0.117661 0.172718 -0.078419 -0.016869 -0.068563 -0.181298 0.012111 0.048205
norwegian 0.159665 -0.031614 0.217100 -0.089390 0.205723 -0.072633 -0.092971 -0.023272 0.034938 -0.293126 -0.052784 -0.030946 0.169285 -0.254382 0.022899 0.048660 -0.247965 0.074654 -0.081840 0.168984 0.120517 -0.050021 -0.091882 0.175609 -0.116325 0.111738 0.205364 -0.136986 0.143360 -0.067085 0.032454 -0.083141 0.059804 0.176119 -0.057675 -0.096260 -0.003073 -0.211696 -0.176133 -0.288786 0.128941 -0.083786 0.031185 -0.200616 0.051033
professionally -0.088733 -0.053364 0.002663 -0.089152 -0.003346 -0.182271 0.027061 0.137704 0.011255 -0.122735 -0.082591 0.217437 -0.010588 -0.004817 -0.034480 0.047965 -0.034476 -0.057809 0.026528 -0.055984 0.160696 -0.104564 0.100838 0.175365 0.126298 0.024614 0.094916 -0.003199 0.213431 -0.092870 0.193377 0.365326 0.106204 -0.183059 0.011778 -0.076776 0.169547 -0.208754 0.002906 -0.279809 0.081533 -0.087284 0.254962 0.071328 0.043674
argentinean 0.277259 0.082848 0.049557 0.231188 -0.104720 -0.179907 0.058063 -0.086107 -0.301701 -0.398759 0.008078 0.073851 -0.207416 -0.200240 0.029464 -0.035897 -0.000766 -0.060937 -0.145321 -0.157279 -0.233498 -0.060344 -0.047714 0.106759 0.224233 -0.199582 -0.107078 -0.084162 -0.201265 0.007755 -0.095339 0.063260 0.024236 -0.041383 0.067025 -0.213715 0.087213 -0.290905 0.036099 0.149875 0.081002 -0.129417 -0.028042 0.057517 -0.015872
louder 0.239586 0.161160 -0.037648 0.144508 0.154431 -0.136760 0.162529 0.267139 -0.019531 -0.006802 0.188903 -0.037584 -0.250357 0.228406 0.008497 -0.093605 -0.076968 -0.073686 0.127109 -0.080361 -0.037913 0.193197 0.018988 -0.073409 -0.105414 0.038478 0.014168 -0.047216 -0.126944 0.002510 -0.062981 0.063359 -0.099689 -0.121842 0.023839 -0.193390 0.135036 -0.092503 0.235681 -0.236736 0.000557 -0.003231 0.031525 0.068770 0.034100
chicago 0.157925 0.160432 -0.057041 -0.138114 -0.292124 0.056551 0.131705 -0.017834 0.171107 0.143146 0.070213 -0.009470 -0.101364 -0.210512 0.023620 -0.205080 0.012237 -0.053230 0.034470 0.034449 -0.104727 -0.073017 0.053610 0.247267 -0.032846 0.030775 0.030764 0.058107 -0.023524 0.170745 0.200596 -0.127115 0.098674 -0.251540 0.409382 -0.271821 0.220302 -0.188432 0.178102 -0.047944 0.156697 -0.073203 -0.114498 0.102161 -0.039338
move 0.118396 0.122818 0.220758 -0.044388 -0.052401 0.010840 -0.082919 -0.050822 -0.266240 0.129577 0.045076 -0.188884 0.018526 -0.195109 0.178688 -0.240801 -0.179261 0.056920 -0.041533 -0.051620 -0.075673 -0.004513 0.003214 0.044659 0.371096 -0.158040 -0.079780 -0.069479 -0.028193 0.182750 0.177525 -0.073121 -0.046861 -0.033425 -0.022170 0.079323 -0.235654 -0.184203 -0.075747 -0.353279 0.158664 0.127554 -0.013986 0.100130 0.179337
thailand 0.233713 0.209356 0.076404 -0.032025 0.461955 -0.205910 0.025903 -0.150893 -0.133685 -0.008240 -0.209993 0.057291 -0.009559 -0.058562 0.076589 -0.249708 0.146942 0.067681 -0.115407 -0.180986 -0.126857 0.215286 -0.067559 -0.109582 -0.096164 0.116213 0.022043 -0.223571 -0.151238 -0.157027 0.323541 -0.042023 0.215663 -0.085388 0.003097 0.037422 -0.201358 -0.231807 0.007684 0.057735 -0.106975 0.138411 -0.106977 0.039821 0.030452
ukraine -0.107656 0.014779 -0.082451 0.066677 -0.046388 0.012863 0.166407 0.382766 -0.001252 -0.008405 -0.141144 0.154393 -0.045339 0.051480 0.240018 -0.051560 -0.264429 0.028984 -0.033306 0.146705 0.069964 0.238201 -0.111141 0.079913 -0.165053 0.097555 -0.125810 -0.077554 -0.106167 -0.100700 0.086544 -0.015685 0.197271 -0.274784 -0.021805 -0.014807 -0.002153 -0.235430 -0.121193 -0.032958 -0.027250 0.239593 -0.299579 -0.245782 0.146570
plano 0.011719 -0.107839 -0.007532 -0.165347 0.014804 -0.039585 -0.068324 0.327933 -0.036980 0.134713 -0.139490 0.085119 -0.107896 0.043895 -0.349882 -0.208043 0.149707 -0.052745 0.119610 0.262722 -0.166141 0.129253 -0.101261 0.013595 -0.190880 -0.030274 0.068578 0.105288 0.054261 -0.010965 -0.000362 -0.195877 0.160824 0.124682 -0.107638 -0.092447 -0.029862 -0.091438 0.182560 -0.194077 0.197539 0.012276 -0.189547 -0.014322 0.000527
texas 0.239339 -0.092968 0.127763 -0.042149 -0.033316 -0.073853 -0.149712 0.314595 -0.041596 0.023338 0.000199 -0.054568 -0.219795 0.053447 -0.197659 -0.277957 0.058253 0.129858 0.010867 0.191341 -0.218971 -0.147463 -0.125073 0.003548 -0.160802 -0.235362 -0.089452 -0.223692 -0.009954 -0.051174 -0.058384 -0.145388 0.090471 0.145278 -0.118193 0.009815 0.015159 -0.047416 0.089440 -0.217145 0.043717 0.102722 -0.289441 0.040558 0.045043
tough 0.155679 0.022385 0.155659 0.131098 0.017852 -0.087643 -0.088607 0.029649 0.018499 -0.207122 -0.257361 0.107773 -0.037678 0.004770 -0.086493 -0.242691 -0.215318 -0.268642 0.003143 0.058982 -0.107083 -0.037478 -0.124562 0.030433 -0.121038 -0.014657 0.167502 0.211073 0.165976 0.086501 -0.129700 0.161300 -0.091408 -0.199373 -0.031196 -0.071334 0.303248 0.159166 -0.248400 -0.139859 -0.081500 -0.017822 -0.175483 -0.168140 0.037054
flying 0.181562 -0.147060 0.035990 -0.117909 -0.004910 -0.079434 0.013656 -0.096764 0.027619 -0.013542 -0.043984 0.323389 0.083187 0.091150 0.033319 0.075924 -0.037428 0.009884 0.101049 -0.026046 0.188891 0.086324 0.148751 -0.214466 -0.166696 -0.311516 0.298404 0.153318 -0.357034 -0.021603 0.146863 -0.090503 0.047763 -0.221868 -0.073751 0.017928 0.087346 -0.085365 0.162149 0.021546 0.147265 0.076936 0.003366 -0.123551 0.146804
iraq 0.189900 0.103873 0.247279 -0.072949 -0.094749 -0.135714 -0.095834 0.058622 -0.067935 0.090733 0.009613 -0.070976 -0.030926 0.086198 0.047175 0.140634 0.154095 0.147779 0.262415 0.041827 -0.242188 -0.191106 -0.240140 -0.110554 0.079452 -0.025837 0.163282 0.209633 0.095112 0.069095 0.061471 -0.015876 0.039879 0.003295 -0.163409 -0.044602 0.219977 -0.205181 -0.004526 0.105242 0.043534 0.081044 0.219374 -0.051698 0.162979
professional -0.133947 0.000552 0.013278 -0.027483 -0.087254 -0.197917 -0.156684 0.044698 0.023004 -0.114733 -0.129228 0.208544 -0.074187 0.123448 -0.091229 -0.093116 0.135584 -0.039788 0.138754 0.129912 0.022342 -0.082999 0.022076 0.115498 0.024920 0.048050 0.161975 0.011060 0.118419 -0.284339 0.161834 0.112355 -0.058212 -0.210882 0.185861 0.000155 0.031379 -0.186584 0.179933 -0.229203 -0.021686 -0.030590 0.239934 0.044237 0.003783
fly 0.143012 -0.099900 0.011929 -0.036073 -0.054476 0.040400 -0.115723 -0.129669 0.052284 -0.074216 0.142325 0.113802 0.156830 0.101738 0.075701 -0.204372 0.254600 -0.010757 -0.097470 0.023980 0.143140 0.065346 0.147620 0.022536 -0.067491 -0.090490 0.090006 0.042974 -0.229378 0.047724 0.009673 -0.008246 0.149840 -0.077042 0.099352 -0.136129 0.169176 -0.376454 -0.067804 0.026641 0.188368 0.002168 0.010718 -0.193701 0.241697
danish 0.121393 -0.022430 -0.182885 -0.278582 -0.174568 -0.185416 0.069320 -0.077943 -0.156149 -0.248302 -0.129950 0.029194 -0.257645 0.203820 -0.071091 0.007317 0.018693 0.029712 -0.038229 0.227811 -0.031709 0.061655 -0.173906 -0.013546 -0.009817 -0.185525 0.041850 0.023180 -0.007273 0.053933 0.026331 0.133114 0.001799 -0.105702 -0.232937 -0.313799 -0.045760 0.052823 -0.281255 -0.121333 -0.004298 -0.021053 0.205067 -0.127754 -0.069315
denmark 0.185098 -0.037563 0.102988 -0.008309 -0.037891 -0.034768 -0.013915 -0.061384 -0.227394 -0.098499 -0.095437 0.049666 -0.184704 0.287824 0.000078 -0.173716 -0.120448 0.034078 0.084384 0.031802 -0.002568 0.146240 -0.062599 -0.046813 0.002981 0.043624 -0.172409 -0.096984 0.100870 0.214295 -0.033762 0.386582 0.122642 -0.198153 -0.132365 -0.311744 -0.002395 -0.033603 -0.143789 -0.028990 -0.052508 0.014272 0.274257 0.023360 0.036634
croatia 0.178976 0.105357 0.124385 -0.230538 -0.133454 -0.001063 -0.059867 0.012069 0.032105 0.248951 0.201757 0.126666 -0.089843 0.281206 0.065164 -0.197177 0.041229 0.088604 -0.018908 -0.021423 -0.030385 0.100786 0.023241 -0.099353 -0.174159 0.031826 0.212376 -0.193390 -0.050499 0.051613 -0.184179 -0.088634 0.114283 0.090099 0.166448 0.007574 0.091343 -0.237871 -0.164227 -0.183479 0.027339 -0.197916 0.013183 -0.033550 0.218701
