move 0.039317 0.022278 -0.010131 -0.014550 -0.202369 0.010070 0.020232 0.016563 0.016374 0.044438 -0.237747 -0.083244 0.032040 0.003394 0.001435 -0.122584 -0.138500 -0.020753 0.301921 -0.020385 -0.005625 0.027284 0.000451 0.042139 -0.286531 -0.011529 -0.038693 0.067548 0.067780 -0.165249 -0.003799 -0.033349 -0.181319 0.043530 -0.198271 0.042529 -0.028169 0.036909 -0.002498 -0.234575 0.047020 0.105931 0.123762 0.022835 -0.061508 0.025023 0.012742 0.012615 -0.209982 0.010295
tougher -0.124852 0.064073 -0.041729 -0.017778 -0.099875 -0.031769 -0.000989 -0.021463 -0.018307 0.031686 0.051311 0.007600 -0.099250 -0.011014 -0.024210 -0.081756 0.233806 -0.010395 0.095645 -0.016262 0.032326 -0.035570 0.006365 -0.013060 -0.095129 -0.016131 -0.006911 0.187044 -0.142080 0.097860 -0.002165 -0.074000 0.003914 0.001177 0.089945 -0.005942 0.019767 -0.153911 0.003525 -0.285508 0.024361 -0.059928 -0.066898 -0.017728 -0.124647 -0.039753 -0.005922 0.037113 0.265486 -0.010819
occasionally 0.017036 0.130001 0.012956 0.010962 -0.117873 0.035086 -0.001045 0.011698 -0.032794 -0.016536 -0.162961 -0.054760 0.186784 -0.045538 -0.024269 0.043402 -0.016523 -0.017598 0.046213 0.048158 -0.015527 -0.004437 -0.002396 -0.017026 0.259152 -0.010920 0.026569 0.133447 0.052590 0.052457 0.005904 -0.158864 0.013300 0.030313 0.204647 0.003299 -0.045143 0.073498 -0.037457 0.162949 -0.082470 0.138479 0.038432 -0.009718 -0.041845 -0.017683 -0.054901 -0.020496 -0.031629 0.002070
argentina -0.178413 0.062070 0.039200 0.033204 0.235593 0.020900 0.014938 0.020399 0.032797 -0.001857 0.112045 0.029735 -0.017487 0.022703 0.049286 0.061967 -0.078988 0.017024 0.070811 0.005854 -0.043024 0.041837 -0.069663 -0.029117 0.001038 0.025434 -0.010329 -0.150682 0.077576 0.152291 -0.028083 -0.072316 0.105054 0.024865 -0.176234 -0.019618 -0.038960 -0.118090 0.013084 0.146362 -0.086499 0.181928 0.019428 0.035692 -0.160424 0.028342 0.042315 -0.025509 0.015140 0.000495
danish 0.072824 -0.053379 -0.033266 -0.014040 0.097821 0.008444 0.009424 -0.020954 -0.051305 0.005747 0.107074 -0.029984 0.052211 -0.009827 -0.020673 -0.019936 0.018034 0.021392 0.034099 0.059359 0.052700 0.013427 -0.082551 0.006417 0.256772 -0.035944 0.005572 -0.152605 0.081717 -0.266491 0.012634 0.072938 -0.027085 0.057204 0.043480 0.022693 -0.076518 0.103985 -0.008697 -0.281269 -0.016322 0.125920 -0.116597 -0.017559 0.020444 -0.021078 -0.057650 -0.003859 -0.101145 -0.012688
fly 0.013038 0.137557 0.026170 0.031550 -0.118820 0.037406 0.010671 0.037795 0.016169 -0.002249 0.076383 -0.079518 0.091325 -0.015088 0.012040 -0.193721 -0.131391 -0.015673 0.284367 0.003912 -0.055990 0.015903 0.038429 -0.002402 -0.252058 0.023989 -0.017140 -0.137949 0.017207 -0.291408 0.005188 0.172061 -0.063231 0.000930 0.074300 -0.001081 -0.007635 -0.030945 -0.011007 0.083318 -0.066565 0.040147 0.159131 0.021532 -0.009400 0.017807 0.004792 -0.026509 -0.113227 0.018583
louder -0.250566 -0.109596 0.048724 0.029739 -0.179943 0.033368 0.003306 0.036552 0.034925 -0.010254 0.068496 0.107689 -0.036214 0.045762 0.011311 0.007431 0.047650 0.029141 -0.060848 0.000393 -0.059130 0.018812 -0.058638 -0.021206 -0.018093 0.035052 0.012402 -0.023304 -0.114067 0.126240 0.021796 -0.070623 0.048225 -0.010927 0.092185 -0.012141 0.019726 -0.023978 0.008773 -0.282896 -0.031989 -0.263513 0.221391 -0.004590 0.011734 0.017736 0.020142 -0.023631 0.111488 0.053101
loud -0.144202 0.113609 -0.005928 -0.053899 0.010540 -0.035597 -0.035918 0.005301 -0.018316 -0.048298 -0.171615 0.127621 0.016954 -0.016291 -0.001522 0.008960 -0.333806 0.017371 -0.267915 -0.001416 0.035683 -0.042531 -0.021353 0.000990 0.031357 -0.004583 -0.005095 0.032629 -0.199542 0.048337 0.020429 0.215104 0.042169 -0.060364 -0.047203 -0.027752 0.070373 0.017288 -0.007033 -0.022039 0.062957 -0.077918 0.138242 -0.026741 -0.121290 -0.004766 0.010198 0.008904 0.193980 -0.033238
norway -0.028206 -0.025710 -0.031575 -0.008353 0.301554 -0.019617 0.032842 -0.019296 -0.019329 0.014871 0.071878 0.002025 0.089748 -0.000590 -0.019914 0.247656 -0.129958 0.024371 0.050026 0.002056 0.023345 0.018102 -0.020881 0.000724 -0.304763 -0.019126 -0.024683 -0.014607 0.073590 0.129408 0.006224 -0.107635 0.143519 0.003563 0.058904 -0.000663 0.010946 0.055007 0.032409 0.010994 -0.066594 -0.012395 -0.000014 -0.002910 -0.157584 -0.012427 0.012152 0.008444 -0.009492 -0.010386
ukraine 0.046122 -0.081907 0.003325 -0.002591 0.060394 0.017522 0.008848 0.015321 0.011769 0.021839 0.145714 0.066307 0.115623 -0.001709 -0.004477 0.044386 -0.066907 -0.026122 0.115448 -0.003224 -0.014166 0.014174 0.005698 0.042164 -0.176363 -0.002027 -0.001928 -0.084909 -0.176504 0.217227 0.010778 -0.077625 0.064067 -0.038617 -0.115508 0.049189 0.030922 0.150600 -0.023942 0.208636 0.098412 0.023961 -0.096863 0.006572 -0.046375 0.020764 -0.016095 0.001569 0.178217 0.034927
professional 0.122443 -0.290240 0.015881 0.014209 -0.015257 -0.010394 -0.032460 0.003695 0.039133 -0.019954 0.090564 -0.061482 -0.118884 0.025726 0.012680 -0.122222 -0.082986 0.011316 -0.127437 -0.005881 -0.014788 -0.022294 -0.023139 -0.025711 0.067478 0.051875 0.000923 0.245460 0.205529 -0.013222 0.003964 0.007502 -0.142080 0.036055 -0.049858 -0.035805 -0.049946 -0.114718 0.000737 0.206501 -0.045617 -0.275821 -0.033447 -0.020041 0.123276 0.019068 0.018841 0.003609 0.038192 -0.004728
moving 0.084004 -0.072554 -0.012693 0.021819 0.137811 -0.006069 0.017118 -0.015282 -0.013318 -0.012903 -0.085712 0.004012 -0.197847 0.003674 0.005679 -0.028842 0.125814 0.014236 0.031626 0.031653 0.018878 0.030125 0.121768 -0.016735 -0.082684 -0.018172 0.004610 0.128777 -0.101377 0.096706 -0.018076 0.049952 0.127815 -0.013900 0.045234 -0.011925 0.030678 -0.048036 0.009932 0.032116 0.104276 0.141782 0.234013 0.012361 0.028511 -0.031316 0.000855 -0.005845 -0.169261 -0.019204
tough 0.052458 0.243702 0.026866 -0.010425 -0.069367 0.042663 -0.024110 0.014948 -0.007670 -0.055665 -0.106151 -0.025884 -0.230108 0.013591 -0.021028 -0.053286 -0.165384 0.000843 -0.268667 0.007970 -0.007799 0.000701 -0.007467 0.036345 -0.088799 -0.001959 0.019246 -0.021202 -0.125787 0.009511 0.041936 0.114262 -0.009849 0.011022 0.050444 0.014383 -0.021811 0.064638 -0.010903 -0.063336 -0.104314 0.058606 -0.186000 -0.025420 0.020794 0.010247 -0.044407 -0.029665 0.263108 0.037924
flying 0.089127 0.182047 -0.002425 -0.016237 0.032903 -0.030229 0.013809 -0.024390 -0.018177 0.022533 0.081118 -0.013497 -0.184649 0.026915 0.031247 -0.030901 0.122764 0.037153 -0.065828 -0.012587 0.039482 0.027807 0.034701 -0.030026 -0.088752 -0.026807 0.006130 0.086090 -0.026982 -0.045823 -0.004318 0.069840 0.312794 0.069527 0.046803 -0.020701 -0.089875 0.106675 0.013353 0.239503 0.083755 0.074016 0.158329 0.009227 0.103380 0.022181 0.030232 -0.007762 -0.152139 -0.023489
professionally -0.116794 -0.171009 -0.020894 -0.004687 -0.065898 0.001657 0.031643 0.004888 0.000463 0.063008 -0.130918 -0.025961 0.175648 -0.027181 -0.030474 -0.027812 0.063550 -0.054742 -0.201797 -0.021831 -0.029418 -0.016119 0.015227 0.043918 0.145127 -0.009172 -0.012929 0.156047 -0.012571 -0.179481 0.002411 -0.209840 0.177017 -0.040530 0.126252 0.053263 0.062216 -0.043260 -0.011481 0.239193 -0.050654 0.059386 -0.120596 0.022824 -0.132652 -0.010845 0.007957 0.033646 -0.073784 0.039128
norwegian 0.000166 -0.026093 0.028297 -0.009847 0.052351 0.005408 -0.001783 0.041357 0.021319 0.009226 -0.113743 -0.009201 0.094504 0.006874 0.028654 0.248491 0.116619 0.012959 0.019403 0.019412 -0.036948 0.005759 0.025510 0.007097 0.090789 0.026798 -0.020830 -0.052132 -0.070649 -0.048617 0.008587 0.061283 -0.107824 -0.005031 0.022441 0.007714 0.011736 -0.040217 -0.019037 -0.105587 -0.031186 -0.132792 -0.167440 0.009982 0.009079 0.007208 0.039836 -0.010178 -0.159603 0.010942
argentinean -0.054314 0.017299 -0.015355 -0.012741 -0.044828 -0.038111 -0.040274 -0.039491 0.012338 -0.010241 0.078487 0.026014 -0.058907 0.019757 -0.002849 -0.003442 0.118255 0.002022 -0.097095 -0.030917 0.034944 -0.041193 -0.041712 -0.019487 0.249874 0.014746 0.003603 -0.173834 0.012863 0.006854 -0.009358 0.093241 -0.233144 -0.042060 -0.178240 -0.027028 0.062903 -0.070957 -0.001475 -0.074061 -0.033570 0.018133 -0.091494 -0.030734 0.003979 -0.016287 -0.001425 0.028204 -0.182964 -0.022701
ukrainian 0.116557 -0.001546 -0.002474 -0.012592 -0.100464 0.017457 -0.000449 0.006092 0.000291 -0.024539 0.097393 -0.004664 0.252115 -0.016810 -0.046577 0.049258 0.178469 -0.038008 -0.164905 -0.034249 -0.019683 -0.028410 0.106091 0.027960 0.097231 -0.016637 0.011114 -0.103017 0.041819 0.009350 0.038447 0.087501 -0.093541 -0.040422 -0.110458 0.015615 0.047134 -0.060711 -0.006780 -0.111487 0.072091 -0.040365 -0.129196 -0.022982 0.239714 -0.012202 -0.024320 -0.005796 0.045771 0.056340
occasional 0.098843 -0.088328 -0.025764 0.026657 -0.064663 -0.003048 0.035074 -0.044701 0.009059 0.027798 0.043150 0.004986 -0.191842 0.007665 -0.016017 0.046667 -0.187571 -0.029379 0.027392 -0.032761 0.008740 0.028875 0.012682 0.024183 0.053790 -0.021995 -0.004588 0.023320 0.134650 -0.083800 -0.026373 -0.131456 -0.196684 -0.060548 0.044452 0.034306 0.061545 -0.034390 0.024071 0.190231 0.111692 -0.173175 0.018317 0.018642 0.183573 -0.016011 0.000639 0.012587 0.144095 0.002827
denmark -0.024354 -0.096645 0.017647 -0.007267 0.292485 0.024463 -0.022159 0.020504 0.032264 -0.006678 -0.049467 0.043404 0.049181 0.012727 0.001211 -0.141399 -0.033751 -0.002470 0.137773 0.013984 -0.018388 -0.006294 -0.183364 0.023694 -0.059254 0.026049 0.004566 -0.178704 0.187247 0.074699 0.009144 0.009568 0.119856 -0.018495 -0.004788 0.026924 -0.001810 0.165386 -0.017615 0.067268 -0.095312 0.039367 -0.096857 -0.009514 -0.118800 0.016881 -0.022510 -0.007974 0.119062 0.026910
