[3.8772933]
[3.7672582]
[3.7919805]
[4.02344]
[3.7582245]
[3.7701666]
[3.6950479]
[3.7095437]
[4.0872307]
[3.8438685]
[3.763397]
[3.6966438]
[4.0241346]
[3.8647285]
[4.240634]
[3.797158]
[3.6520283]
[3.9916732]
[3.8491874]
[3.9624493]
[3.9088523]
[3.6921406]
[3.8807292]
[4.005497]
[4.1046953]
[3.63136]
[3.8347485]
[3.8255744]
[3.6458695]
[3.7250423]
[3.9599986]
[3.809592]
[3.8914838]
[3.8183265]
[4.0106745]
[4.0731015]
[4.160138]
[4.04981]
[3.9348288]
[3.4193888]
[3.7980604]
[3.7573214]
[3.83028]
[3.8665702]
[4.3658185]
[3.961086]
[3.5839956]
[4.1065693]
[3.8004339]
[3.8005726]
[4.067293]
[3.6888354]
[4.1800637]
[3.7165277]
[4.084858]
[3.5353181]
[3.645392]
[4.366261]
[3.6517563]
[3.571818]
[3.8792596]
[3.8938599]
[3.7948334]
[3.7210436]
[3.7737033]
[3.6576793]
[3.86458]
[3.7736044]
[3.8948534]
[3.7675698]
[3.6691911]
[3.6182327]
[3.8516955]
[3.7538104]
[3.669344]
[3.8151855]
[3.934518]
[3.7713413]
[3.9113522]
[4.241764]
[3.7515836]
[3.8325877]
[3.8351443]
[3.9217026]
[3.9372513]
[3.7956753]
[3.7486768]
[3.8821805]
[3.989341]
[4.122874]
[3.626908]
[3.847011]
[4.0121374]
[4.040462]
[3.5651588]
[4.2446585]
[3.8056283]
[3.8308303]
[4.120484]
[3.747048]
[3.7521768]
[3.7848907]
[4.1258564]
[3.8090417]
[3.6991136]
[4.291461]
[4.0303917]
[3.6428976]
[4.177705]
[3.7395709]
[3.7995908]
[3.8201413]
[3.6942377]
[3.9483006]
[3.6729925]
[3.8201842]
[3.8144648]
[3.9754257]
[3.905136]
[3.845589]
[3.6484559]
[3.8235989]
[3.5276597]
[3.811336]
[3.7922108]
[3.837974]
[3.9054077]
[3.9351814]
[3.8301773]
[3.6801863]
[4.2247186]
[4.0951347]
[3.7600796]
[3.8407462]
[3.8780026]
[4.1428494]
[3.7334237]
[3.7501144]
[4.272948]
[3.9343455]
[3.8438268]
[3.7677917]
[3.8130229]
[3.9705586]
[3.6960514]
[3.6738093]
[4.0310903]
[3.7534204]
[3.7096274]
[3.9327877]
[3.7700348]
[3.931924]
[3.6607807]
[3.9117384]
[3.5954988]
[4.226537]
[3.8219285]
[3.6009526]
[4.098647]
[3.5867896]
[4.057664]
[3.8260818]
[4.1562004]
[4.0263724]
[4.025877]
[3.6728895]
[3.8042939]
[4.049772]
[3.6725996]
[3.6929502]
[3.9582226]
[3.7080095]
[3.6069703]
[3.891698]
[4.151611]
[3.5579782]
[4.08388]
[3.6629336]
[3.8257756]
[3.745848]
[3.789331]
[3.817921]
[3.6476889]
[3.7948146]
[3.6721108]
[3.8311908]
[3.6747622]
[4.0002756]
[3.9847589]
[4.0733514]
[3.8358824]
[3.6520445]
[4.0902467]
[4.186747]
[3.772345]
[3.8941298]
[3.8855]
[3.7735558]
[3.709503]
[4.293056]
[4.0205326]
[4.083567]
[3.7882829]
[3.639496]
[3.80927]
[3.9004543]
[4.218407]
[3.861828]
[3.9882243]
[3.881868]
[3.891903]
[3.9159725]
[3.764145]
[3.702713]
[3.7069252]
[4.193746]
[3.9185824]
[3.8126872]
[3.6302683]
[3.720512]
[3.7135272]
[3.741702]
[3.7958746]
[3.847102]
[3.845317]
[3.7561102]
[3.6561868]
[3.8217878]
[3.9696975]
[3.7838578]
[3.7937217]
[3.8217854]
[4.2580194]
[4.052188]
[3.938456]
[3.6453402]
[4.0161605]
[3.602273]
[3.8792942]
[4.047685]
[4.061582]
[3.6980386]
[3.8296735]
[3.7092433]
[3.7466936]
[3.7161815]
[3.8403432]
[3.668233]
[3.8085225]
[3.7430089]
[3.6886206]
[4.0689597]
[3.8902428]
[3.9109285]
[3.9837534]
[3.568978]
[3.9843893]
[4.10047]
[3.7325432]
[4.056098]
[4.095611]
[3.629586]
[3.8241682]
[3.7465649]
[4.145445]
[4.0145254]
[4.1980724]
[4.037434]
[4.048211]
[3.6482139]
[3.9463084]
[3.8199496]
[3.6724122]
[3.866255]
[4.0852456]
[3.7433567]
[3.7787583]
[3.7093115]
[3.937764]
[3.8893983]
[3.6880236]
[3.8211596]
[3.7079136]
[3.9560087]
[4.1425786]
[3.696043]
[3.705749]
[4.266369]
[4.119119]
[3.5964081]
[3.841954]
[3.8663287]
[3.7172923]
[3.596455]
[3.984751]
[3.8117158]
[3.730332]
[3.7083113]
[3.921882]
[4.330028]
[3.9074414]
[4.1645756]
[3.8466763]
[3.9817333]
[3.7692158]
[4.158986]
[4.0975585]
[3.6410277]
[4.1584725]
[3.9904187]
[3.7763636]
[3.7016468]
[4.256814]
[3.886865]
[3.8649447]
[3.7723255]
[4.2270327]
[3.939129]
[4.1559534]
[3.9082708]
[3.7327447]
[3.9592152]
[4.3650284]
[3.708248]
[3.6435254]
[3.981768]
[3.9534755]
[4.253136]
[3.5672061]
[3.9537401]
[3.6682088]
[3.741659]
[3.949195]
[3.8437278]
[3.6198385]
[3.9302924]
[3.6474974]
[3.8283482]
[3.7391582]
[3.8722444]
[4.260662]
[3.757808]
[3.790364]
[3.7992694]
[3.658167]
[4.0006366]
[3.5709956]
[3.7719984]
[3.9261682]
[4.1905622]
[3.7616343]
[3.9320478]
[3.68346]
[3.8783016]
[3.8970304]
[3.9515553]
[3.9537935]
[3.9433548]
[3.7669172]
[4.3834734]
[3.9266982]
[3.6960542]
[3.746196]
[4.1100216]
[4.2715516]
[4.1284375]
[3.98194]
[3.563831]
[4.376724]
[4.293796]
[3.804165]
[3.9211588]
[4.0988364]
[4.002041]
[3.787745]
[3.9322553]
[3.8156154]
[3.9147239]
[4.0330353]
[4.081457]
[3.933646]
[3.7386134]
[4.257195]
[3.7043736]
[3.648811]
[3.8473537]
[3.6670902]
[3.5896072]
[3.819251]
[4.0406146]
[4.0114164]
[3.8670785]
[4.046046]
[3.7751708]
[3.8648884]
[4.184454]
[3.6347694]
[3.81436]
[3.7736733]
[3.945971]
[3.8096402]
[3.7135186]
[3.9340887]
[3.787337]
[4.3472905]
[4.061727]
[3.871099]
[3.8352165]
[3.978893]
[4.1978]
[4.0856833]
[3.8157246]
[3.8947346]
[3.5895932]
[3.7700992]
[3.885878]
[3.7384164]
[3.9639347]
[3.9634666]
[3.8482332]
[3.8033154]
[3.9216409]
[3.8998065]
[3.8857584]
[4.168214]
[3.9404078]
[3.6642623]
[4.044493]
[4.0919943]
[3.6570685]
[3.8233445]
[4.3134956]
[3.9603362]
[3.68771]
[3.8264062]
[3.7215922]
[3.6998365]
[3.712024]
[3.6497607]
[3.8582375]
[3.5129817]
[3.8445203]
[3.8947186]
[3.9066992]
[3.6963038]
[3.8907795]
[3.6473155]
[3.7926326]
[4.0962396]
[3.767611]
[4.0572133]
[3.775285]
[3.8865476]
[3.8780544]
[4.426134]
[3.7270656]
[3.7362397]
[4.2029996]
[3.8531551]
[3.7276068]
[3.9162955]
[3.7942657]
[3.683668]
[3.7471967]
[4.149935]
[4.0889435]
[3.9439461]
[3.7024639]
[4.155821]
[4.0694222]
[3.9994252]
[4.031926]
[3.9016776]
[3.8276749]
[3.6712978]
[3.7064376]
[3.8317776]
[3.8373952]
[3.728046]
[4.1130304]
[3.8092394]
[3.88061]
[4.1589003]
[4.10787]
[3.9373803]
[4.130569]
[3.8349457]
[3.9482927]
[3.704765]
[3.6826506]
[3.598772]
[3.6874733]
[3.7227628]
[3.5486968]
[4.000555]
[4.117094]
[3.8290806]
[3.6366603]
[4.004522]
[3.8898206]
[3.9975328]
[4.0896125]
[3.7516198]
[3.8185158]
[3.8644016]
[3.922716]
[3.933287]
[4.0210476]
[3.8010554]
[3.966689]
[3.785835]
[4.02988]
[3.9755495]
[3.8817258]
[3.832305]
[3.6321626]
[3.857066]
[3.5956168]
[4.0742555]
[3.8955069]
[3.8598034]
[3.9389505]
[4.134195]
[3.8001444]
[4.1711936]
[3.9063768]
[3.9623704]
[3.7286015]
[3.9578452]
[4.0213747]
[3.9380484]
[3.8177774]
[3.795573]
[3.79255]
[3.7883599]
[3.848]
[3.928979]
[3.8307376]
[4.065065]
[3.9908676]
[3.8843524]
[3.9941623]
[4.187642]
[3.754725]
[4.0450163]
[3.6967447]
[3.9189057]
[3.842022]
[4.1634645]
[4.3313713]
[3.7053785]
[3.7664378]
[3.7973852]
[3.5881934]
[3.68853]
[4.080982]
[3.6843605]
[4.1956873]
[3.7924914]
[4.0850706]
[3.838516]
[3.7921095]
[3.8234165]
[4.02098]
[3.8443694]
[3.6314645]
[4.489768]
[3.7990086]
[4.030798]
[4.252801]
[3.8478668]
[3.558833]
[3.9179952]
[4.2174053]
[3.876737]
[3.7332711]
[3.873336]
[4.13983]
[3.8852668]
[4.123646]
[3.9736485]
[3.7040622]
[4.0094614]
[3.6811798]
[3.7070446]
[3.8433735]
[3.8039021]
[4.0588775]
[3.7277977]
[4.127744]
[3.8572457]
[3.5924394]
[3.8407042]
[4.2993274]
[3.6489716]
[3.923092]
[4.0569944]
[3.9965103]
[4.0408964]
[3.889081]
[3.6983159]
[4.1315956]
[3.9423347]
[3.6753805]
[4.054863]
[3.985713]
[3.98215]
[4.0394106]
[3.8542385]
[4.2607894]
[3.9423583]
[3.7400951]
[4.3717613]
[4.0874233]
[4.0056844]
[4.0557594]
[3.9475808]
[3.766491]
[3.893688]
[4.194776]
[3.9215226]
[3.8894823]
[4.216737]
[3.7386231]
[4.1262655]
[3.9110394]
[3.8818226]
[4.104755]
[4.154965]
[3.8374903]
[4.0587854]
[3.9490244]
[3.6370404]
[3.8214126]
[3.793792]
[3.7876184]
[3.8121028]
[3.8146427]
[3.6548598]
[4.0940576]
[3.7132113]
[3.6441362]
[3.9441698]
[3.7390504]
[3.880659]
[3.8421896]
[3.9930305]
[3.7397168]
[3.7780085]
[4.1513324]
[3.8547125]
[3.825313]
[4.198933]
[4.38805]
[3.7251735]
[3.9236395]
[3.7267683]
[3.8279824]
[3.929479]
[3.7595391]
[3.6807554]
[3.8556752]
[3.7828658]
[3.881184]
[4.2363343]
[3.955121]
[4.14742]
[3.872615]
[3.8362198]
[3.9578102]
[3.691625]
[3.7660189]
[3.98814]
[3.9134316]
[3.9489884]
[4.1907444]
[3.6999598]
[3.7826977]
[3.9695613]
[4.170645]
[3.6214087]
[4.184744]
[3.77333]
[3.9322543]
[3.8546872]
[3.9467165]
[3.7267363]
[3.9638383]
[3.5907326]
[3.7476327]
[3.8349123]
[4.1579146]
[3.720467]
[3.9829948]
[3.8432786]
[4.2487597]
[4.2467675]
[4.078509]
[3.8128324]
[4.008395]
[3.6289854]
[3.89851]
[3.7597682]
[3.5987382]
[3.9166114]
[3.6112185]
[3.946139]
[3.90655]
[3.9421394]
[3.7728152]
[3.6830235]
[4.3269567]
[4.1819544]
[3.7009819]
[4.126426]
[3.8158126]
[3.748276]
[3.6644619]
[3.6913319]
[3.8134248]
[3.9270203]
[4.0339484]
[3.9110737]
[4.0884643]
[3.9577289]
[4.0299306]
[3.9509578]
[3.8103938]
[3.7987738]
[3.893498]
[3.691883]
[4.0478907]
[3.7882364]
[3.7770364]
[3.9555883]
[4.0610332]
[3.8389018]
[3.9861155]
[3.9774063]
[4.2843685]
[3.7318025]
[3.708813]
[3.8687663]
[3.7286608]
[4.026427]
[3.823932]
[3.797441]
[4.037835]
[3.9482942]
[3.7356503]
[3.848936]
[3.941512]
[3.8880763]
[4.1589627]
[3.9759343]
[4.2180076]
[3.809551]
[3.9689622]
[3.9762433]
[3.587302]
[3.8878112]
[3.645145]
[4.0159693]
[3.6448512]
[3.8300734]
[3.6028936]
[3.8118873]
[3.889572]
[3.593078]
[3.7768276]
[3.79]
[3.8254783]
[3.766999]
[3.843341]
[3.7057188]
[4.014378]
[3.650379]
[3.5531802]
[4.328318]
[4.1911383]
[4.000094]
[4.008697]
[3.8181922]
[4.201331]
[3.7811055]
[4.027841]
[3.951727]
[3.819421]
[3.69601]
[3.9869351]
[3.7920732]
[3.9429471]
[3.6328533]
[4.0849695]
[4.0035214]
[4.091955]
[3.731537]
[3.7841322]
[4.4491124]
[3.939123]
[3.7409177]
[3.7423584]
[3.8382666]
[4.02662]
[3.6380806]
[3.7229059]
[3.6177497]
[3.914503]
[3.8668718]
[4.251347]
[3.860253]
[3.7900832]
[3.9722655]
[3.7843828]
[3.7736628]
[4.1665897]
[4.043782]
[3.790391]
[3.727961]
[4.2869387]
[3.7769685]
[3.9533656]
[3.8353324]
[3.834932]
[3.8027167]
[3.922336]
[4.0283117]
[3.7124078]
[3.685531]
[3.847725]
[4.215622]
[3.8381193]
[4.2308345]
[3.6688154]
[4.108619]
[3.7755754]
[4.215489]
[3.836783]
[3.8248985]
[3.8582194]
[3.692354]
[3.6698725]
[3.7679229]
[4.12068]
[3.7945387]
[4.2132015]
[3.9792578]
[3.9887555]
[3.7932384]
[4.225106]
[3.6642227]
[3.7339904]
[3.8162136]
[3.639168]
[4.028217]
[3.7853951]
[3.9002068]
[3.728622]
[4.13184]
[3.8077226]
[3.9353344]
[3.7865841]
[3.8930902]
[3.6725748]
[4.1427784]
[4.053102]
[4.323018]
[3.809409]
[3.9009054]
[3.6829011]
[4.1201754]
[3.9295871]
[4.0499372]
[3.8744442]
[4.224799]
[4.2118998]
[4.0190997]
[3.7086093]
[4.0776887]
[3.7751954]
[4.236741]
[4.1535625]
[3.553242]
[3.8957586]
[3.9823904]
[3.9882712]
[3.858047]
[3.7365308]
[3.9426067]
[4.13678]
[4.0575233]
[3.7694552]
[3.8851001]
[4.084157]
[4.246043]
[3.9036527]
[3.6399705]
[4.096279]
[3.7257586]
[4.068443]
[3.8070421]
[3.7394788]
[3.9150996]
[3.7887747]
[3.6574783]
[4.042659]
[3.8963227]
[4.01413]
[3.653235]
[3.763968]
[3.9948618]
[3.9556053]
[4.012759]
[4.048836]
[3.8001466]
[3.7609806]
[3.7407053]
[3.9974234]
[3.9349198]
[3.826737]
[3.4141068]
[4.0026884]
[3.7301214]
[3.8182468]
[4.238448]
[3.9438455]
[3.655164]
[3.6844375]
[4.083174]
[3.8099215]
[4.0242324]
[3.656511]
[3.8754814]
[3.9243326]
[3.8350658]
[3.8304381]
[3.8454592]
[3.4967296]
[3.5354664]
[3.845357]
[4.094843]
[3.75366]
[4.2338634]
[4.2314267]
[4.2608323]
[3.929821]
[3.607509]
[3.725585]
[3.7945762]
[4.1701097]
[4.1496973]
[3.794802]
[4.062452]
[4.11993]
[3.7199497]
[3.7125995]
[4.2351265]
[3.9801803]
[3.8941383]
[3.8083286]
[3.9812336]
[3.7751553]
[3.8310313]
[3.7076542]
[3.6658747]
[4.221682]
[3.6372676]
[3.8910604]
[3.981815]
[3.747234]
[3.9394166]
[3.7857094]
[3.7516325]
[4.00046]
[3.9324]
[3.7970994]
[3.7749658]
[4.0171547]
[3.8779774]
[3.802582]
[3.8982892]
[3.8419628]
[3.7978802]
[3.858564]
[3.9741776]
[3.7509193]
[3.8476717]
[3.588381]
[3.7799363]
[3.7899716]
[3.8542936]
[4.1686063]
[4.2041407]
[4.2179723]
[3.8786812]
[4.057649]
[3.853589]
[3.656017]
[3.626856]
[3.6355636]
[3.8087137]
[3.634865]
[3.8384614]
[3.8028555]
[4.014917]
[4.212295]
[3.9917402]
[3.668365]
[3.8729014]
[3.6486459]
[3.9088428]
[3.8735166]
[3.6387498]
[3.794999]
[3.5694964]
[3.675585]
[4.119886]
[3.8380241]
[3.6454234]
[3.7665584]
[3.8892715]
[4.015535]
[4.1295376]
[4.1235027]
[3.7304108]
[3.681143]
[3.9886734]
[3.678623]
[4.0848193]
[3.748638]
[3.8034253]
[4.1201177]
[3.7920806]
[3.9431212]
[4.048015]
[4.1581397]
[3.660309]
[3.7766654]
[3.8283005]
[4.1030855]
[3.801134]
[3.917394]
[3.9101412]
[4.004742]
[3.8219357]
[3.881711]
[4.0058165]
[3.5731723]
[3.9348917]
[3.891395]
[3.828282]
[3.6968346]
[3.9344404]
[4.002802]
[3.8160896]
[3.598671]
[4.076717]
[4.2035637]
[3.800067]
[3.7354572]
[4.0379925]
[4.0114927]
[3.7277136]
[3.7293646]
[3.9270656]
[3.9534826]
[3.9336843]
[3.977145]
[4.0493364]
[4.034018]
[3.8190455]
[3.8991418]
[3.8859525]
[4.104183]
[3.9318855]
[3.850938]
[3.9665782]
[3.819467]
[3.5778315]
[3.8538637]
[3.812367]
[3.5467138]
[3.8610463]
[4.230745]
[4.251336]
[4.073023]
[3.4898393]
[3.7924063]
[4.045]
[3.4084575]
[3.780172]
[3.8337533]
[3.8086307]
[3.8473344]
[3.6794298]
[3.615151]
[4.046225]
[3.8108983]
[3.836404]
[3.9254205]
[3.733994]
[3.7691362]
[3.9717965]
[3.9295561]
[3.761176]
[4.3535094]
[3.7042453]
[3.836387]
[3.7785578]
[3.6059086]
[3.5670304]
[4.1769376]
[3.770101]
[3.6973724]
[4.186172]
[3.6661744]
[3.6756048]
[3.910103]
[3.7938259]
[3.9125905]
[3.9793499]
[3.7420657]
[3.659224]
[4.169278]
[4.004057]
[3.938845]
[3.6243453]
[3.8309557]
[4.038951]
[4.077994]
[4.199505]
[3.6477392]
[4.025193]
[3.8486433]
[4.1545267]
[3.851739]
[3.9198818]
[4.1342015]
[3.7956984]
[3.6798341]
[4.0824533]
[3.9096315]
[3.687127]
[3.82141]
[4.045501]
[3.6295073]
[3.858297]
[3.962733]
[3.9613636]
[3.699916]
[4.022568]
[4.118028]
[3.9365911]
[3.8213787]
[3.847156]
[3.6733956]
[3.8997684]
[3.8452327]
[4.2129307]
[4.0542655]
[4.2324505]
[4.0894217]
[3.976189]
[3.633077]
[3.860876]
[4.1187606]
[4.021046]
[3.986015]
[3.8296196]
[3.8390653]
[4.0585136]
[4.071655]
[3.99931]
[4.0298686]
[4.4027658]
[3.8005922]
[3.8058908]
[3.8288114]
[3.932183]
[3.6857927]
[4.0003786]
[3.7163808]
[3.773436]
[4.1168256]
[4.2246594]
[3.5965319]
[3.8772652]
[4.060551]
[3.6218946]
[4.182387]
[3.882498]
[3.8541052]
[3.9489245]
[4.039423]
[4.162985]
[3.6996565]
[3.89315]
[3.7768965]
[3.5913718]
[3.948165]
[4.069085]
[3.8753917]
[3.8788745]
[3.6673572]
[3.9575527]
[3.9252212]
[3.829161]
[4.228723]
[3.724492]
[3.6695113]
[4.0762653]
[4.180096]
[4.1141205]
[4.233389]
[3.9055898]
[3.7574527]
[3.6739256]
[4.208096]
[4.3311777]
[3.9590447]
[3.8051264]
[3.90604]
[3.7405453]
[4.13607]
[3.9855964]
[4.019674]
[3.6407905]
[4.2038164]
[3.8105426]
[4.145546]
[4.1492815]
[3.760748]
[3.8841133]
[3.840533]
[3.7811427]
[4.0266814]
[3.8503132]
[3.7126062]
[3.792212]
[4.1321588]
[3.581426]
[4.0337224]
[4.2274356]
[3.8494062]
[3.7100208]
[4.1953683]
[3.84723]
[3.8338711]
[4.0111227]
[3.9774044]
[3.6803045]
[3.6673272]
[4.0322485]
[4.097658]
[3.627025]
[3.8574595]
[3.6714334]
[4.163725]
[4.2358594]
[3.7565377]
[3.8526583]
[3.7685885]
[3.6639383]
[3.7305644]
[3.6642249]
[4.144229]
[3.7993228]
[4.337473]
[3.5731978]
[3.841778]
[3.9839938]
[3.951095]
[3.7055144]
[3.9648376]
[3.6033142]
[4.3007274]
[3.8996036]
[3.7849894]
[3.8231747]
[4.0683017]
[3.866656]
[3.958774]
[3.7243881]
[3.681728]
[3.8690038]
[3.951493]
[3.7328465]
[3.764204]
[4.307784]
[3.894559]
[3.862509]
[3.5485814]
[3.8970344]
[3.700432]
[3.696743]
[4.1245565]
[3.7610593]
[4.210967]
[3.8072188]
[3.9056299]
[3.8541174]
[4.0833097]
[3.5649874]
[3.871875]
[3.9243803]
[3.833851]
[3.8797445]
[3.7707505]
[4.2665615]
[3.7973967]
[3.7385173]
[4.2341595]
[4.068821]
[3.8717983]
[3.806906]
[3.8358624]
[3.7053308]
[3.9522245]
[3.6270115]
[3.764056]
[3.8460634]
[3.8508747]
[3.7706819]
[4.056682]
[4.2024164]
[3.8663259]
[3.9306228]
[3.839207]
[3.639921]
[4.0978928]
[4.1924195]
[4.154835]
[3.9488137]
[3.9456146]
[4.0714264]
[3.7006423]
[3.6623163]
[3.8408103]
[3.7243936]
[3.8216035]
[3.9907176]
[4.3392053]
[4.3255334]
[3.8928201]
[3.9827716]
[3.6588907]
[3.7048526]
[4.0366607]
[3.7958333]
[3.6628096]
[3.6496599]
[4.3148866]
[4.121755]
[3.9625206]
[4.1322975]
[3.8569279]
[3.8008702]
[3.6448808]
[4.1604166]
[4.044947]
[3.923068]
[3.7123058]
[3.9991648]
[3.7244592]
[3.9142604]
[3.827853]
[3.6360903]
[3.7467806]
[3.6690006]
[3.732202]
[4.2344484]
[3.6555321]
[3.9535182]
[3.7579808]
[3.8748658]
[3.7299206]
[4.228358]
[3.6870806]
[4.1405377]
[4.0360155]
[3.789502]
[4.106715]
[3.728504]
[4.238954]
[3.7204194]
[3.8718426]
[3.566394]
[3.6271358]
[3.6842022]
[3.9212112]
[4.059626]
[3.8826213]
[3.8054738]
[3.8113678]
[4.0832934]
[3.6386507]
[3.8121095]
[3.8369586]
[4.1385894]
[3.5483837]
[3.7429135]
[3.9068673]
[3.9488754]
[4.2897573]
[3.8560712]
[3.933928]
[4.196166]
[3.8506153]
[3.8522167]
[4.147038]
[3.7662184]
[4.0002475]
[3.626662]
[3.6530004]
[3.8682084]
[3.7686734]
[3.6188374]
[3.9501276]
[3.8009765]
[3.6964004]
[4.039074]
[3.7681303]
[4.1411853]
[4.240737]
[4.3752055]
[3.7729678]
[3.7078369]
[3.6670852]
[3.7644916]
[3.661016]
[3.944111]
[3.7572045]
[3.5579705]
[3.8341174]
[3.8578126]
[3.9362178]
[3.6345642]
[3.745648]
[3.6653204]
[3.7332568]
[3.8912687]
[3.6022243]
[3.9273512]
[3.850102]
[3.6165357]
[4.0764]
[4.2260523]
[3.9786317]
[3.6697059]
[4.090321]
[3.8291044]
[4.2262607]
[3.6973977]
[4.1011305]
[3.6401057]
[3.9547126]
[3.5207658]
[3.7145813]
[3.9347274]
[3.6627383]
[3.8547187]
[3.9368775]
[3.7209327]
[4.0182734]
[3.7276652]
[3.8641195]
[3.7580876]
[3.9416203]
[3.6405783]
[3.9939208]
[3.8768406]
[3.9478464]
[3.6245294]
[3.643853]
[3.6634355]
[3.6315072]
[4.2381606]
[3.6339867]
[4.024968]
[3.8045564]
[3.8078475]
[4.157143]
[4.101973]
[3.9903696]
[3.757486]
[3.719155]
[4.0530815]
[3.7979891]
[4.250323]
[4.136926]
[4.0332847]
[4.2579637]
[4.0243998]
[4.1382422]
[4.146371]
[4.0890265]
[3.9285724]
[3.8624136]
[3.7990813]
[4.1581297]
[3.8471048]
[4.1227727]
[3.7597184]
[4.310846]
[3.7897239]
[4.406747]
[3.7994654]
[3.5417705]
[3.78487]
[4.219046]
[3.930309]
[4.17512]
[3.7809393]
[3.6077802]
[4.0359006]
[3.8268213]
[4.1069736]
[3.8374414]
[3.835307]
[3.7333245]
[3.942779]
[3.8050504]
[3.7769148]
[4.068811]
[3.928209]
[4.2618675]
[4.144172]
[4.2326164]
[3.6058304]
[4.23044]
[3.8844006]
[3.819357]
[3.6235685]
[3.9224927]
[4.0125685]
[4.1978574]
[4.096678]
[3.9243731]
[3.840394]
[3.8065712]
[3.7019281]
[4.146151]
[4.2546167]
[3.74324]
[3.7027864]
[3.6557076]
[3.970219]
[3.8469076]
[4.1671195]
[3.755122]
[3.7887475]
[3.919015]
[3.9379263]
[4.3847404]
[4.029614]
[3.723105]
[3.842778]
[4.0528727]
[3.7313714]
[4.3406296]
[3.7018967]
[3.6951563]
[3.8003697]
[3.9776921]
[3.739248]
[3.8918664]
[3.9559557]
[3.5994358]
[3.737319]
[4.365257]
[4.188003]
[4.161818]
[3.7814746]
[4.019314]
[4.011379]
[4.028555]
[3.8249564]
[3.9565854]
[3.5940154]
[4.0989833]
[3.6581235]
[4.209549]
[4.118802]
[3.6664975]
[3.9326453]
[3.6399095]
[3.8443162]
[3.7841043]
[3.656624]
[3.8809037]
[4.2236314]
[3.722776]
[3.7633882]
[3.7085078]
[4.0120077]
[3.9286842]
[3.990601]
[3.7173529]
[3.7694092]
[4.043356]
[4.2441297]
[4.016752]
[4.439986]
[4.2175813]
[3.8716812]
[3.855837]
[3.9303038]
[4.055257]
[3.8966022]
[3.8766203]
[4.0919094]
[3.860398]
[3.8489137]
[3.9981513]
[3.5993588]
[3.7975764]
[3.9645445]
[3.6928403]
[3.979301]
[4.262157]
[3.9824464]
[3.614489]
[3.9325013]
[4.308608]
[3.839369]
[3.7228045]
[3.8371823]
[3.6058729]
[3.793271]
[3.6997845]
[3.911096]
[3.8285787]
[3.798121]
[3.8971717]
[4.2037683]
[3.8557608]
[3.6509159]
[3.9453511]
[3.780288]
[3.813517]
[4.0205984]
[3.75148]
[4.132147]
[3.829202]
[3.7983909]
[3.6765637]
[3.5905397]
[3.8291724]
[4.1071987]
[3.845761]
[3.6316352]
[3.737071]
[3.749283]
[3.5597756]
[3.9251943]
[4.023574]
[3.5817795]
[4.139656]
[4.0131173]
[3.984906]
[4.212641]
[4.0272875]
[3.9117615]
[3.8473947]
[3.680125]
[4.2400136]
[3.7285051]
[3.8108242]
[3.8137145]
[3.7531755]
[3.839414]
[4.088765]
[3.9027023]
[3.7624748]
[3.7218196]
[4.337563]
[3.7169306]
[3.9909086]
[3.7680936]
[3.6932383]
[4.1319323]
[3.7448094]
[4.0928454]
[3.7572155]
[4.024059]
[3.654976]
[3.9223714]
[4.015481]
[3.9212317]
[4.0174594]
[4.2236056]
[3.866345]
[3.9753923]
[3.7368135]
[3.7215555]
[4.3269105]
[3.870851]
[3.831029]
[4.0584874]
[3.978023]
[3.8066995]
[3.766807]
[3.9389462]
[3.600092]
[4.1189346]
[4.2137446]
[3.794406]
[4.2748413]
[3.7898185]
[3.993186]
[3.7815711]
[3.6851625]
[4.258878]
[4.1963177]
[3.7663727]
[3.7226977]
[3.9094143]
[3.918014]
[3.9030604]
[4.107869]
[4.044848]
[3.7219594]
[3.9111617]
[3.758258]
[3.9484565]
[3.9636555]
[3.8769925]
[4.2023807]
[3.959537]
[3.49176]
[3.8673146]
[3.5748305]
[3.9175808]
[3.8037436]
[3.684792]
[3.7649245]
[3.9879682]
[3.8582804]
[3.7941875]
[4.0072856]
[3.988144]
[3.9453154]
[3.7283323]
[4.05108]
[3.724472]
[4.088576]
[3.7739289]
[3.9817598]
[4.027103]
[3.7761602]
[3.752338]
[3.843683]
[4.165503]
[3.632812]
[4.2810283]
[3.581355]
[3.9908528]
[3.5453076]
[3.9609392]
[3.6016524]
[3.7480009]
[3.6071632]
[4.332885]
[3.9398248]
[3.893854]
[3.765185]
[3.8705323]
[3.8008626]
[4.117549]
[3.6902294]
[4.254408]
[3.5667348]
[3.760442]
[3.7320094]
[3.7227836]
[3.6275685]
[3.805369]
[3.921341]
[3.9694293]
[4.0620794]
[3.8721304]
[4.1081843]
[3.7431736]
[3.9502625]
[3.744332]
[3.7220058]
[4.099346]
[3.7622838]
[4.0793843]
[3.6776526]
[3.7143362]
[3.767265]
[3.8122911]
[3.6510699]
[3.6740503]
[3.7693858]
[3.787124]
[3.7135913]
[4.470553]
[4.10722]
[3.7349622]
[3.8709793]
[4.1197066]
[3.8263986]
[3.8337939]
[4.0530415]
[3.7744632]
[3.5724006]
[4.0121484]
[4.0317583]
[3.7974794]
[3.8399024]
[4.014073]
[3.6371899]
[3.7406557]
[3.7233324]
[3.6528268]
[4.030385]
[3.6972497]
[3.9317515]
[3.688592]
[3.7625604]
[4.0766745]
[3.69797]
[3.9421532]
[3.793238]
[3.8655038]
[4.347656]
[3.6626196]
[3.6444108]
[3.7210035]
[3.7698832]
[3.7933686]
[3.9437358]
[3.9893932]
[3.7850592]
[3.8850129]
[4.270659]
[3.8222604]
[3.915103]
[3.6029289]
[3.8248496]
[3.8240204]
[4.0604873]
[3.5683458]
[4.08073]
[3.9210923]
[3.7033372]
[3.6190157]
[3.65613]
[3.6861184]
[3.772616]
[3.9250827]
[3.8553553]
[4.1800346]
[3.9274697]
[4.0604057]
[4.3138223]
[3.693956]
[4.078273]
[3.63985]
[4.007516]
[3.9921148]
[3.6233435]
[4.1483397]
[4.004004]
[3.7279973]
[3.7789803]
[4.027282]
[4.081278]
[3.9789858]
[3.807428]
[3.6809487]
[4.216422]
[4.180425]
[3.9702744]
[4.2626348]
[3.6720319]
[3.782599]
[3.7663646]
[3.8280525]
[4.0314693]
[3.6580465]
[4.0661464]
[3.8234682]
[3.8366475]
[4.210542]
[3.8795948]
[3.725055]
[3.9468324]
[3.7615888]
[3.979744]
[3.9351695]
[3.9121773]
[3.633826]
[4.0242577]
[4.1122937]
[3.7592847]
[3.826302]
[4.2824106]
[3.633796]
[4.116503]
[4.084264]
[3.9553187]
[3.9097815]
[3.75264]
[3.8111124]
[3.6834211]
[4.3930445]
[4.0394125]
[3.8579345]
[3.7159376]
[3.7066224]
[3.7169447]
[3.8711267]
[4.0967054]
[3.7600536]
[4.04004]
[3.8200386]
[3.8497267]
[3.737255]
[3.6499639]
[3.8783562]
[4.1445804]
[3.9028544]
[4.1031365]
[3.868157]
[4.0537877]
[3.9258683]
[4.110084]
[3.8430972]
[3.7301834]
[3.5553281]
[3.64027]
[3.8525438]
[4.220603]
[4.2566285]
[3.629831]
[4.0140247]
[3.738282]
[4.106368]
[3.86512]
[3.9743135]
[3.732785]
[3.7574008]
[3.9882524]
[3.917595]
[3.954768]
[4.106306]
[3.6891105]
[3.7859893]
[3.670042]
[3.8834429]
[3.862374]
[4.0240097]
[3.8124416]
[3.7645183]
[3.6951969]
[3.800724]
[4.186716]
[3.9502804]
[4.2209425]
[3.7127488]
[3.9500005]
[3.627086]
[4.4255395]
[4.2274203]
[3.6302223]
[3.734482]
[3.7802753]
[4.0541153]
[3.9651885]
[3.8139524]
[4.1293283]
[3.948015]
[4.1521535]
[4.347433]
[3.778207]
[3.797684]
[3.9993844]
[3.720064]
[3.6478841]
[3.9056485]
[4.3392997]
[3.6825097]
[3.6250017]
[3.638946]
[3.7669785]
[3.6328223]
[3.816965]
[4.079013]
[3.7975993]
[4.0382214]
[3.7855763]
[3.737502]
[3.9368782]
[3.9609365]
[4.263685]
[3.7514617]
[3.797804]
[3.9749584]
[3.6271834]
[3.9346957]
[3.6626167]
[4.1662264]
[3.7521715]
[3.6046927]
[3.6803935]
[4.05974]
[3.9885895]
[4.0098634]
[4.148911]
[4.4172378]
[3.8571467]
[4.070189]
[3.8347635]
[4.189631]
[3.8025773]
[3.9571917]
[3.609876]
[3.8577292]
[3.821422]
[3.8838167]
[3.8524592]
[3.5637553]
[3.7478824]
[3.7882974]
[3.9701536]
[3.8626032]
[3.423301]
[3.824461]
[3.8029492]
[3.9791937]
[4.144898]
[4.0192246]
[3.6807036]
[3.8089557]
[3.9045951]
[3.9620876]
[3.8604176]
[4.194365]
[3.726286]
[3.6410077]
[4.019002]
[3.7927382]
[4.19749]
[3.6358743]
[3.9135988]
[3.6327589]
[3.4150553]
[4.0948215]
[4.037673]
[3.892209]
[3.7600026]
[3.8210127]
[3.6832561]
[3.699184]
[3.7962542]
[3.7534218]
[3.9020133]
[3.5375867]
[3.9054792]
[4.219654]
[3.8917825]
[3.781893]
[3.8175812]
[4.3344755]
[3.839507]
[3.9964635]
[4.013584]
[4.227679]
[3.6082296]
[4.017782]
[3.998552]
[3.7118766]
[4.05476]
[3.8526187]
[3.7869987]
[3.8013976]
[3.8458924]
[3.9379442]
[3.7761154]
[3.711083]
[4.1391077]
[4.2230844]
[4.1120567]
[3.6909013]
[4.175835]
[3.775553]
[4.012175]
[4.3299456]
[4.039285]
[3.7653444]
[3.652652]
[3.9823399]
[3.783533]
[3.941101]
[3.9325423]
[4.2221212]
[3.7989337]
[3.852753]
[3.8282018]
[3.9179783]
[3.7329357]
[3.8222134]
[3.9117408]
[3.5675304]
[4.2599554]
[3.8468487]
[4.084735]
[3.8253398]
[3.9639692]
[3.6583154]
[3.7269871]
[3.6515057]
[3.9401438]
[3.9894376]
[3.7641618]
[3.9715157]
[3.818162]
[4.248052]
[4.144851]
[3.6335456]
[4.0651746]
[3.906865]
[3.9451835]
[3.9574142]
[4.2152796]
[3.661716]
[3.798918]
[4.011534]
[3.9634998]
[3.7028017]
[3.838995]
[3.937675]
[4.379769]
[3.8005145]
[3.7575688]
[3.7894764]
[3.9761112]
[3.6548128]
[4.3071017]
[3.7579343]
[3.726069]
[3.5631926]
[3.8124847]
[4.0445027]
[3.6800022]
[3.8409884]
[3.7234957]
[3.7287767]
[4.003328]
[3.960439]
[4.21918]
[3.7825193]
[3.5580578]
[3.6223044]
[3.7183566]
[3.7628317]
[3.8678277]
[4.1609764]
[3.7970138]
[3.685117]
[4.2625237]
[3.9093418]
[3.8212695]
[4.479803]
[4.105657]
[4.0389395]
[4.066707]
[3.8439963]
[4.215757]
[3.7423377]
[3.9147515]
[3.807904]
[3.7990997]
[3.6820705]
[3.9808226]
[3.7590528]
[3.6742709]
[3.6932018]
[4.268197]
[3.881891]
[3.7920814]
[3.7185614]
[3.598326]
[4.276804]
[4.0011535]
[3.6999044]
[4.269519]
[4.2212996]
[3.9280348]
[4.095806]
[3.7604213]
[3.9022079]
[3.6341395]
[3.697792]
[4.0593724]
[3.6561286]
[4.031708]
[3.9928424]
[3.9410346]
[3.6674004]
[3.7669847]
[3.6814098]
[3.8194034]
[4.0086675]
[3.7122376]
[3.7855344]
[3.661878]
[4.21156]
[4.140132]
[4.002865]
[3.987343]
[3.9496102]
[3.9270735]
[3.8718915]
[3.8224435]
[3.62597]
[3.7153993]
[3.5139394]
[3.773655]
[4.0057263]
[3.9654367]
[4.2610106]
[4.090377]
[3.864326]
[3.8380165]
[3.6519024]
[3.8492556]
[4.0975776]
[4.2043424]
[3.9115853]
[3.6286776]
[3.7868593]
[3.7441294]
[4.302913]
[4.0574884]
[3.8176305]
[3.7651584]
[3.5985525]
[4.108195]
[3.8850763]
[3.758122]
[3.6887066]
[4.0377507]
[3.8491793]
[3.894357]
[3.9063678]
[3.771376]
[3.7042296]
[4.1704674]
[3.7201126]
[3.9406343]
[4.196531]
[3.70643]
[3.8587124]
[4.09197]
[3.826786]
[3.9413636]
[3.830958]
[3.9270961]
[3.980067]
[3.9989038]
[3.8035877]
[4.251153]
[4.0363975]
[3.8337522]
[3.9512975]
[3.852445]
[3.8573384]
[3.9676023]
[3.8858998]
[4.2502356]
[3.6526523]
[3.6350296]
[3.7072043]
[3.875603]
[4.0684757]
[3.402107]
[3.8746347]
[3.9655464]
[4.066525]
[4.1294546]
[4.259393]
[4.417356]
[3.8200865]
[4.087941]
[3.9037123]
[4.0004287]
[4.085407]
[4.0860443]
[3.8080354]
[3.6332464]
[3.8445055]
[3.8473778]
[3.6755223]
[3.6873403]
[3.7014055]
[3.8123162]
[3.9400475]
[3.7795978]
[4.250253]
[4.115278]
[3.8095043]
[3.8298137]
[4.086057]
[3.8980303]
[3.6076999]
[3.6692317]
[4.182574]
[4.0631084]
[3.9217951]
[3.7727008]
[3.9978561]
[3.6574166]
[3.9925768]
[3.6670454]
[3.902397]
[3.8357487]
[3.7844238]
[3.9312375]
[3.803803]
[4.1352897]
[3.3956296]
[4.093645]
[3.8155699]
[3.7574403]
[3.8318453]
[3.7352426]
[4.273106]
[3.5924337]
[3.879472]
[3.8424466]
[3.7724454]
[4.004389]
[4.2743163]
[3.489592]
[4.1185784]
[3.7100844]
[3.759706]
[3.7342105]
[3.619236]
[3.93779]
[4.0791554]
[4.1439834]
[3.8855762]
[3.6058319]
[3.9989893]
[3.7665303]
[3.6052334]
[3.9172013]
[3.905214]
[4.090588]
[3.673971]
[4.1293664]
[3.849782]
[3.9700098]
[3.809691]
[3.6300976]
[3.7893875]
[4.1105165]
[3.9572904]
[4.235085]
[3.7644706]
[4.049519]
[3.7745152]
[3.8509345]
[4.0305495]
[3.9134107]
[4.043007]
[3.680779]
[3.3895361]
[3.8801074]
[4.100113]
[4.0005703]
[4.1783643]
[4.07025]
[4.08719]
[3.9626462]
[3.7541344]
[3.6943967]
[4.4410634]
[3.8002286]
[4.258146]
[3.8115213]
[4.1951036]
[3.7112973]
[3.7847574]
[3.7533169]
[3.5995548]
[3.754308]
[3.7490656]
[3.6453176]
[3.703851]
[3.7495582]
[4.015284]
[3.9399276]
[4.3114567]
[4.084426]
[4.086082]
[3.7576137]
[4.0648813]
[3.780742]
[3.7610333]
[3.8743198]
[3.8217695]
[3.9879577]
[3.7145128]
[4.0525064]
[4.080748]
[3.649762]
[3.9451265]
[3.6334774]
[3.8392186]
[4.333947]
[3.6700778]
[3.5946887]
[3.9939604]
[3.8390234]
[3.797099]
[3.762816]
[3.9944706]
[3.9907959]
[4.136362]
[4.124365]
[3.7303307]
[3.9216201]
[3.93537]
[3.6607158]
[3.8101585]
[4.015988]
[4.0094686]
[4.0813355]
[3.8073287]
[4.2484922]
[4.0389276]
[3.8924792]
[3.9671156]
[3.8112464]
[3.6575272]
[3.6497555]
[3.7885444]
[3.652039]
[4.076276]
[3.8765583]
[3.7633913]
[3.8895204]
[3.7671313]
[3.8837712]
[3.5613592]
[3.7558775]
[3.9467487]
[3.7803986]
[3.6449544]
[3.7814507]
[3.9390323]
[3.916395]
[3.7108033]
[3.8997257]
[3.8627775]
[3.7270875]
[3.7708626]
[3.747851]
[3.8459034]
[3.7276757]
[3.8126183]
[3.671764]
[3.788484]
[4.3090386]
[3.6062088]
[4.0536075]
[3.826774]
[3.9342418]
[3.7584004]
[3.8811803]
[3.873855]
[4.0828843]
[3.5591478]
[3.7367022]
[3.643372]
[3.9849463]
[3.8237967]
[4.394781]
[3.811841]
[4.049003]
[3.9831219]
[4.043643]
[3.7263887]
[3.9174607]
[4.0912886]
[3.9983778]
[3.853456]
[3.9435594]
[3.9767601]
[3.7998102]
[3.8395019]
[3.6130605]
[3.7002635]
[3.7709384]
[3.9402187]
[4.020432]
[3.6157365]
[3.8446429]
[3.6609306]
[3.7684445]
[3.9271536]
[4.021559]
[3.8666134]
[3.7071621]
[3.72383]
[3.8241098]
[4.1456456]
[3.90448]
[3.9492326]
[3.7519484]
[4.1030746]
[3.8100672]
[3.8695726]
[3.7180896]
[3.7233477]
[3.9860919]
[3.892088]
[3.6967218]
[3.6371574]
[3.8122954]
[3.9391596]
[3.9462705]
[4.135579]
[3.7849762]
[3.9624262]
[4.0596046]
[4.083506]
[4.0396557]
[4.029409]
[3.6764421]
[3.848446]
[4.0503364]
[3.630727]
[3.9604745]
[3.7676182]
[4.0923104]
[3.9054847]
[3.8305483]
[4.0941133]
[4.320468]
[4.058813]
[3.531573]
[3.686087]
[4.0547004]
[3.879275]
[4.0785475]
[3.804016]
[4.1263022]
[3.6917152]
[3.9969466]
[3.93435]
[3.7055056]
[4.2058234]
[4.4112506]
[3.7796342]
[3.9111602]
[4.1217384]
[4.022573]
[3.6725268]
[3.7040615]
[4.269742]
[3.6454952]
[3.687141]
[4.4264693]
[3.836513]
[3.9724984]
[3.719026]
[4.144666]
[3.6880918]
[3.8595884]
[4.1425614]
[4.1779737]
[3.7084541]
[3.8638942]
[3.8090725]
[3.7580466]
[4.0506516]
[3.7909977]
[3.7025378]
[3.8154638]
[3.9012969]
[3.776554]
[3.9344459]
[3.853088]
[3.7660375]
[4.063206]
[3.9609582]
[3.5509782]
[3.7962427]
[4.2282777]
[3.8081758]
[3.9378486]
[4.082202]
[3.8105004]
[3.8763444]
[3.6843984]
[3.8816116]
[3.7287433]
[3.7467027]
[4.0693517]
[3.7814126]
[4.1408744]
[3.763733]
[3.707973]
[4.1050677]
[3.7774425]
[3.8716607]
[3.8767514]
[3.7423503]
[3.7278786]
[3.7800329]
[3.9649153]
[3.618009]
[3.658639]
[3.6157255]
[3.7646012]
[3.8492575]
[3.609472]
[3.8228045]
[3.546394]
[4.0450716]
[3.6428432]
[3.8188148]
[3.891416]
[3.8508928]
[3.851196]
[3.662963]
[3.9799929]
[4.0114183]
[3.826968]
[3.8178844]
[3.8180635]
[3.7614098]
[3.639474]
[3.6126845]
[4.042798]
[3.9149508]
[3.501813]
[3.6222558]
[3.9559247]
[3.9919999]
[3.673469]
[4.012787]
[4.2083917]
[3.9281957]
[4.3331203]
[4.010609]
[3.6141462]
[3.9978917]
[3.949395]
[3.9440403]
[3.9604254]
[3.6790774]
[3.7651474]
[3.9384274]
[4.1766143]
[4.14687]
[3.7021463]
[3.6183512]
[3.615559]
[3.8113365]
[3.6369083]
[3.9261262]
[3.8719068]
[4.14821]
[4.0786786]
[4.08062]
[4.0977874]
[4.2252026]
[3.6988945]
[3.8837895]
[4.2699833]
[3.7425873]
[3.8445945]
[3.7608287]
[3.835527]
[3.9567459]
[3.7982595]
[3.7075105]
[3.862288]
[3.71506]
[3.759454]
[4.2477255]
[4.046549]
[4.102609]
[3.8329582]
[4.092924]
[3.7148447]
[3.7925582]
[3.7091014]
[3.8676257]
[3.7369561]
[4.091461]
[3.7736137]
[4.1472445]
[4.0122995]
[3.9755034]
[3.6602142]
[3.6281495]
[3.729327]
[3.9913468]
[3.8182747]
[3.6502748]
[3.7677033]
[3.774705]
[3.592319]
[4.3218884]
[4.111667]
[4.022059]
[3.6698873]
[3.7983758]
[3.5615802]
[4.1358013]
[3.6884494]
[4.0545917]
[3.5957465]
[3.5976906]
[3.6767104]
[3.7563941]
[3.5907576]
[4.0479407]
[3.9825659]
[3.6558588]
[3.613348]
[3.7741742]
[3.9669914]
[3.6624334]
[3.6093624]
[4.01446]
[4.2979026]
[3.6946537]
[3.9608428]
[4.1462626]
[4.206735]
[3.8716042]
[3.9743032]
[3.8455029]
[3.7050006]
[4.410112]
[4.0168705]
[3.6702878]
[3.6696944]
[4.1946073]
[3.7242017]
[3.8782825]
[3.936009]
[3.765574]
[3.8208122]
[4.191384]
[4.2649393]
[3.6915426]
[3.7208576]
[3.7457428]
[3.679368]
[4.198079]
[3.8304904]
[4.084194]
[4.0426526]
[3.8894057]
[3.5530882]
[3.7612143]
[3.7345653]
[3.881518]
[3.6992314]
[3.6825728]
[3.838985]
[3.8448582]
[4.1885796]
[3.395988]
[4.0118055]
[3.9508204]
[3.618153]
[4.1035585]
[3.8150127]
[3.7625775]
[3.9289377]
[3.810582]
[4.1317916]
[3.8731008]
[3.7575946]
[3.9827056]
[3.8934693]
[3.6403515]
[4.0283713]
[3.834862]
[3.7814097]
[3.537231]
[3.987062]
[4.016126]
[3.7635655]
[4.0783777]
[4.33364]
[4.0492625]
[4.1962676]
[3.9647164]
[3.8334627]
[3.8010852]
[3.7975113]
[3.7319617]
[3.6435685]
[3.5668094]
[4.391497]
[4.1131115]
[3.9717922]
[4.0683265]
[3.7927508]
[3.8162713]
[3.8004534]
[4.269709]
[3.8867233]
[3.7726855]
[3.9159381]
[4.105689]
[3.9207635]
[3.6110523]
[3.9255543]
[3.8327453]
[3.6513913]
[3.7288284]
[3.8116188]
[3.7788484]
[3.8104372]
[3.954996]
[3.7073355]
[3.8434665]
[3.8067775]
[4.023824]
[3.6388009]
[3.7084355]
[3.7172067]
[4.191108]
[3.9660451]
[3.9005775]
[4.1243153]
[3.8081656]
[3.920852]
[3.7075534]
[4.1966753]
[3.6233292]
[3.9615073]
[3.5463927]
[3.829397]
[3.8950224]
[4.250752]
[3.749489]
[3.8843875]
[3.6803417]
[4.330705]
[3.6308887]
[3.9307137]
[3.7169049]
[4.313902]
[3.778009]
[3.8026762]
[3.652106]
[3.7015398]
[3.7017407]
[3.8648329]
[3.8451204]
[3.87956]
[3.8645015]
[3.730128]
[3.8675041]
[3.6164227]
[4.263351]
[3.721779]
[3.910002]
[3.813005]
[3.7253473]
[3.6620312]
[4.226774]
[3.8354125]
[4.0954366]
[3.9019551]
[3.9892251]
[3.585434]
[3.728893]
[3.9064202]
[3.9742253]
[3.8925824]
[3.7431004]
[3.946393]
[3.9463434]
[3.6866689]
[4.4385967]
[3.5277448]
[3.9442182]
[3.8020835]
[3.6792274]
[4.3169527]
[3.8091922]
[4.2181883]
[3.754166]
[4.2589703]
[3.8284132]
[3.7869656]
[3.7798712]
[3.7859476]
[4.0378127]
[3.6527753]
[3.775494]
[3.8013031]
[3.7404532]
[4.258696]
[3.7159548]
[3.8768046]
[3.9464033]
[3.9375622]
[3.7675922]
[3.8298848]
[3.9713998]
[3.6385865]
[4.4081674]
[3.6084695]
[4.208117]
[3.5781388]
[3.6812298]
[3.740799]
[3.864403]
[4.1258087]
[4.137599]
[3.8433523]
[3.7715962]
[4.015048]
[3.7784004]
[3.6892056]
[3.9444623]
[3.9267766]
[4.3239765]
[4.02499]
[3.6979573]
[4.076087]
[3.9571724]
[3.7422466]
[4.2152643]
[3.8276422]
[3.6125388]
[3.8267508]
[4.0889626]
[3.792162]
[3.8122084]
[3.7717075]
[4.1893816]
[3.9303474]
[3.8391497]
[3.8852968]
[3.6924694]
[3.7516246]
[3.7171385]
[3.9336708]
[3.6768134]
[3.9002583]
[3.832588]
[3.7489815]
[4.1283216]
[3.927087]
[4.284549]
[4.018588]
[3.9168117]
[3.8326046]
[3.9722607]
[4.0058627]
[3.6190333]
[3.926138]
[3.664926]
[3.9200015]
[3.9305172]
[3.799104]
[3.914392]
[3.904213]
[3.9956598]
[4.049464]
[3.9847105]
[3.6832418]
[3.9105933]
[3.6967304]
[3.8534954]
[3.8365293]
[3.9417284]
[4.328887]
[3.8887746]
[3.6686668]
[3.975205]
[3.543477]
[3.7239556]
[4.0540867]
[4.1931076]
[3.7639802]
[3.9885492]
[4.268027]
[4.146251]
[3.83568]
[3.8974993]
[3.8155594]
[3.6538382]
[4.3304386]
[3.9515316]
[3.7178185]
[3.8921618]
[3.8550005]
[3.8968654]
[3.8777509]
[3.9860742]
[4.117546]
[4.203432]
[3.8280342]
[3.6507602]
[4.156634]
[3.8074343]
[3.6872747]
[3.8034787]
[3.9041834]
[3.6133041]
[4.257844]
[3.8059597]
[3.6014214]
[3.9593608]
[3.9185665]
[3.8601115]
[3.8671758]
[4.0448503]
[3.6984465]
[4.1880755]
[3.8827372]
[3.753514]
[3.6429994]
[3.7843537]
[4.05388]
[3.8837736]
[4.070735]
[3.8292985]
[4.394982]
[4.137011]
[3.997412]
[3.7710414]
[3.7271113]
[3.9433498]
[4.061005]
[4.115497]
[3.9338207]
[3.8021302]
[4.388553]
[3.8131344]
[4.1274257]
[3.8870654]
[4.266794]
[4.0371957]
[3.9011564]
[3.755363]
[3.781633]
[4.1323304]
[3.8121185]
[3.6354012]
[3.543718]
[4.3522077]
[3.8364153]
[4.129091]
[3.9180262]
[4.065868]
[3.8786786]
[3.8355691]
[3.8699179]
[3.8559303]
[3.7106972]
[4.1287427]
[3.808577]
[3.802779]
[4.0105968]
[3.9806433]
[4.0967255]
[4.3684735]
[3.8008778]
[3.7367728]
[4.0182786]
[4.0681376]
[4.1259475]
[4.218506]
[3.8230884]
[3.7413082]
[4.3367867]
[3.668849]
[4.2366295]
[3.6287339]
[4.144182]
[3.9267745]
[4.0722575]
[3.6530678]
[4.3733115]
[4.3384438]
[4.129931]
[3.8215845]
[3.3908284]
[4.0878315]
[4.0481524]
[3.6467104]
[3.8822372]
[3.802249]
[3.8726444]
[4.190641]
[3.7481809]
[3.9451003]
[3.8925068]
[4.0343566]
[3.9091887]
[3.7108254]
[4.0130835]
[3.7117214]
[4.145604]
[4.0478125]
[3.8867457]
[4.269678]
[3.821262]
[4.4374394]
[4.0626726]
[4.264615]
[3.6748438]
[4.085554]
[4.079153]
[3.9338832]
[3.812234]
[3.7194097]
[3.7577643]
[3.8266335]
[3.824114]
[3.7756507]
[4.166898]
[3.8566234]
[3.8700469]
[3.7440941]
[3.817218]
[4.323982]
[4.0256224]
[3.8021746]
[3.6802223]
[3.6395829]
[4.0033092]
[3.870648]
[3.8472466]
[4.034137]
[3.7698665]
[3.6628182]
[3.953608]
[3.9948776]
[3.8977826]
[3.7622468]
[4.1804585]
[3.7425354]
[3.7318468]
[3.3875933]
[4.0505743]
[3.7005315]
[3.819648]
[3.892517]
[3.9485166]
[3.762473]
[4.012663]
[3.716574]
[4.3199806]
[3.8179119]
[3.749921]
[3.9176729]
[4.014161]
[3.674382]
[3.7702415]
[3.6339636]
[3.7354994]
[3.7933202]
[3.7564476]
[3.9358244]
[4.11804]
[4.1009145]
[3.8462844]
[4.2769904]
[3.8641353]
[4.040495]
[3.4855602]
[4.2067986]
[3.951968]
[4.3320117]
[3.9539497]
[3.60534]
[3.7198613]
[3.747465]
[4.322644]
[4.0383124]
[4.0972376]
[3.9174514]
[3.6923647]
[4.010316]
[3.7941947]
[3.846483]
[3.798046]
[3.702723]
[3.9577074]
[3.936183]
[3.835511]
[3.9987397]
[3.8936698]
[3.9233644]
[3.782977]
[3.6750968]
[3.861731]
[3.9927285]
[3.8296022]
[4.0871944]
[3.9538941]
[4.376799]
[3.7209463]
[3.715423]
[3.6851053]
[4.056435]
[3.9893944]
[3.7112286]
[3.793654]
[4.0508533]
[3.9043088]
[4.0631285]
[3.8266854]
[3.837752]
[3.6305194]
[3.7891617]
[4.0325794]
[3.867616]
[3.7215557]
[3.6713343]
[3.9801383]
[3.8094885]
[4.1687727]
[3.8092484]
[3.996803]
[3.6211114]
[3.7738159]
[3.6696734]
[4.153801]
[3.6203032]
[3.7505865]
[4.2656946]
[3.88867]
[3.6478293]
[4.334117]
[3.8786213]
[3.712589]
[3.543659]
[3.9740381]
[4.022551]
[4.1370006]
[3.788837]
[4.2522326]
[4.1648126]
[4.1167173]
[3.96473]
[4.1310415]
[4.024484]
[3.8518527]
[4.2667093]
[3.7914786]
[3.7377446]
[4.0904784]
[4.0579786]
[3.761884]
[4.414884]
[3.7348661]
[3.6719794]
[3.8679903]
[3.759233]
[4.0249834]
[3.9906087]
[3.9596424]
[3.8664463]
[3.748195]
[3.9071655]
[3.8028755]
[3.7437582]
[3.853872]
[3.9026833]
[3.8479614]
[4.0289173]
[4.064428]
[3.8119118]
[3.909859]
[4.261272]
[3.613178]
[3.6761441]
[4.1107464]
[3.6659124]
[3.9060853]
[3.614088]
[3.5946558]
[3.620535]
[4.254628]
[3.8330927]
[4.0033255]
[3.9411638]
[3.9571621]
[3.741573]
[3.9446187]
[3.8747802]
[4.0659733]
[3.8356814]
[3.9249654]
[4.202439]
[3.8475075]
[3.8164964]
[3.8095121]
[3.9638252]
[4.151261]
[4.0469365]
[3.7750492]
[3.8696797]
[3.769224]
[3.7821543]
[3.7131681]
[4.310758]
[4.039721]
[3.992197]
[4.031954]
[3.8883388]
[4.203208]
[3.7700648]
[3.8305194]
[3.6018903]
[4.107341]
[3.782518]
[3.6131945]
[3.8338118]
[3.706018]
[4.088443]
[3.8792303]
[3.8581657]
[3.6681752]
[3.6018782]
[3.5971377]
[4.329347]
[3.8281732]
[3.9167948]
[4.026219]
[4.1136703]
[3.972778]
[3.8003936]
[3.6225398]
[3.9510384]
[4.2706265]
[3.8400323]
[3.6379418]
[3.7967582]
[3.6874092]
[4.098393]
[4.0350814]
[3.7891173]
[3.9705591]
[3.9434004]
[4.2754703]
[3.7054756]
[3.8694727]
[3.7080429]
[4.0212703]
[4.1947074]
[3.818683]
[4.089263]
[3.678196]
[4.130356]
[3.937944]
[4.195249]
[3.8320231]
[3.7300947]
[4.107026]
[3.7730129]
[3.6322527]
[3.9695487]
[3.8123555]
[4.0519447]
[3.6923485]
[4.055235]
[3.7611709]
[3.8890836]
[4.0869]
[4.245818]
[3.6765234]
[3.9666138]
[3.8643544]
[3.8075213]
[3.7355914]
[3.8085225]
[4.270093]
[3.6493363]
[3.6979654]
[4.021663]
[3.7769203]
[4.1469016]
[4.143709]
[3.7062156]
[3.8029854]
[3.6920948]
[3.813467]
[3.8144944]
[3.4795692]
[3.7897587]
[3.859138]
[3.8935916]
[4.1003375]
[3.9474747]
[4.1183596]
[3.7381778]
[3.6755338]
[3.8725595]
[3.7857199]
[3.972091]
[4.0124683]
[4.1694617]
[3.699276]
[3.7379138]
[3.6466074]
[3.6769645]
[3.757944]
[4.03655]
[3.9430785]
[3.96081]
[3.6484325]
[3.4866266]
[3.7729118]
[4.083087]
[3.6460588]
[4.0366306]
[3.8669436]
[3.9805114]
[4.0039034]
[3.763616]
[4.248888]
[3.7046046]
[3.9002194]
[4.065315]
[4.1140237]
[3.8273926]
[3.8461254]
[3.7559397]
[3.6785016]
[4.2400227]
[3.782423]
[3.8704138]
[4.154645]
[4.3136435]
[3.738481]
[4.2377253]
[3.804628]
[3.962044]
[4.238837]
[4.2196503]
[3.6571212]
[3.6397042]
[3.7750614]
[4.2343254]
[3.7711296]
[3.763791]
[4.2282233]
[3.960469]
[3.808021]
[4.0993953]
[3.6004426]
[4.0114584]
[3.922401]
[3.733682]
[4.2352843]
[4.221734]
[3.6923902]
[3.971861]
[3.8513472]
[3.7641313]
[3.7668061]
[3.9566941]
[4.225426]
[3.8254921]
[3.717272]
[3.7641227]
[4.2285204]
[3.8659253]
[3.6290662]
[3.9368227]
[4.045111]
[4.0716724]
[3.7864194]
[3.6053746]
[3.636834]
[3.7170339]
[4.0534406]
[3.7360127]
[3.7473955]
[3.8272212]
[4.07587]
[3.985958]
[3.9403024]
[3.9405363]
[4.2620606]
[3.775779]
[4.0113125]
[4.2526145]
[3.6364872]
[3.762236]
[4.0196457]
[3.9893794]
[4.0149417]
[3.9617405]
[3.858426]
[4.110031]
[3.5463562]
[4.1177387]
[3.6599236]
[4.0612397]
[3.8476682]
[4.1568937]
[3.5966446]
[3.944022]
[3.637444]
[3.752921]
[3.7992356]
[3.8626077]
[3.7043471]
[4.0471616]
[3.9651153]
[4.14926]
[4.107633]
[3.8854477]
[3.7062926]
[3.9897506]
[4.2565427]
[3.7561722]
[3.9406254]
[3.9520612]
[4.0175138]
[3.7754269]
[3.9838288]
[4.1699853]
[4.2654295]
[3.8363543]
[3.9473906]
[3.783935]
[3.8918273]
[3.9384956]
[3.7787466]
[3.9478498]
[3.8695016]
[3.6007986]
[3.66302]
[4.1439056]
[3.8408127]
[3.7664077]
[3.8280728]
[3.5639007]
[3.9051144]
[3.7579982]
[4.040537]
[3.75855]
[3.8006375]
[3.751958]
[3.9071493]
[3.5294836]
[3.688767]
[4.118488]
[3.689491]
[3.8754206]
[4.2483573]
[3.8155174]
[4.05098]
[3.8706055]
[3.9694934]
[3.6455147]
[4.2250204]
[3.985437]
[4.0495925]
[4.052991]
[4.302612]
[4.0364037]
[3.8092635]
[3.9802656]
[3.7062812]
[3.7158287]
[3.7563944]
[4.024078]
[3.7326598]
[4.048228]
[3.8836854]
[3.8491378]
[3.7227657]
[4.1309266]
[3.8405013]
[4.0320044]
[3.9078293]
[4.1061335]
[3.8535283]
[4.139936]
[3.6306877]
[3.8705904]
[4.0138154]
[4.042448]
[4.2172103]
[3.7462113]
[3.9608192]
[3.6977036]
[3.6004293]
[3.600862]
[3.776165]
[3.6036062]
[4.0355434]
[3.8199012]
[3.463501]
[3.9715528]
[3.659274]
[3.7124522]
[3.9037342]
[3.6564515]
[4.129949]
[4.038106]
[4.050742]
[3.7727857]
[4.0341153]
[3.843774]
[3.8956928]
[4.1731853]
[3.7220752]
[3.673482]
[3.5886664]
[3.7881029]
[4.069984]
[4.2449102]
[4.1510725]
[3.8570573]
[3.5972853]
[3.8148382]
[3.6320744]
[3.9305644]
[3.967952]
[3.790159]
[4.1066623]
[3.8501396]
[3.874849]
[3.8850477]
[3.860476]
[3.7416368]
[4.225226]
[3.9749818]
[3.866712]
[3.785061]
[3.858265]
[4.1381364]
[3.807475]
[4.1522613]
[4.1553764]
[3.7957284]
[3.8374712]
[3.6454277]
[3.8275697]
[4.075516]
[3.5952513]
[3.9823148]
[4.16989]
[3.9453342]
[3.7297814]
[3.6240902]
[3.8546193]
[4.038793]
[3.9590685]
[3.7130823]
[3.9442663]
[3.6418]
[3.786144]
[3.9846485]
[3.8480167]
[3.874564]
[3.6917586]
[3.6577835]
[3.6207778]
[4.0317144]
[3.9028065]
[4.008577]
[4.015826]
[3.806696]
[3.9264607]
[3.7865162]
[4.217395]
[3.8036602]
[4.1883926]
[4.0082526]
[3.9464302]
[3.788821]
[3.5925953]
[3.626633]
[3.925012]
[3.7006228]
[3.760289]
[4.2401395]
[3.7661216]
[3.9000585]
[3.5496244]
[4.044415]
[4.225711]
[4.095782]
[3.7346332]
[3.7266483]
[4.055453]
[4.012078]
[4.057702]
[3.8891952]
[4.088926]
[4.219585]
[3.6327236]
[3.8046222]
[3.6234257]
[4.1268806]
[3.9006085]
[3.7018552]
[3.7460814]
[3.7393456]
[3.591337]
[3.6241689]
[4.0488243]
[3.5824907]
[4.155415]
[4.012471]
[3.9733834]
[3.84825]
[3.5912483]
[3.6883647]
[3.9614797]
[3.8613942]
[4.189116]
[3.8633435]
[3.7094057]
[3.6063602]
[3.95291]
[3.9392953]
[3.889394]
[3.901165]
[3.4895854]
[3.7807758]
[4.022866]
[3.812289]
[4.2755857]
[4.02974]
[4.275735]
[4.0768704]
[3.757492]
[3.7959712]
[3.6312203]
[3.9738495]
[3.5484633]
[3.843686]
[3.7832193]
[3.7055833]
[3.8907652]
[3.5439348]
[4.025724]
[4.1796975]
[3.892879]
[4.0355906]
[3.906146]
[3.6752143]
[4.2545753]
[3.8675]
[4.10814]
[3.7326155]
[3.9783065]
[4.044458]
[4.0383058]
[4.14039]
[3.7269988]
[3.716672]
[4.380677]
[3.718535]
[3.8406296]
[4.274668]
[3.712047]
[3.8502274]
[4.445323]
[3.9441519]
[3.9306116]
[4.3324823]
[3.8669462]
[4.020247]
[3.7715013]
[3.7325478]
[3.8939624]
[3.8500023]
[4.313605]
[3.9927375]
[3.9804928]
[3.9252074]
[4.1954637]
[4.031072]
[3.9534218]
[3.7538204]
[3.9086075]
[4.1201105]
[3.7841167]
[3.6737263]
[4.1435637]
[4.123061]
[3.8091836]
[4.103142]
[4.064474]
[4.12412]
[4.251487]
[3.7486255]
[3.6225426]
[3.8899803]
[3.716214]
[3.8096316]
[4.2187734]
[3.730401]
[3.5240312]
[3.849861]
[3.6773605]
[3.8426058]
[3.9215493]
[4.1470714]
[3.6461196]
[3.8413012]
[3.7861269]
[4.2251573]
[3.962685]
[3.8513913]
[3.8794737]
[4.0200634]
[3.7758288]
[3.6165547]
[4.136339]
[3.8082538]
[3.9529498]
[4.1340446]
[3.7866752]
[3.7817724]
[3.8155308]
[3.8545604]
[3.9704053]
[4.1316304]
[3.7033398]
[3.966931]
[4.3112073]
[3.8584616]
[3.583462]
[3.886989]
[3.747782]
[3.7779443]
[3.7635453]
[3.648778]
[3.767754]
[4.021045]
[3.9557178]
[4.125375]
[3.781288]
[3.629498]
[4.057211]
[4.022021]
[3.7776885]
[3.7641551]
[3.7147663]
[3.7280006]
[3.7397258]
[4.1385593]
[3.8604543]
[3.9912224]
[4.377479]
[3.7794397]
[3.8356843]
[3.7048466]
[3.9241076]
[3.8405282]
[4.1046886]
[3.904862]
[3.778314]
[3.8972833]
[3.9422545]
[3.6803985]
[3.7735355]
[3.831024]
[4.0863843]
[3.7252748]
[3.8721418]
[3.6022596]
[3.76808]
[3.9616218]
[3.715098]
[3.628987]
[3.9477592]
[4.2260227]
[3.848156]
[4.0413938]
[3.9513931]
[3.8282063]
[4.0259395]
[3.928267]
[3.8694541]
[3.6957266]
[3.8583055]
[3.7350805]
[3.5748909]
[3.962196]
[3.6940658]
[3.8666334]
[4.1882877]
[3.883226]
[3.7301452]
[3.7853367]
[4.0278616]
[3.8621676]
[3.9815686]
[3.9875593]
[3.7200491]
[3.8641317]
[3.7219577]
[3.8664107]
[3.7802973]
[4.1107187]
[3.7638187]
[3.8409848]
[3.7821803]
[3.8605583]
[4.133531]
[3.854]
[3.7470186]
[3.8261309]
[4.2107825]
[3.6629615]
[4.200832]
[3.6913872]
[3.7336993]
[3.991302]
[3.9892247]
[3.6336126]
[4.157621]
[4.1686983]
[3.7407362]
[3.6994858]
[3.9525936]
[4.2577085]
[3.6474555]
[3.7515147]
[3.7671437]
[3.81959]
[3.8841474]
[3.8299024]
[3.8066502]
[4.264761]
[4.18547]
[3.609324]
[3.8884447]
[3.6886714]
[3.8878791]
[4.184453]
[3.6935225]
[3.9086936]
[3.7063687]
[4.177055]
[3.8212504]
[3.7469223]
[4.163596]
[3.9373367]
[3.7849712]
[3.7335098]
[3.9916408]
[4.0179796]
[3.9881492]
[3.7624345]
[3.7512193]
[4.031297]
[4.1998467]
[4.0129814]
[4.053138]
[4.0508714]
[4.215145]
[3.7944615]
[3.8045995]
[3.7720802]
[3.594051]
[3.8652897]
[3.607197]
[3.872279]
[3.7868953]
[3.9717536]
[3.7930539]
[4.0384464]
[3.9082298]
[4.3194375]
[4.150142]
[4.480356]
[3.8675137]
[4.188605]
[3.796229]
[4.0818005]
[3.6855783]
[4.119764]
[3.6258862]
[3.7990885]
[3.7334561]
[3.8157313]
[4.2525277]
[3.6789837]
[3.996679]
[3.9353476]
[3.6506429]
[3.8481789]
[3.848626]
[3.9696708]
[3.7803707]
[3.896324]
[4.0121136]
[4.008592]
[3.8856375]
[4.274588]
[3.8586476]
[4.020148]
[3.8596115]
[4.192694]
[3.6835034]
[3.549907]
[3.8257892]
[3.9516692]
[3.599805]
[4.2404284]
[3.6286662]
[3.6675723]
[3.8153398]
[4.0321345]
[3.606449]
[3.8702917]
[4.083161]
[4.1875863]
[3.8777375]
[3.7179067]
[3.6195705]
[3.7292569]
[3.6507256]
[3.899913]
[4.0189695]
[3.8301344]
[3.888144]
[3.6625996]
[3.7421718]
[4.0749164]
[3.8345542]
[4.009616]
[4.26391]
[3.782839]
[3.692357]
[4.023163]
[4.0167456]
[3.8480928]
[3.7618487]
[4.097054]
[4.125238]
[3.7984061]
[3.8195882]
[3.711024]
[4.057675]
[3.8178635]
[3.6798074]
[3.894625]
[3.8264966]
[4.000848]
[3.8703434]
[4.3391385]
[4.473239]
[3.8632169]
[3.7759318]
[4.2802725]
[3.7875438]
[3.7762134]
[3.6357222]
[3.8521516]
[3.9259858]
[4.137475]
[3.6839898]
[4.2821937]
[4.0103817]
[3.875241]
[4.301128]
[3.815943]
[4.2701163]
[3.67626]
[4.0668902]
[3.7908328]
[4.226835]
[3.5435588]
[4.0253844]
[3.7877114]
[4.080302]
[3.780365]
[3.6572156]
[4.128885]
[3.7721777]
[3.7584915]
[3.738514]
[3.3851225]
[3.8699262]
[3.6748827]
[3.7337017]
[4.169381]
[3.7017112]
[4.0663266]
[3.9077163]
[3.9832902]
[3.724691]
[4.141962]
[3.6986787]
[3.6091306]
[3.9678462]
[3.9126296]
[4.092063]
[3.6893268]
[3.5725267]
[4.1189218]
[3.790433]
[3.8111646]
[4.121131]
[3.7810285]
[4.014373]
[3.8066752]
[3.667175]
[3.853876]
[3.8336666]
[3.9349134]
[3.835569]
[3.7452822]
[3.845111]
[3.72212]
[3.7547321]
[3.5852547]
[3.8679302]
[3.8905602]
[3.6766264]
[3.8384678]
[3.8525226]
[3.896486]
[3.8137]
[4.0752897]
[3.835905]
[3.8513596]
[4.208568]
[3.784626]
[3.804346]
[4.0459137]
[4.1356397]
[3.9025767]
[4.0461116]
[3.7113478]
[4.169221]
[3.6636505]
[3.790711]
[3.7294607]
[3.8750734]
[3.6598868]
[4.2144194]
[3.941599]
[3.9255173]
[3.848049]
[4.190091]
[4.003697]
[3.7841482]
[4.2282424]
[3.5700939]
[3.8374093]
[3.8365982]
[4.184374]
[3.8167617]
[4.277718]
[3.8138092]
[3.760238]
[3.526178]
[4.1622553]
[3.667382]
[3.6615238]
[3.8595178]
[3.93987]
[3.7502646]
[3.9939868]
[3.9858973]
[4.182125]
[3.6977403]
[3.8274758]
[4.321805]
[4.1832232]
[4.106734]
[3.8290913]
[3.7441196]
[3.9239368]
[3.9884021]
[3.7379608]
[3.8417308]
[3.9783022]
[3.8677552]
[3.9644747]
[3.8669882]
[3.839348]
[3.907848]
[4.012982]
[4.06307]
[3.831724]
[3.7538757]
[3.7342155]
[4.2628193]
[3.8951497]
[4.01427]
[3.8524773]
[3.8270204]
[4.0903964]
[3.9195905]
[3.7191184]
[4.0130005]
[4.0988593]
[3.6582801]
[3.9467952]
[3.6924965]
[4.1285667]
[4.046835]
[3.929661]
[3.88085]
[3.7608826]
[3.9596477]
[3.960635]
[3.9706237]
[3.8723326]
[3.9184525]
[3.7422729]
[3.6304052]
[4.4233284]
[3.602471]
[4.1034307]
[3.7465756]
[3.7058403]
[3.7127867]
[3.794205]
[3.8197498]
[4.2473564]
[4.056593]
[3.8804736]
[4.0749707]
[4.095675]
[4.052351]
[3.7833555]
[3.7032526]
[3.5530725]
[4.1288047]
[4.0213823]
[4.201589]
[3.807265]
[3.7953455]
[3.8712146]
[4.044892]
[3.7151847]
[4.0510325]
[3.871175]
[3.7882123]
[3.6204913]
[3.9753613]
[3.9840353]
[3.8653722]
[3.7835112]
[3.79792]
[4.0436735]
[3.8020208]
[3.6508546]
[3.8617728]
[3.9120824]
[3.8512268]
[4.2735596]
[4.225538]
[3.8321912]
[4.001359]
[4.043905]
[3.9555492]
[4.3707733]
[3.6947951]
[3.598706]
[3.6034567]
[3.6995935]
[3.8685994]
[3.9112883]
[3.7653337]
[3.753383]
[3.8883219]
[3.8131185]
[4.075625]
[4.0982375]
[3.9504282]
[4.180347]
[3.820406]
[3.7518494]
[3.908149]
[3.6278002]
[3.716803]
[3.760944]
[3.7959628]
[4.092523]
[3.9882884]
[3.7164247]
[3.6501317]
[3.6637983]
[3.596444]
[3.8724113]
[3.815469]
[3.8316019]
[3.6244683]
[3.763439]
[3.5671163]
[3.8444664]
[4.315514]
[3.9251516]
[3.904948]
[4.0461707]
[3.8911712]
[4.2173476]
[4.0151396]
[3.5312436]
[3.4932904]
[3.8090582]
[4.1216187]
[3.6921723]
[3.5619438]
[3.841531]
[3.7263768]
[3.8649352]
[4.255064]
[4.002641]
[3.9469726]
[3.8967388]
[4.2014318]
[4.3834634]
[4.0372944]
[4.255498]
[3.8925087]
[3.8478491]
[4.0051527]
[3.9999893]
[3.8802826]
[4.0731864]
[3.66623]
[3.829235]
[3.7802186]
[3.6922657]
[3.8715672]
[3.9482758]
[3.9805357]
[3.7747645]
[4.013264]
[4.096098]
[3.8669612]
[3.9398797]
[3.5457103]
[3.636525]
[3.7908654]
[3.98061]
[3.7311823]
[3.8619208]
[3.7065601]
[3.6989038]
[4.0392594]
[3.843114]
[4.0026193]
[4.093295]
[3.8745987]
[4.3745575]
[3.703635]
[3.9675314]
[4.0246773]
[3.6421988]
[3.8523366]
[3.8350341]
[4.218017]
[4.1193585]
[3.8295996]
[3.7735176]
[3.540048]
[3.9991553]
[3.7693243]
[3.7290356]
[3.8303635]
[3.741975]
[3.778172]
[3.640287]
[4.101348]
[3.646092]
[3.8710742]
[3.837704]
[3.7392719]
[3.856912]
[3.9369438]
[4.058639]
[4.3297663]
[4.026801]
[3.8116524]
[3.9577]
[3.8351219]
[3.746873]
[4.209858]
[3.970181]
[3.946593]
[4.006525]
[3.8845568]
[3.6340187]
[3.8446198]
[4.0426307]
[3.9521804]
[3.8874307]
[4.203628]
[4.155511]
[4.2367887]
[4.101945]
[3.9648793]
[3.8135111]
[3.776624]
[4.0386906]
[3.8048756]
[3.6722648]
[4.015126]
[3.9801354]
[3.7309787]
[4.0620613]
[4.041604]
[3.806411]
[3.8047183]
[3.9613633]
[4.1164627]
[3.599094]
[3.7356544]
[3.8310456]
[3.6266122]
[3.892839]
[4.016713]
[3.9622595]
[4.159699]
[3.6922445]
[3.6725252]
[3.886891]
[3.745158]
[3.8559883]
[4.06923]
[4.262805]
[3.8086944]
[3.7153363]
[3.8449175]
[3.780639]
[4.118862]
[3.715693]
[4.340894]
[3.7372985]
[3.86164]
[3.6979632]
[4.1270285]
[4.1127543]
[4.105966]
[4.3348374]
[3.7593408]
[3.955526]
[4.1032596]
[3.9803548]
[4.0945625]
[3.9916553]
[4.067098]
[4.0299797]
[4.0988007]
[3.7170107]
[4.0218606]
[4.051604]
[3.987396]
[4.0960226]
[3.8087356]
[3.9387934]
[3.751671]
[3.699916]
[3.7149463]
[3.8521779]
[3.8618546]
[3.7200537]
[4.0258083]
[3.99587]
[3.8612814]
[3.6341188]
[3.812974]
[3.8433218]
[3.9350178]
[4.1982803]
[4.0397053]
[3.7339787]
[3.6968598]
[3.9101782]
[4.3699]
[3.887548]
[4.083594]
[3.8609276]
[3.6290016]
[4.0360637]
[3.7301846]
[3.6861234]
[3.673375]
[3.8663473]
[4.238279]
[3.8021588]
[3.9606533]
[3.814228]
[3.7245324]
[3.835341]
[4.2182627]
[4.0854807]
[3.7001433]
[3.8797915]
[4.166868]
[4.0159297]
[3.8248029]
[3.7140815]
[3.8445714]
[3.8618958]
[4.145218]
[3.9868803]
[3.7674704]
[3.7104087]
[3.7637126]
[3.9194372]
[4.0912437]
[4.1132436]
[4.1433425]
[4.01533]
[3.6875417]
[3.907583]
[4.1940913]
[3.7217655]
[4.219838]
[3.790144]
[3.8428018]
[3.952381]
[3.7730114]
[4.0335827]
[3.7162523]
[3.6465223]
[3.7781835]
[3.7012565]
[3.73883]
[3.80962]
[3.8287408]
[4.187233]
[3.729727]
[3.821894]
[3.4579268]
[4.0879974]
[3.9428267]
[3.5574722]
[4.2833266]
[3.8038468]
[3.8136973]
[3.7870867]
[3.8449526]
[3.8892546]
[4.152245]
[3.8806999]
[3.780933]
[4.323861]
[4.181585]
[3.9040341]
[4.2586484]
[3.7188067]
[4.0420547]
[3.7137516]
[4.184099]
[3.798621]
[3.9028845]
[3.983104]
[3.6937916]
[3.982264]
[4.3324823]
[4.0010147]
[3.7182732]
[3.6430106]
[3.738418]
[3.620221]
[4.0012383]
[4.3282013]
[4.4245973]
[4.0055804]
[3.8607683]
[3.6518247]
[3.8716593]
[4.1305366]
[4.273203]
[3.801466]
[3.7158816]
[3.7898974]
[3.6321735]
[4.015989]
[3.7017305]
[4.0369444]
[3.9962668]
[3.830333]
[3.6985154]
[3.790954]
[4.018734]
[3.8407857]
[3.8419092]
[4.169463]
[3.9587162]
[4.371381]
[4.184165]
[4.13381]
[3.923463]
[3.9158545]
[3.9457796]
[3.837864]
[3.7527256]
[3.6568086]
[3.5815394]
[3.840315]
[3.8280635]
[4.0166464]
[3.782711]
[3.7904243]
[3.8765113]
[3.712072]
[3.907968]
[3.9614694]
[3.8357399]
[3.5564497]
[4.2892594]
[4.254248]
[3.563486]
[4.2797704]
[3.823404]
[3.6960318]
[4.025947]
[3.7152324]
[4.0731325]
[3.8838298]
[3.8712003]
[3.782138]
[3.7273164]
[3.7664573]
[3.8766]
[3.3840177]
[3.8429406]
[3.7681081]
[4.0507975]
[4.098744]
[3.9415598]
[3.649484]
[3.5863128]
[3.8524969]
[4.01246]
[3.8441885]
[3.7488356]
[4.0734763]
[3.694517]
[4.3896604]
[3.6802402]
[3.6435673]
[4.2200246]
[4.2742753]
[3.5405228]
[4.2507553]
[3.886486]
[3.9686215]
[3.5539737]
[3.7363145]
[4.042087]
[3.890105]
[3.7285066]
[4.0510736]
[3.695734]
[3.9819305]
[3.9361463]
[3.8293102]
[4.362705]
[3.7151246]
[3.7299552]
[3.770866]
[4.0365367]
[4.2787924]
[3.8865623]
[3.9155126]
[3.7602308]
[3.86883]
[4.1392183]
[4.2487054]
[3.8802438]
[4.0127993]
[3.8490922]
[3.8208468]
[3.8231697]
[3.737008]
[3.7462533]
[3.8960974]
[3.9373147]
[3.9757211]
[4.190284]
[3.9476206]
[3.9583917]
[3.8788328]
[4.105372]
[3.6556532]
[3.669317]
[3.6203206]
[4.0987763]
[3.800672]
[4.1575904]
[3.8755727]
[4.2090006]
[3.609898]
[3.8440096]
[4.0168395]
[3.6894262]
[4.2964144]
[3.7613215]
[4.1245117]
[3.959146]
[4.1629033]
[3.9820805]
[3.8720832]
[3.843972]
[3.6782317]
[4.325836]
[3.7762494]
[3.9303784]
[3.6015701]
[3.772633]
[3.6345415]
[3.6175518]
[4.1427784]
[3.9251306]
[3.6784968]
[4.075266]
[3.7496262]
[3.722548]
[4.1214643]
[3.9628913]
[3.9186914]
[4.1441584]
[3.8215587]
[3.7278347]
[3.8968902]
[3.9311752]
[3.9371192]
[3.71987]
[3.8428438]
[3.783508]
[3.5475469]
[3.8584192]
[3.8185523]
[4.091948]
[3.8730905]
[4.1159005]
[3.9560804]
[4.070371]
[3.7317204]
[3.7913237]
[4.1967406]
[3.7193286]
[3.6837807]
[3.6044357]
[4.31699]
[3.762825]
[4.015874]
[4.0901103]
[3.9696329]
[4.1736045]
[3.787225]
[3.8760705]
[3.7917967]
[3.7146723]
[3.5847328]
[3.7615223]
[3.9332452]
[3.8123915]
[3.632311]
[3.8488793]
[3.8002024]
[4.1200314]
[3.8869774]
[3.6450944]
[3.7298145]
[3.7920437]
[4.091825]
[3.6920018]
[3.950685]
[3.8680778]
[3.8374553]
[3.832602]
[3.8206568]
[3.7952135]
[3.6926816]
[3.7736316]
[3.8383567]
[3.9985247]
[3.957468]
[4.1180816]
[3.8057108]
[3.750445]
[3.8170972]
[3.7836137]
[4.224596]
[3.6221988]
[3.7851744]
[3.8152905]
[3.7879238]
[3.716545]
[3.8807786]
[3.842772]
[4.0640817]
[4.0063906]
[3.712356]
[3.887587]
[3.595435]
[4.137216]
[4.2095957]
[4.210156]
[3.8387568]
[4.07449]
[3.964353]
[4.1874046]
[4.161344]
[4.3772564]
[4.0258007]
[3.8216138]
[4.070252]
[3.7337584]
[3.8022916]
[4.2624564]
[4.106496]
[3.8436985]
[3.9525928]
[3.8823862]
[4.268338]
[3.8125448]
[3.8168862]
[3.8488996]
[3.86675]
[3.5895383]
[4.216384]
[4.062235]
[3.9487104]
[3.583913]
[3.9609625]
[3.7944584]
[3.6285994]
[3.937871]
[3.953728]
[3.716084]
[3.5211747]
[4.0968766]
[3.6461086]
[3.7726135]
[3.731709]
[4.101854]
[3.684053]
[3.8680956]
[4.109002]
[4.206728]
[4.064704]
[3.9427645]
[3.7725906]
[3.863989]
[3.9126468]
[4.1448975]
[3.617257]
[3.953689]
[3.767695]
[3.8804512]
[3.8697298]
[3.6108406]
[4.130859]
[3.9749877]
[3.8907964]
[3.7135096]
[3.8712735]
[3.932113]
[3.8422596]
[3.9089532]
[3.6710198]
[3.886747]
[4.064002]
[4.1665783]
[4.0625186]
[3.6773915]
[3.9386232]
[3.897416]
[3.9025428]
[3.877928]
[3.7728693]
[3.9263968]
[3.8757694]
[3.7950149]
[3.8816624]
[4.3328543]
[3.865991]
[3.8105068]
[3.6971283]
[3.9291732]
[4.0387254]
[4.1431866]
[4.2795906]
[3.7926497]
[4.0715265]
[3.9072871]
[3.7148836]
[4.0036645]
[3.791824]
[4.055173]
[4.281823]
[3.8996067]
[3.5472786]
[3.6890945]
[3.979141]
[3.9912062]
[3.9158032]
[3.8387735]
[3.8313553]
[4.2256484]
[4.015837]
[4.0853176]
[4.4075804]
[3.8479402]
[3.704105]
[3.7782354]
[4.228707]
[4.2672086]
[4.0449195]
[3.5475216]
[3.7088256]
[4.154707]
[3.6381092]
[3.7618182]
[3.823568]
[4.3580613]
[3.774162]
[4.037697]
[4.3224206]
[3.8056903]
[4.0564933]
[3.451391]
[3.8433893]
[3.8638783]
[3.8579397]
[3.6347022]
[3.9273596]
[3.9669468]
[4.0305614]
[3.971426]
[3.735624]
[4.0701394]
[3.854314]
[3.850589]
[3.6916032]
[3.9666526]
[4.1513705]
[4.0644364]
[3.5413573]
[3.9491036]
[3.7147973]
[4.1887207]
[4.254563]
[3.8032672]
[3.7530408]
[4.2742376]
[3.7677908]
[3.7509193]
[3.78379]
[3.8528]
[4.1478925]
[3.6178253]
[3.8362002]
[4.194238]
[3.6781435]
[4.090154]
[3.7865098]
[3.8094196]
[4.135371]
[3.7530558]
[3.6341746]
[3.633185]
[3.7878492]
[3.8724246]
[3.9089155]
[3.9632697]
[4.199251]
[3.864482]
[3.944677]
[3.8664546]
[3.9459891]
[3.8841877]
[3.869975]
[3.7798355]
[3.836107]
[3.7456346]
[3.9515815]
[3.9227238]
[3.789756]
[3.6740751]
[3.7811728]
[3.8301866]
[3.7064238]
[4.4433675]
