move 0.151846 -0.361433 0.063835 0.103662 0.166927 0.112077 -0.125585 0.126813 -0.393636 -0.140458
tougher 0.149787 -0.062160 -0.226915 0.023294 0.141409 -0.386635 -0.044990 0.195385 0.072369 0.070612
occasionally -0.191996 -0.046218 0.043311 -0.361235 0.066564 0.036292 0.038135 0.102034 0.074358 -0.058304
argentina -0.156397 -0.065038 0.136268 0.191487 -0.054134 -0.172489 0.192503 -0.208518 0.011045 -0.071177
danish -0.047785 0.072688 0.186789 0.116962 -0.065179 0.053019 -0.128065 0.223693 0.149085 -0.228642
fly 0.077547 -0.262305 -0.061423 0.166540 0.122272 0.299387 0.036327 0.082796 -0.134068 -0.216390
louder 0.107383 -0.028936 -0.257625 0.096826 0.106731 -0.213057 -0.215459 0.040432 0.139011 0.154212
loud -0.121642 -0.105649 -0.140216 0.129772 -0.077165 0.111143 0.027647 0.009005 0.071423 0.461389
norway -0.049172 -0.050475 0.075286 0.136926 0.245319 -0.076549 0.157357 -0.344024 0.039077 0.015183
ukraine 0.088132 -0.017578 0.049925 0.040648 0.175113 -0.100809 0.289932 -0.178127 0.095612 0.038956
professional 0.292905 0.048964 -0.121697 -0.199895 -0.305922 0.078098 -0.062643 -0.247769 0.032045 -0.043618
moving -0.061770 0.156758 -0.243829 0.005516 0.113874 -0.033457 0.073991 -0.037832 -0.284482 -0.117648
tough 0.015501 -0.062830 -0.125334 0.063790 -0.120976 0.091122 0.197544 0.201990 0.099388 0.331406
flying -0.109920 0.176838 -0.304603 -0.002031 0.054441 0.152529 0.239502 0.005464 -0.125897 -0.152602
professionally -0.228339 -0.007513 0.006107 -0.393644 -0.017834 -0.017628 -0.044196 -0.010436 0.134746 -0.077982
norwegian 0.056050 0.179055 0.185322 0.007713 0.090305 -0.004635 -0.151608 0.111855 0.022352 0.011631
argentinean 0.014234 0.166084 0.193223 0.124832 -0.215100 -0.054150 -0.128367 0.190830 0.003068 -0.061634
ukrainian 0.179918 0.260236 0.149671 -0.032580 -0.008464 0.011044 -0.060693 0.211636 0.128284 0.007361
occasional 0.308151 0.001412 -0.079861 -0.163795 -0.156669 0.161626 0.006352 -0.165985 0.018162 0.034618
denmark -0.114311 -0.159156 0.108570 0.164481 0.000650 -0.087069 0.180108 -0.206404 0.158544 -0.160407
