[3.8980339]
[3.7845602]
[3.8166945]
[4.0309815]
[3.6876957]
[3.8329463]
[3.6816792]
[3.6919918]
[4.103682]
[3.8670216]
[3.7320647]
[3.7096457]
[3.9160237]
[3.894362]
[4.22086]
[3.784196]
[3.7011273]
[3.979251]
[3.84334]
[3.935543]
[3.931785]
[3.6845307]
[3.8549576]
[3.9562533]
[4.0609264]
[3.6718767]
[3.7988963]
[3.7895799]
[3.707004]
[3.6572182]
[3.9377916]
[3.8511837]
[3.923109]
[3.851294]
[4.043249]
[4.0375667]
[4.2841315]
[4.082915]
[3.911095]
[3.4112365]
[3.788413]
[3.7995715]
[3.8255641]
[3.8594995]
[4.27702]
[4.045767]
[3.5676692]
[3.9866886]
[3.788401]
[3.7748938]
[4.0339966]
[3.7090354]
[4.096958]
[3.8337274]
[4.0803266]
[3.6037183]
[3.6279833]
[4.332659]
[3.6606467]
[3.603079]
[3.7846584]
[3.9041731]
[3.8172743]
[3.6550272]
[3.740137]
[3.659496]
[3.8617942]
[3.8283825]
[3.89261]
[3.7257912]
[3.6513338]
[3.6049695]
[3.8797755]
[3.8242612]
[3.7159016]
[3.879401]
[3.9321854]
[3.7854562]
[3.9134414]
[4.2690716]
[3.725017]
[3.8264678]
[3.8464074]
[3.904928]
[3.912746]
[3.7898571]
[3.7232432]
[3.8907208]
[4.065023]
[4.1474123]
[3.556141]
[3.84229]
[4.0845914]
[4.094597]
[3.5969377]
[4.240075]
[3.7868361]
[3.797697]
[4.14344]
[3.7465463]
[3.7963486]
[3.7804892]
[4.0949287]
[3.8202238]
[3.684812]
[4.2975]
[4.0526676]
[3.626576]
[4.2088504]
[3.756123]
[3.7589242]
[3.8012602]
[3.7420228]
[4.0073395]
[3.6905305]
[3.8197951]
[3.7978315]
[4.0018897]
[3.8596196]
[3.8163443]
[3.7232165]
[3.824024]
[3.5628436]
[3.8254333]
[3.7876759]
[3.8087158]
[3.8253329]
[3.9723346]
[3.909614]
[3.7026267]
[4.210857]
[4.055674]
[3.6946049]
[3.8134844]
[3.9566689]
[4.163729]
[3.7523699]
[3.6829085]
[4.2410636]
[3.9384873]
[3.848808]
[3.7554972]
[3.8349435]
[4.025865]
[3.6581292]
[3.5956538]
[3.9650578]
[3.8230226]
[3.6642816]
[3.9240224]
[3.7474718]
[3.9277737]
[3.6632276]
[3.9099185]
[3.6225863]
[4.1768727]
[3.8244016]
[3.6718032]
[3.9818733]
[3.6047332]
[3.981916]
[3.8003693]
[4.08785]
[4.068734]
[4.056901]
[3.7122931]
[3.7809772]
[4.0419855]
[3.6628513]
[3.680934]
[3.9634304]
[3.7577817]
[3.5983949]
[3.905825]
[4.132555]
[3.6612182]
[4.0719805]
[3.6676998]
[3.8838806]
[3.8184555]
[3.8330498]
[3.7884457]
[3.6586814]
[3.810926]
[3.712346]
[3.8471332]
[3.6381714]
[4.032565]
[3.943215]
[4.0913286]
[3.8103087]
[3.7025645]
[4.100521]
[4.1870437]
[3.7694006]
[3.8575797]
[3.9197202]
[3.8146572]
[3.7090816]
[4.2943606]
[4.0304713]
[4.048535]
[3.7405906]
[3.6905]
[3.806994]
[3.8231175]
[4.206895]
[3.9017262]
[3.9649172]
[3.8486707]
[3.9140651]
[3.9212997]
[3.7809696]
[3.705257]
[3.7575262]
[4.1366587]
[3.986309]
[3.829626]
[3.6847227]
[3.654722]
[3.740575]
[3.7435749]
[3.8031564]
[3.819671]
[3.8610256]
[3.7375178]
[3.6582685]
[3.8443348]
[3.9873273]
[3.8307354]
[3.79172]
[3.842272]
[4.251643]
[4.080732]
[3.9740334]
[3.6373332]
[4.0539417]
[3.596261]
[3.888432]
[4.0512795]
[4.0803485]
[3.7368617]
[3.8436298]
[3.692424]
[3.7466655]
[3.7539568]
[3.8355076]
[3.710009]
[3.849497]
[3.7485185]
[3.7055135]
[4.0921774]
[3.8550706]
[3.949539]
[3.9584641]
[3.6119888]
[4.0002418]
[4.0668726]
[3.7406101]
[4.032031]
[4.0700436]
[3.6546085]
[3.9061403]
[3.7573757]
[4.1663756]
[4.0277176]
[4.1582785]
[4.0315084]
[4.0274267]
[3.6540544]
[3.9761577]
[3.830132]
[3.6798446]
[3.9259253]
[4.0212135]
[3.6918442]
[3.8506565]
[3.6700106]
[3.9690084]
[3.871683]
[3.6562371]
[3.7856994]
[3.7362027]
[3.9144168]
[4.105195]
[3.726107]
[3.679344]
[4.2132125]
[4.1167135]
[3.58799]
[3.847629]
[3.862067]
[3.811094]
[3.6685498]
[4.0246687]
[3.8865097]
[3.7508202]
[3.7493455]
[3.9052117]
[4.346371]
[3.8924603]
[4.081693]
[3.833249]
[3.982737]
[3.767638]
[4.1436644]
[4.088082]
[3.646095]
[4.210383]
[4.0755563]
[3.8298492]
[3.7298706]
[4.2069883]
[3.8804228]
[3.8708043]
[3.8470616]
[4.154534]
[3.890175]
[4.215672]
[3.8669405]
[3.7719426]
[3.938625]
[4.2769914]
[3.6966617]
[3.65159]
[3.9354563]
[3.934855]
[4.2398453]
[3.6295924]
[4.0013237]
[3.651032]
[3.6689363]
[3.9478545]
[3.84743]
[3.6171844]
[3.950208]
[3.6499257]
[3.8041754]
[3.7469752]
[3.8910003]
[4.2225327]
[3.719639]
[3.758593]
[3.8545845]
[3.680827]
[4.0012245]
[3.6028583]
[3.8277874]
[3.9243817]
[4.1998587]
[3.8074732]
[3.9235303]
[3.7287378]
[3.913381]
[3.8495994]
[3.8838687]
[3.9031124]
[3.9854403]
[3.731134]
[4.3636665]
[3.9401615]
[3.7269077]
[3.7304606]
[4.0824223]
[4.1497493]
[4.1549497]
[3.97532]
[3.6661034]
[4.359646]
[4.2668266]
[3.7746208]
[3.9673824]
[4.0977163]
[4.033422]
[3.7662551]
[3.919051]
[3.8808482]
[3.9010034]
[4.070399]
[4.059184]
[3.9651327]
[3.6672893]
[4.1069765]
[3.6788566]
[3.6465085]
[3.833676]
[3.6509314]
[3.6444721]
[3.822121]
[4.0427527]
[4.0051646]
[3.8598154]
[4.0211053]
[3.8052151]
[3.8625975]
[4.176914]
[3.7076995]
[3.8192737]
[3.7525818]
[3.9513493]
[3.8075194]
[3.7183104]
[3.952293]
[3.8008175]
[4.3405933]
[4.041803]
[3.831147]
[3.8357975]
[3.965949]
[4.19956]
[4.0960484]
[3.7930448]
[3.915856]
[3.5572548]
[3.755184]
[3.8707557]
[3.749494]
[3.9086397]
[4.0153894]
[3.9135678]
[3.8495502]
[3.9447613]
[3.943654]
[3.8303957]
[4.205533]
[3.9423537]
[3.7075164]
[4.05738]
[4.054362]
[3.6238463]
[3.822237]
[4.2674146]
[4.0736914]
[3.7314076]
[3.8541017]
[3.6741216]
[3.6594756]
[3.6495407]
[3.6596017]
[3.940374]
[3.5099766]
[3.9116619]
[3.9120054]
[3.864067]
[3.6626468]
[3.9678605]
[3.6780443]
[3.7679]
[4.0712852]
[3.748517]
[4.1224637]
[3.7753344]
[3.8703573]
[3.847167]
[4.3617435]
[3.732123]
[3.6665368]
[4.169267]
[3.8303173]
[3.7219372]
[3.9071465]
[3.844615]
[3.7599628]
[3.7687483]
[4.2251587]
[4.1110287]
[3.8931332]
[3.70008]
[4.075869]
[4.1215525]
[4.103556]
[4.0696516]
[3.8888252]
[3.8144827]
[3.7029166]
[3.749187]
[3.797174]
[3.8079123]
[3.6618671]
[4.1339912]
[3.816114]
[3.875891]
[4.20009]
[4.0815663]
[3.9403121]
[4.0854197]
[3.7894242]
[3.944056]
[3.756009]
[3.7285366]
[3.6092274]
[3.6571772]
[3.8389306]
[3.5564184]
[4.032125]
[4.0242696]
[3.81826]
[3.6360009]
[4.0168853]
[3.8052711]
[4.0085373]
[4.1129346]
[3.8218944]
[3.785961]
[3.8150907]
[3.9091434]
[3.9097736]
[4.0081596]
[3.706193]
[4.023873]
[3.7636352]
[4.008182]
[3.9299772]
[3.902998]
[3.8587615]
[3.6865597]
[3.8686538]
[3.607418]
[4.1109724]
[3.8577507]
[3.857961]
[3.8812902]
[4.0819683]
[3.78375]
[4.1470647]
[3.8642988]
[3.9180667]
[3.7441401]
[3.9636705]
[4.0315437]
[3.914098]
[3.788564]
[3.7808442]
[3.7893937]
[3.7203326]
[3.856073]
[3.9074583]
[3.840503]
[4.044097]
[3.9303696]
[3.8690863]
[3.981978]
[4.1689706]
[3.6937013]
[4.075165]
[3.6964593]
[3.9198153]
[3.8578985]
[4.138804]
[4.295852]
[3.6875722]
[3.7537317]
[3.7957802]
[3.643355]
[3.6524096]
[4.1003475]
[3.7072618]
[4.191906]
[3.7916985]
[4.022149]
[3.8854969]
[3.8505068]
[3.8215883]
[4.0080686]
[3.8829603]
[3.6178749]
[4.4865174]
[3.8145347]
[4.0538735]
[4.2173347]
[3.8263667]
[3.6247191]
[3.911481]
[4.168922]
[3.8995695]
[3.7515695]
[3.9507546]
[4.1626835]
[3.9014502]
[4.116741]
[3.9622219]
[3.7061055]
[4.103522]
[3.7269063]
[3.6800303]
[3.8426063]
[3.7619772]
[4.060676]
[3.7484992]
[4.0964007]
[3.8530855]
[3.6215646]
[3.8360457]
[4.2640877]
[3.7093186]
[3.8731878]
[4.0240555]
[4.0115623]
[4.092901]
[3.8790717]
[3.6870637]
[4.09733]
[3.9265206]
[3.6814036]
[4.0751076]
[3.9856193]
[3.9625928]
[4.0886507]
[3.895277]
[4.233795]
[3.9432597]
[3.7440445]
[4.3356023]
[4.1183996]
[4.0013914]
[4.0287995]
[3.8995285]
[3.873008]
[3.8993719]
[4.137532]
[3.8947325]
[3.9225926]
[4.1885843]
[3.7456546]
[4.0760746]
[3.8609095]
[3.9168336]
[4.022477]
[4.1025343]
[3.8430693]
[4.0241275]
[3.9977698]
[3.633134]
[3.8231473]
[3.7553766]
[3.7928715]
[3.8104544]
[3.7682145]
[3.6823442]
[4.0823455]
[3.6740599]
[3.6472208]
[3.9947271]
[3.7481866]
[3.889898]
[3.821894]
[3.9967175]
[3.7181926]
[3.781497]
[4.073037]
[3.8282423]
[3.8544295]
[4.197578]
[4.356913]
[3.6601017]
[3.9461265]
[3.6745965]
[3.8861845]
[3.9679396]
[3.8063564]
[3.7053614]
[3.8551192]
[3.8319435]
[3.8935366]
[4.2530336]
[4.04178]
[4.136463]
[3.863429]
[3.8594954]
[3.9908583]
[3.7059934]
[3.796684]
[3.995665]
[3.8142147]
[4.015417]
[4.1786413]
[3.7301364]
[3.785246]
[3.926736]
[4.167338]
[3.628172]
[4.1753454]
[3.7524095]
[3.93424]
[3.8393133]
[3.946095]
[3.7678843]
[4.021715]
[3.6065605]
[3.689087]
[3.800569]
[4.2260065]
[3.657544]
[3.8965464]
[3.8626587]
[4.200702]
[4.2366014]
[4.0908213]
[3.7676117]
[3.936557]
[3.6849134]
[3.8931952]
[3.7932951]
[3.6437747]
[3.918623]
[3.6888804]
[3.9297516]
[3.929144]
[3.953138]
[3.7844303]
[3.600394]
[4.2193856]
[4.129831]
[3.7297688]
[4.1355257]
[3.8069556]
[3.7375078]
[3.6494024]
[3.6966453]
[3.8884501]
[3.883749]
[4.0399847]
[3.864471]
[3.9756389]
[3.9361851]
[3.9893098]
[3.9116354]
[3.8079667]
[3.782113]
[3.881329]
[3.684308]
[4.019009]
[3.8472075]
[3.7637324]
[3.945655]
[4.095952]
[3.8066058]
[3.9239075]
[3.9596307]
[4.2463164]
[3.7593167]
[3.7489092]
[3.8833396]
[3.814297]
[4.0368776]
[3.8335316]
[3.7922149]
[4.0676312]
[3.8816478]
[3.7160017]
[3.8353493]
[3.9846501]
[3.911201]
[4.092822]
[3.9793563]
[4.2029138]
[3.8087676]
[3.9743485]
[3.948345]
[3.637252]
[3.8777442]
[3.6994321]
[4.050967]
[3.7070696]
[3.9102364]
[3.5969813]
[3.778422]
[3.8961084]
[3.6062942]
[3.7802489]
[3.7914546]
[3.8524451]
[3.8588789]
[3.8481853]
[3.6876252]
[4.0313935]
[3.6515684]
[3.6592875]
[4.3348284]
[4.154735]
[4.039796]
[4.0585246]
[3.8205318]
[4.167306]
[3.830883]
[4.032953]
[3.9463897]
[3.8222256]
[3.7000813]
[3.99517]
[3.8329644]
[3.9451082]
[3.618226]
[4.047218]
[3.9891078]
[4.091994]
[3.7129896]
[3.799087]
[4.4826045]
[3.983035]
[3.754574]
[3.758264]
[3.782032]
[4.0523677]
[3.6433582]
[3.71862]
[3.5721354]
[3.9037962]
[3.8728914]
[4.1754346]
[3.9138234]
[3.7779577]
[3.956773]
[3.7884429]
[3.8293693]
[4.164725]
[4.102515]
[3.8385007]
[3.7372055]
[4.3360276]
[3.7610707]
[3.933647]
[3.796199]
[3.9025598]
[3.8462741]
[3.8731806]
[3.9889185]
[3.7099767]
[3.6529896]
[3.7849677]
[4.186986]
[3.8108804]
[4.262177]
[3.6773403]
[4.019139]
[3.7358732]
[4.199363]
[3.8164477]
[3.8548155]
[3.86824]
[3.6808755]
[3.668741]
[3.7256021]
[4.1434507]
[3.7804956]
[4.1233387]
[3.9904847]
[3.9931948]
[3.7990294]
[4.2178946]
[3.5960717]
[3.739904]
[3.8450794]
[3.638184]
[3.9629395]
[3.7620065]
[3.9739635]
[3.7129102]
[4.111201]
[3.7761242]
[3.8886077]
[3.835503]
[3.8741574]
[3.6988037]
[4.0629244]
[4.074565]
[4.290065]
[3.8279922]
[3.8079593]
[3.7595563]
[4.1565847]
[3.968139]
[4.0898366]
[3.903035]
[4.2400985]
[4.197183]
[3.9669023]
[3.650138]
[4.056003]
[3.7581654]
[4.2479324]
[4.1022906]
[3.6131876]
[3.8578954]
[3.9774637]
[3.9805224]
[3.8301158]
[3.7712445]
[3.9473562]
[4.1497846]
[4.038784]
[3.8445103]
[3.906158]
[4.062439]
[4.2020526]
[3.8976076]
[3.7127478]
[4.071808]
[3.7092404]
[4.0835876]
[3.794263]
[3.7559109]
[3.8690462]
[3.7767997]
[3.5916767]
[4.0227]
[3.8959045]
[4.0700574]
[3.6583364]
[3.7232192]
[3.9955707]
[3.9378479]
[4.0462418]
[4.0568514]
[3.7764258]
[3.828536]
[3.7572398]
[4.012334]
[3.9352486]
[3.8365498]
[3.4083488]
[3.9424963]
[3.750008]
[3.7860847]
[4.1584377]
[3.931805]
[3.7024124]
[3.6541054]
[4.104189]
[3.8278723]
[4.01045]
[3.6625876]
[3.9580383]
[3.9106052]
[3.8534026]
[3.8339798]
[3.910737]
[3.5000334]
[3.5196338]
[3.8144276]
[4.0632954]
[3.8672543]
[4.2749324]
[4.234245]
[4.2881308]
[3.9328861]
[3.6724708]
[3.764842]
[3.755392]
[4.220087]
[4.108663]
[3.7858527]
[4.1170945]
[4.1326513]
[3.811701]
[3.6896002]
[4.1845603]
[3.9217355]
[3.818881]
[3.7929468]
[4.0253863]
[3.8299901]
[3.80836]
[3.6864784]
[3.7094238]
[4.238885]
[3.6373968]
[3.8722296]
[3.951149]
[3.7676613]
[3.9102392]
[3.7909691]
[3.7750163]
[3.9877512]
[3.939262]
[3.8050098]
[3.7561553]
[4.033346]
[3.8972046]
[3.833771]
[3.8947203]
[3.8298206]
[3.8161306]
[3.8634522]
[3.9876668]
[3.7874744]
[3.8500595]
[3.6054556]
[3.7734137]
[3.78763]
[3.8669581]
[4.1526217]
[4.1755385]
[4.2453656]
[3.7872162]
[4.039146]
[3.832782]
[3.6836927]
[3.6309443]
[3.6729782]
[3.804044]
[3.6203287]
[3.8277512]
[3.7357957]
[3.9588475]
[4.241892]
[4.005665]
[3.6951652]
[3.8341506]
[3.6757524]
[3.9144003]
[3.8830109]
[3.639314]
[3.7857053]
[3.601401]
[3.6486833]
[4.2059565]
[3.8356051]
[3.6746073]
[3.7354941]
[3.8528116]
[4.0542154]
[4.1464233]
[4.142922]
[3.7283947]
[3.705808]
[3.9402397]
[3.6587212]
[4.1209626]
[3.681357]
[3.7506263]
[4.156704]
[3.8428729]
[3.9267502]
[4.0564046]
[4.097549]
[3.6902022]
[3.7599795]
[3.854958]
[4.100471]
[3.844568]
[3.914952]
[3.8894267]
[4.1001763]
[3.8408184]
[3.9023442]
[3.9534678]
[3.6327403]
[3.9320846]
[3.8707619]
[3.7986317]
[3.7279177]
[3.9891233]
[3.9068604]
[3.828712]
[3.6093667]
[4.086649]
[4.1791887]
[3.741006]
[3.8012903]
[4.065754]
[3.992616]
[3.7430017]
[3.7174413]
[3.9932213]
[3.9379544]
[3.9208956]
[3.9191568]
[4.0777354]
[4.090208]
[3.803063]
[3.8428092]
[3.9179418]
[4.0760803]
[3.9410033]
[3.829826]
[3.9584367]
[3.7942052]
[3.6172934]
[3.852995]
[3.7828593]
[3.6095507]
[3.8841507]
[4.1914587]
[4.2384286]
[4.0851536]
[3.4951537]
[3.795018]
[4.0200405]
[3.4042008]
[3.842129]
[3.888418]
[3.789188]
[3.80992]
[3.6870592]
[3.5470498]
[4.071605]
[3.8979213]
[3.82681]
[3.9267068]
[3.7725818]
[3.7118633]
[3.98953]
[3.9384592]
[3.7435377]
[4.3441663]
[3.752737]
[3.7906878]
[3.8426774]
[3.6305974]
[3.5975075]
[4.2237744]
[3.75531]
[3.6445763]
[4.175458]
[3.669804]
[3.6636627]
[3.9279723]
[3.7721107]
[3.926725]
[3.9954329]
[3.7555165]
[3.647988]
[4.2193513]
[4.0210123]
[3.9564939]
[3.6692]
[3.8453908]
[4.0858274]
[3.9697208]
[4.199414]
[3.655332]
[4.0714383]
[3.8549652]
[4.09046]
[3.7899423]
[3.9384575]
[4.1052656]
[3.841112]
[3.6952953]
[4.1142282]
[3.9034724]
[3.70924]
[3.7882338]
[4.077724]
[3.6243014]
[3.8971324]
[3.9340153]
[3.9422812]
[3.6808193]
[4.039989]
[4.088706]
[3.9994354]
[3.829292]
[3.877734]
[3.699592]
[3.8826857]
[3.8392284]
[4.199144]
[4.0745106]
[4.179887]
[4.086023]
[3.9770217]
[3.6666718]
[3.8865604]
[4.1378765]
[3.9680831]
[4.002383]
[3.7148387]
[3.82579]
[4.032312]
[4.01554]
[4.0209985]
[4.0436506]
[4.379248]
[3.8028505]
[3.8180377]
[3.8853157]
[3.8849902]
[3.7215505]
[3.9497623]
[3.702925]
[3.7579203]
[4.1434283]
[4.231289]
[3.5940163]
[3.824621]
[4.061816]
[3.627718]
[4.1496367]
[3.916117]
[3.8763056]
[3.9088118]
[4.085695]
[4.220209]
[3.7166872]
[3.807688]
[3.7513027]
[3.5911453]
[3.9756708]
[4.0832806]
[3.8664167]
[3.8271399]
[3.6557908]
[3.930881]
[3.928256]
[3.9098063]
[4.2442036]
[3.7670972]
[3.644682]
[4.0926766]
[4.130072]
[4.1176424]
[4.2644973]
[3.865838]
[3.7306318]
[3.6815364]
[4.1991568]
[4.27088]
[3.9157557]
[3.8173733]
[3.9177504]
[3.703253]
[4.0761743]
[3.9758918]
[4.0283074]
[3.651146]
[4.235513]
[3.8979383]
[4.081137]
[4.1323357]
[3.8285532]
[3.8499146]
[3.8735585]
[3.7691293]
[4.0230565]
[3.8690207]
[3.7176073]
[3.8434153]
[4.1119013]
[3.6320925]
[3.9665527]
[4.188222]
[3.8287241]
[3.8316226]
[4.230121]
[3.870668]
[3.8402908]
[3.992255]
[3.95428]
[3.7086663]
[3.6775856]
[4.068805]
[4.068087]
[3.6282167]
[3.85577]
[3.7007291]
[4.0859914]
[4.2613907]
[3.833234]
[3.8779502]
[3.8351922]
[3.6498468]
[3.7366238]
[3.5945444]
[4.217818]
[3.851968]
[4.3513927]
[3.6275775]
[3.8241906]
[4.051193]
[3.9863796]
[3.756834]
[3.9681304]
[3.5790498]
[4.2953887]
[3.972592]
[3.761937]
[3.796312]
[4.093264]
[3.8158374]
[3.9381468]
[3.7409563]
[3.7179563]
[3.849473]
[3.8906565]
[3.7588906]
[3.8341148]
[4.269382]
[3.9699016]
[3.944144]
[3.655459]
[3.8751068]
[3.6838214]
[3.698217]
[4.169204]
[3.7064648]
[4.162828]
[3.8069456]
[3.9024541]
[3.8537846]
[4.06249]
[3.5417664]
[3.8353531]
[3.9154146]
[3.8071764]
[3.8469026]
[3.764176]
[4.24407]
[3.794507]
[3.7024035]
[4.2245064]
[4.092015]
[3.843094]
[3.831528]
[3.8545833]
[3.66065]
[3.9377568]
[3.6145213]
[3.7475615]
[3.883927]
[3.88592]
[3.7559066]
[4.083241]
[4.2074814]
[3.861961]
[3.9928594]
[3.811962]
[3.6434264]
[4.0942054]
[4.1715026]
[4.2152686]
[4.0101843]
[3.9061186]
[4.003345]
[3.709114]
[3.626698]
[3.8323069]
[3.7076132]
[3.8358212]
[3.9814086]
[4.332977]
[4.344016]
[3.888778]
[4.000797]
[3.7049844]
[3.7256114]
[4.0701547]
[3.7455342]
[3.689075]
[3.7231405]
[4.2809844]
[4.202649]
[4.0149455]
[4.123993]
[3.851202]
[3.734583]
[3.6264262]
[4.213418]
[4.0699186]
[3.9268186]
[3.7344007]
[3.9604707]
[3.7281232]
[3.8998857]
[3.85772]
[3.6590042]
[3.761648]
[3.6786008]
[3.7188964]
[4.242023]
[3.7029133]
[4.043788]
[3.7388844]
[3.8440332]
[3.7448225]
[4.2252507]
[3.6813955]
[4.194434]
[4.02452]
[3.7696803]
[4.022143]
[3.7493172]
[4.243493]
[3.7052555]
[3.843813]
[3.5998623]
[3.6222303]
[3.6857846]
[3.9902005]
[4.078598]
[3.8922205]
[3.8348217]
[3.7653487]
[4.062709]
[3.6488495]
[3.8995025]
[3.7784338]
[4.215086]
[3.6565158]
[3.7577767]
[3.9266562]
[3.883101]
[4.2823386]
[3.819572]
[3.912411]
[4.142099]
[3.85043]
[3.8551362]
[4.222815]
[3.7517364]
[3.972352]
[3.6286495]
[3.643707]
[3.953346]
[3.7701359]
[3.626122]
[3.9899383]
[3.803469]
[3.7142866]
[4.0903444]
[3.7556937]
[4.0782156]
[4.2627172]
[4.3554707]
[3.812751]
[3.6978905]
[3.655897]
[3.755465]
[3.7175317]
[3.9462245]
[3.7578576]
[3.5367763]
[3.8470318]
[3.8399053]
[3.953986]
[3.642196]
[3.8072784]
[3.6886606]
[3.687777]
[3.888373]
[3.5920968]
[3.9386532]
[3.8754356]
[3.6328866]
[4.116004]
[4.258938]
[3.9736009]
[3.6440911]
[4.119751]
[3.8441508]
[4.221243]
[3.6827471]
[4.078186]
[3.623507]
[3.952493]
[3.5589967]
[3.7017179]
[3.88824]
[3.695506]
[3.852431]
[3.9394631]
[3.7263262]
[3.9956334]
[3.6756532]
[3.8565288]
[3.7482526]
[3.957934]
[3.6796672]
[3.9789982]
[3.9047613]
[4.041223]
[3.6623049]
[3.5994663]
[3.6745305]
[3.6702633]
[4.228736]
[3.6401544]
[4.0599566]
[3.8210082]
[3.7966332]
[4.082176]
[4.0685954]
[4.0891476]
[3.693338]
[3.720158]
[3.9853]
[3.7811465]
[4.165241]
[4.0770807]
[4.040772]
[4.2475367]
[4.021598]
[4.1755733]
[4.115577]
[4.1191854]
[3.9030578]
[3.9042258]
[3.8126488]
[4.2116375]
[3.8433642]
[4.1325126]
[3.8282635]
[4.2864656]
[3.7631092]
[4.408395]
[3.8179853]
[3.6522298]
[3.793554]
[4.2399974]
[3.8861046]
[4.139786]
[3.775865]
[3.6282074]
[4.0198007]
[3.8079753]
[4.0643516]
[3.8014035]
[3.7976506]
[3.7397592]
[3.904171]
[3.8453598]
[3.7507167]
[4.0669436]
[3.9083009]
[4.1356025]
[4.0975733]
[4.2160935]
[3.660068]
[4.2382994]
[3.8992407]
[3.8092265]
[3.635622]
[3.9254513]
[4.01175]
[4.174958]
[4.0572686]
[3.8733878]
[3.8988233]
[3.8062997]
[3.7519484]
[4.134037]
[4.252576]
[3.860999]
[3.7281313]
[3.6441276]
[3.9570363]
[3.8847494]
[4.1752653]
[3.8280466]
[3.780936]
[3.9379745]
[3.9553254]
[4.343747]
[3.9480317]
[3.7462683]
[3.8532321]
[4.0758204]
[3.7391598]
[4.263663]
[3.7345364]
[3.7265208]
[3.7810287]
[3.9194052]
[3.6932151]
[3.8979297]
[3.9361067]
[3.6669202]
[3.7559285]
[4.4173756]
[4.1683726]
[4.1718764]
[3.7890677]
[4.053037]
[4.073025]
[4.0364394]
[3.7855296]
[3.950373]
[3.6781]
[4.108456]
[3.7157075]
[4.1771917]
[4.130048]
[3.6679318]
[4.042954]
[3.622944]
[3.8126416]
[3.7777917]
[3.643508]
[3.791115]
[4.1766467]
[3.6709404]
[3.7332983]
[3.6973076]
[3.9683964]
[3.9069161]
[3.962723]
[3.7244256]
[3.7784505]
[4.070743]
[4.1261864]
[4.006528]
[4.416975]
[4.1732583]
[3.8326712]
[3.9090583]
[4.0039525]
[4.0953746]
[3.8736477]
[3.7887187]
[4.0823555]
[3.942552]
[3.8707597]
[3.9201574]
[3.6566186]
[3.8071911]
[3.9244318]
[3.7102175]
[3.9931326]
[4.241784]
[3.9368663]
[3.6325004]
[3.827431]
[4.2692733]
[3.8117945]
[3.74664]
[3.8051276]
[3.564283]
[3.8049166]
[3.613003]
[3.866569]
[3.8084588]
[3.7954261]
[3.8938556]
[4.172982]
[3.894681]
[3.6413891]
[3.9971924]
[3.7757783]
[3.7123852]
[3.9680774]
[3.7441876]
[4.1230893]
[3.8352463]
[3.7935069]
[3.704911]
[3.5907807]
[3.7735972]
[4.082335]
[3.882698]
[3.625868]
[3.714439]
[3.761318]
[3.6247845]
[3.9636858]
[4.0363955]
[3.6204748]
[4.065575]
[3.9918962]
[4.071147]
[4.250696]
[4.065883]
[3.9401717]
[3.904388]
[3.74662]
[4.1240635]
[3.8525934]
[3.7657013]
[3.775351]
[3.8010097]
[3.861904]
[4.0863953]
[3.8674202]
[3.7446704]
[3.6706982]
[4.3314137]
[3.6679835]
[3.9645047]
[3.8340948]
[3.6851833]
[4.061184]
[3.740287]
[4.0621357]
[3.757561]
[4.0758142]
[3.6587307]
[3.999611]
[4.016068]
[3.9214897]
[4.0054827]
[4.1607094]
[3.8465137]
[3.9990647]
[3.7423468]
[3.7179315]
[4.256094]
[3.8356254]
[3.841034]
[4.1139383]
[3.9200156]
[3.8181703]
[3.755508]
[4.0597134]
[3.6571577]
[4.1304708]
[4.237106]
[3.7850552]
[4.1603007]
[3.706691]
[4.028858]
[3.8368132]
[3.6511128]
[4.264266]
[4.2299843]
[3.7464838]
[3.84932]
[3.9167812]
[3.9071596]
[3.91321]
[4.084898]
[4.0221906]
[3.7328727]
[3.930034]
[3.7686434]
[3.9484506]
[3.9895337]
[3.8455098]
[4.171917]
[3.9147363]
[3.4970536]
[3.889449]
[3.6029756]
[3.9632246]
[3.8160439]
[3.691022]
[3.7633328]
[3.9315224]
[3.8414478]
[3.8111007]
[4.057909]
[3.9755476]
[3.9858034]
[3.7381406]
[4.028453]
[3.7009401]
[4.073278]
[3.7344372]
[3.9742415]
[4.0288596]
[3.7397277]
[3.7644534]
[3.8686123]
[4.1204543]
[3.6575918]
[4.2398944]
[3.6204033]
[4.0973177]
[3.5275176]
[3.9461098]
[3.6684775]
[3.798514]
[3.5814333]
[4.2769146]
[3.9570665]
[3.872305]
[3.7550519]
[3.8342152]
[3.803999]
[4.1029286]
[3.6842623]
[4.2628446]
[3.5999615]
[3.7802815]
[3.7202532]
[3.71677]
[3.6544843]
[3.7600822]
[3.8981562]
[3.9502842]
[3.9867342]
[3.8827956]
[4.0645084]
[3.7096725]
[3.9788527]
[3.7829823]
[3.7337976]
[4.0793986]
[3.7019763]
[4.097698]
[3.6951065]
[3.6696072]
[3.7454424]
[3.8046846]
[3.6873465]
[3.674492]
[3.7318966]
[3.790877]
[3.7089102]
[4.4764667]
[4.0237164]
[3.7533157]
[3.885172]
[4.2038116]
[3.7717943]
[3.8660953]
[4.0630107]
[3.7603912]
[3.6149514]
[4.021316]
[4.074126]
[3.7801478]
[3.8718152]
[4.0046964]
[3.6375203]
[3.7810247]
[3.7463295]
[3.6817865]
[4.05413]
[3.7137244]
[3.8729515]
[3.6506662]
[3.7496545]
[4.054517]
[3.739252]
[4.002383]
[3.8602955]
[3.8282166]
[4.2324963]
[3.6738806]
[3.59853]
[3.8117185]
[3.7652261]
[3.7850902]
[4.005963]
[4.0115447]
[3.7791657]
[3.892236]
[4.3045177]
[3.80091]
[3.9619043]
[3.630514]
[3.8365757]
[3.797298]
[4.026771]
[3.6298125]
[4.1024632]
[4.019992]
[3.7467232]
[3.6385524]
[3.65148]
[3.651119]
[3.7822514]
[3.8834548]
[3.8166173]
[4.1630416]
[3.9281003]
[4.023604]
[4.248786]
[3.7227697]
[4.0594015]
[3.6221828]
[4.037075]
[4.0627174]
[3.652224]
[4.0860443]
[3.9345026]
[3.7089334]
[3.7689838]
[4.075051]
[4.0020013]
[3.9876325]
[3.8018622]
[3.7298646]
[4.2149973]
[4.1837034]
[3.9510722]
[4.153163]
[3.6903582]
[3.8381824]
[3.7798724]
[3.8426683]
[4.004232]
[3.6691117]
[3.986895]
[3.8052766]
[3.8697443]
[4.2112083]
[3.8919504]
[3.7638369]
[3.8932018]
[3.8313465]
[4.006464]
[3.9036338]
[3.8852556]
[3.6710277]
[4.0367355]
[4.100038]
[3.775791]
[3.7862492]
[4.277796]
[3.6190524]
[4.0740557]
[4.0835214]
[3.950096]
[3.8652954]
[3.747783]
[3.7823713]
[3.7192066]
[4.4003024]
[4.065323]
[3.8389413]
[3.808695]
[3.695899]
[3.7418084]
[3.8851655]
[4.122052]
[3.780588]
[4.093151]
[3.803166]
[3.854433]
[3.7355618]
[3.6999013]
[3.8665745]
[4.11203]
[3.9255342]
[4.111888]
[3.861364]
[4.080338]
[3.9268126]
[4.085656]
[3.842326]
[3.7454333]
[3.6132624]
[3.6331084]
[3.8151777]
[4.2291913]
[4.1911964]
[3.6246374]
[4.0866246]
[3.7231863]
[4.068007]
[3.8821242]
[3.924727]
[3.7004673]
[3.735732]
[3.979575]
[4.0328517]
[3.9530408]
[4.083993]
[3.6811256]
[3.7855034]
[3.6454153]
[3.9101253]
[3.8549876]
[3.9874365]
[3.7985296]
[3.8386045]
[3.6895587]
[3.819967]
[4.2099504]
[3.93227]
[4.1757846]
[3.7395842]
[3.9155757]
[3.6313283]
[4.3929186]
[4.1298833]
[3.617237]
[3.66232]
[3.803608]
[4.0204625]
[3.985219]
[3.7846901]
[4.13109]
[3.9493473]
[4.1098022]
[4.3057413]
[3.8247025]
[3.844877]
[3.9304302]
[3.7268534]
[3.648594]
[3.9882915]
[4.3012652]
[3.6492386]
[3.6302469]
[3.6968305]
[3.81118]
[3.6286042]
[3.8363295]
[4.073768]
[3.7939045]
[4.0686693]
[3.7553916]
[3.7440383]
[3.98181]
[3.9824476]
[4.300923]
[3.7197373]
[3.7452283]
[4.028195]
[3.6232982]
[3.9408975]
[3.6563609]
[4.131443]
[3.7702537]
[3.6152396]
[3.7070692]
[4.0639663]
[4.061219]
[4.009121]
[4.1313324]
[4.449303]
[3.8374996]
[4.0912075]
[3.875945]
[4.2155337]
[3.7992117]
[3.9135826]
[3.583492]
[3.8916173]
[3.7775106]
[3.862755]
[3.8586645]
[3.5993738]
[3.683165]
[3.7648342]
[3.9588127]
[3.850528]
[3.4130523]
[3.7984712]
[3.8209777]
[3.9265573]
[4.072926]
[4.050985]
[3.8154962]
[3.8353083]
[3.9172165]
[3.9465628]
[3.8860478]
[4.2391043]
[3.7190766]
[3.595733]
[4.0212398]
[3.7721894]
[4.1827]
[3.5925348]
[3.9401655]
[3.6715117]
[3.4079854]
[4.0595565]
[4.067531]
[3.865784]
[3.759522]
[3.8229911]
[3.6494045]
[3.7053192]
[3.8342283]
[3.7360404]
[3.9236383]
[3.649082]
[3.9777827]
[4.125379]
[3.8861804]
[3.757633]
[3.7751577]
[4.3380322]
[3.871463]
[4.0519333]
[3.9942327]
[4.248885]
[3.6241655]
[4.01709]
[3.9823704]
[3.8430555]
[4.0809054]
[3.8159885]
[3.8727307]
[3.7838626]
[3.9089181]
[4.0002036]
[3.7867055]
[3.7292066]
[4.0695553]
[4.2176795]
[4.104547]
[3.7206426]
[4.2161393]
[3.7498143]
[4.004577]
[4.2762723]
[4.0782647]
[3.7344458]
[3.6447086]
[3.9635217]
[3.8712971]
[3.9165978]
[3.9968662]
[4.2088685]
[3.7827709]
[3.9135864]
[3.8292382]
[3.9380121]
[3.7572925]
[3.8255758]
[3.959587]
[3.598033]
[4.2521915]
[3.902758]
[4.0351243]
[3.7750435]
[4.0223336]
[3.6588645]
[3.7649848]
[3.700746]
[3.8895614]
[3.9615495]
[3.730648]
[3.996878]
[3.780719]
[4.2488036]
[4.118808]
[3.6467857]
[3.9882755]
[3.956719]
[3.974542]
[3.964125]
[4.237589]
[3.6576958]
[3.793335]
[4.006751]
[3.9233065]
[3.6902747]
[3.8605902]
[3.9175477]
[4.390355]
[3.81922]
[3.7382998]
[3.8298771]
[3.9248145]
[3.725441]
[4.303062]
[3.7418814]
[3.7072623]
[3.5955207]
[3.8252277]
[4.0956225]
[3.688034]
[3.8276148]
[3.6883457]
[3.7376106]
[4.0063453]
[3.8633018]
[4.206725]
[3.8075712]
[3.5923707]
[3.610017]
[3.7438633]
[3.7460492]
[3.952671]
[4.11947]
[3.8503783]
[3.6992795]
[4.2335963]
[3.9391072]
[3.7969878]
[4.48289]
[4.13096]
[4.0863147]
[4.0955234]
[3.832846]
[4.1858144]
[3.7566774]
[3.9809244]
[3.8065493]
[3.8188467]
[3.7093225]
[3.995746]
[3.7634125]
[3.684672]
[3.713377]
[4.2676826]
[3.942601]
[3.8567815]
[3.703075]
[3.5369308]
[4.15382]
[4.0052457]
[3.685052]
[4.2811213]
[4.17575]
[3.8782501]
[4.109137]
[3.728757]
[3.9348893]
[3.6917975]
[3.7127528]
[4.0245633]
[3.6548738]
[4.0812683]
[3.959188]
[3.9714875]
[3.6665723]
[3.8240504]
[3.7296157]
[3.8927832]
[4.024579]
[3.7287457]
[3.7276938]
[3.6832252]
[4.214187]
[4.069676]
[4.0207195]
[3.940214]
[3.9307992]
[3.9758167]
[3.8688834]
[3.821242]
[3.6601543]
[3.6835551]
[3.556264]
[3.7527437]
[4.103333]
[3.957759]
[4.253495]
[4.0631127]
[3.951071]
[3.8605566]
[3.6842563]
[3.8569574]
[4.1906505]
[4.2452555]
[3.9057624]
[3.6825821]
[3.780893]
[3.7190614]
[4.3009067]
[4.083458]
[3.7534046]
[3.6991186]
[3.6292787]
[4.102157]
[3.9161093]
[3.8293872]
[3.6827912]
[4.086141]
[3.856316]
[3.9443617]
[3.9022932]
[3.783133]
[3.6953902]
[4.238553]
[3.6986346]
[3.9452295]
[4.1205144]
[3.7573466]
[3.8484516]
[4.118888]
[3.7759683]
[3.9091227]
[3.8489017]
[3.966398]
[4.006348]
[3.9469352]
[3.8153334]
[4.1891246]
[4.0174894]
[3.8271189]
[3.9504683]
[3.8801732]
[3.7917554]
[3.9648151]
[3.7914093]
[4.2558584]
[3.690571]
[3.6729438]
[3.84091]
[3.9141746]
[4.047272]
[3.4003487]
[3.8389]
[4.0476613]
[4.053203]
[4.1307206]
[4.2618895]
[4.4497805]
[3.7894354]
[4.081951]
[3.8986197]
[4.030817]
[4.051237]
[4.0611453]
[3.848755]
[3.5922766]
[3.8487804]
[3.8855789]
[3.6746778]
[3.733978]
[3.6809852]
[3.7895439]
[3.9259062]
[3.837203]
[4.19004]
[4.16423]
[3.8449306]
[3.8066206]
[4.114689]
[3.9126165]
[3.658921]
[3.7507339]
[4.2313647]
[4.0630617]
[3.9390576]
[3.7803729]
[3.9933102]
[3.670486]
[3.9766695]
[3.6557333]
[3.860775]
[3.8266473]
[3.7626786]
[3.996272]
[3.820714]
[4.1052804]
[3.3966238]
[4.054982]
[3.8353999]
[3.7565203]
[3.8246396]
[3.7211044]
[4.2504454]
[3.6255481]
[3.8915448]
[3.8428142]
[3.7482293]
[3.9998646]
[4.259513]
[3.4946222]
[4.052655]
[3.7071946]
[3.6954246]
[3.7136617]
[3.6385655]
[3.83027]
[4.1099906]
[4.078885]
[3.86479]
[3.6159744]
[3.998556]
[3.815649]
[3.657354]
[3.8519769]
[4.0107174]
[4.0572433]
[3.6976128]
[4.1015677]
[3.8533998]
[4.0457034]
[3.8036458]
[3.6451015]
[3.7907987]
[4.12407]
[3.9588788]
[4.242591]
[3.743542]
[4.0579424]
[3.7824912]
[3.8496947]
[4.0808578]
[3.849495]
[4.052071]
[3.708525]
[3.3923118]
[3.9085593]
[4.0738096]
[3.981472]
[4.204756]
[4.104953]
[4.0262957]
[4.0467505]
[3.7224562]
[3.7214727]
[4.417751]
[3.8660564]
[4.2312183]
[3.835898]
[4.2062593]
[3.6973963]
[3.8738132]
[3.7709181]
[3.612614]
[3.7771494]
[3.774641]
[3.6979012]
[3.7470067]
[3.7577944]
[4.048751]
[3.9253356]
[4.324635]
[4.0362916]
[4.0610614]
[3.7416978]
[4.1295433]
[3.7250307]
[3.8076575]
[3.8417838]
[3.8353827]
[3.974065]
[3.7566304]
[4.0220566]
[4.005217]
[3.6802833]
[3.986018]
[3.6279902]
[3.8312113]
[4.3389697]
[3.6798975]
[3.6099396]
[3.9677994]
[3.8508108]
[3.8009996]
[3.7078156]
[3.9795277]
[3.988412]
[4.074984]
[4.127103]
[3.7338295]
[3.9392087]
[3.9312847]
[3.682646]
[3.8234267]
[4.0137258]
[3.9093728]
[4.0510845]
[3.7816286]
[4.2259507]
[4.062335]
[3.8335052]
[3.9273195]
[3.798503]
[3.650691]
[3.7225075]
[3.781713]
[3.64754]
[4.0378776]
[3.8894734]
[3.7571037]
[3.9076807]
[3.8366358]
[3.937428]
[3.617099]
[3.7391818]
[3.9293432]
[3.758967]
[3.6417608]
[3.8352647]
[3.93705]
[4.032062]
[3.7539155]
[3.8735955]
[3.9507399]
[3.8149078]
[3.8355994]
[3.8223405]
[3.884629]
[3.710297]
[3.8280745]
[3.6952858]
[3.8291802]
[4.3229365]
[3.685371]
[3.9782338]
[3.8276849]
[3.9342093]
[3.7406654]
[3.872789]
[3.9052758]
[4.0785604]
[3.5978615]
[3.7444177]
[3.67851]
[3.9315557]
[3.8375652]
[4.2870035]
[3.806259]
[4.0966244]
[3.9714684]
[4.0118885]
[3.697973]
[3.8778732]
[4.0710998]
[4.0413923]
[3.8319635]
[3.8061047]
[3.9170806]
[3.7719958]
[3.9067647]
[3.5848317]
[3.7603216]
[3.8244004]
[3.9825451]
[4.024474]
[3.6477816]
[3.8471656]
[3.7469497]
[3.7560477]
[4.026013]
[3.972707]
[3.8568854]
[3.7216678]
[3.7302942]
[3.774945]
[4.108354]
[3.9140878]
[3.9618063]
[3.810546]
[4.192104]
[3.7900126]
[3.8617945]
[3.7271242]
[3.7080724]
[3.9324775]
[3.8578594]
[3.7093723]
[3.7136486]
[3.8351288]
[4.0039325]
[3.9060981]
[4.125089]
[3.761476]
[3.9504163]
[4.085631]
[4.048684]
[3.9770133]
[4.015613]
[3.7273386]
[3.7866004]
[4.061673]
[3.6161566]
[3.9861763]
[3.7803414]
[4.052402]
[4.010342]
[3.8661835]
[4.105698]
[4.27749]
[4.08414]
[3.6442916]
[3.7319906]
[4.0589485]
[3.9584765]
[4.0458264]
[3.8000855]
[4.089327]
[3.6528196]
[4.0515156]
[3.828404]
[3.6694179]
[4.2477603]
[4.446494]
[3.7580767]
[3.9071412]
[4.1257343]
[4.0396013]
[3.673461]
[3.6687543]
[4.2590303]
[3.647729]
[3.6867914]
[4.469345]
[3.853993]
[4.0027905]
[3.7395437]
[4.2040687]
[3.7194288]
[3.8449838]
[4.1066623]
[4.172251]
[3.6976886]
[3.8639636]
[3.8434215]
[3.8116868]
[4.1088095]
[3.7772593]
[3.6943653]
[3.8349895]
[3.9729164]
[3.793161]
[3.9229667]
[3.9395895]
[3.8355653]
[4.099488]
[3.9511132]
[3.5311365]
[3.7698932]
[4.2476315]
[3.8286386]
[3.8026009]
[4.1157665]
[3.796615]
[3.957194]
[3.6976686]
[3.8244972]
[3.6862135]
[3.807212]
[4.068082]
[3.7621846]
[4.2066627]
[3.7661119]
[3.6972904]
[4.07979]
[3.832381]
[3.9548674]
[3.9330626]
[3.8051293]
[3.6740596]
[3.7418923]
[3.9832819]
[3.6255386]
[3.6559405]
[3.6341915]
[3.7052555]
[3.9377549]
[3.6304238]
[3.836876]
[3.5289216]
[4.057341]
[3.6778553]
[3.767043]
[3.8615649]
[3.8308268]
[3.8374088]
[3.6320658]
[3.9992802]
[4.0469365]
[3.8389642]
[3.8931532]
[3.7519355]
[3.732631]
[3.6751437]
[3.6225104]
[4.0977054]
[3.9588432]
[3.5471506]
[3.6414962]
[3.9473698]
[3.9429672]
[3.670205]
[3.9125082]
[4.180644]
[3.9057481]
[4.332912]
[4.013781]
[3.579666]
[4.0180707]
[3.8980203]
[3.8951545]
[3.956935]
[3.7277496]
[3.828898]
[3.8534079]
[4.1543117]
[4.104896]
[3.7619364]
[3.6830635]
[3.6364217]
[3.7480159]
[3.634372]
[3.907065]
[3.8658667]
[4.2238774]
[4.1133657]
[4.053582]
[4.0712714]
[4.1777787]
[3.6902518]
[3.9174855]
[4.281712]
[3.7258844]
[3.9082198]
[3.7362769]
[3.8415527]
[3.9550462]
[3.7985294]
[3.6713498]
[3.8632698]
[3.7418647]
[3.8046398]
[4.265873]
[4.035225]
[4.0778913]
[3.8772893]
[4.084074]
[3.6538472]
[3.7909827]
[3.720621]
[3.8880415]
[3.7213123]
[4.06827]
[3.8352702]
[4.094385]
[3.9985282]
[4.0085425]
[3.6882172]
[3.6292074]
[3.6591368]
[3.9810553]
[3.793631]
[3.6505823]
[3.6992633]
[3.7106998]
[3.6086588]
[4.2941284]
[4.0885997]
[4.0278654]
[3.6620042]
[3.8437862]
[3.6177597]
[4.077704]
[3.700828]
[4.0403533]
[3.5354877]
[3.6538348]
[3.6859086]
[3.737721]
[3.5325227]
[4.053879]
[3.9761505]
[3.656535]
[3.6308894]
[3.7546005]
[3.9904776]
[3.6579416]
[3.6311052]
[3.9410522]
[4.1672406]
[3.688613]
[3.9233575]
[4.131105]
[4.232035]
[3.9307382]
[4.0801134]
[3.842365]
[3.7362998]
[4.4452405]
[4.0359883]
[3.670251]
[3.6687496]
[4.237974]
[3.701045]
[3.91188]
[4.0005236]
[3.7745147]
[3.7151048]
[4.163674]
[4.2544603]
[3.7201006]
[3.7154186]
[3.8037455]
[3.6963196]
[4.1876674]
[3.814216]
[4.122563]
[4.0743713]
[3.9625149]
[3.6123595]
[3.776906]
[3.7213407]
[3.86389]
[3.6659703]
[3.7299676]
[3.8007429]
[3.834244]
[4.3056297]
[3.3960173]
[4.0467334]
[3.928436]
[3.6230426]
[4.1298113]
[3.8023367]
[3.6963282]
[3.8473732]
[3.8404334]
[4.086505]
[3.8427622]
[3.8057795]
[4.021011]
[3.8866313]
[3.6945205]
[4.0746794]
[3.8857427]
[3.7428713]
[3.5213273]
[3.9574695]
[3.9429429]
[3.7575195]
[4.056021]
[4.339182]
[4.057903]
[4.186601]
[3.9391222]
[3.8607638]
[3.7754235]
[3.8893971]
[3.7173223]
[3.6607227]
[3.5996802]
[4.348915]
[4.0899386]
[4.0017977]
[4.09451]
[3.8870661]
[3.7858071]
[3.8190777]
[4.2819405]
[3.8654869]
[3.7712424]
[3.90734]
[4.085401]
[3.9826982]
[3.5846314]
[3.8455496]
[3.8256862]
[3.5867643]
[3.6866155]
[3.799872]
[3.724635]
[3.8328266]
[3.977217]
[3.6637278]
[3.8734715]
[3.8131478]
[4.0562816]
[3.6938114]
[3.7548797]
[3.7397776]
[4.1623397]
[3.9589357]
[3.9208]
[3.9973304]
[3.832614]
[3.842588]
[3.67066]
[4.1855264]
[3.657702]
[3.9560177]
[3.6081882]
[3.8631077]
[3.9513364]
[4.168759]
[3.774083]
[3.9020224]
[3.7288723]
[4.275951]
[3.6252837]
[3.8261461]
[3.7382433]
[4.3049574]
[3.8031528]
[3.8390229]
[3.5675192]
[3.751074]
[3.660841]
[3.8836172]
[3.901596]
[3.9006977]
[3.8561394]
[3.8097649]
[3.8310955]
[3.6244054]
[4.2449255]
[3.6991518]
[3.9059694]
[3.7840686]
[3.6884174]
[3.6523926]
[4.1791077]
[3.8434415]
[4.0628386]
[3.8962865]
[3.9565732]
[3.604973]
[3.7406676]
[3.862123]
[4.0206556]
[3.9162421]
[3.770608]
[3.928076]
[4.0106373]
[3.6492891]
[4.4189844]
[3.6407819]
[3.9550767]
[3.7841382]
[3.697363]
[4.281742]
[3.798135]
[4.2181625]
[3.7548792]
[4.2516437]
[3.8718863]
[3.8841307]
[3.78669]
[3.7790554]
[4.0860667]
[3.6831462]
[3.8395522]
[3.8134933]
[3.7463455]
[4.2756963]
[3.6766427]
[3.8222375]
[3.948321]
[3.9813902]
[3.7477958]
[3.8823466]
[3.9582891]
[3.6744301]
[4.444869]
[3.6608074]
[4.116806]
[3.5828164]
[3.6465406]
[3.7512367]
[3.8217773]
[4.0690684]
[4.0979676]
[3.901368]
[3.767996]
[3.9642339]
[3.7946665]
[3.718904]
[3.9469175]
[3.8765168]
[4.2932262]
[4.0408607]
[3.6918108]
[4.111113]
[3.9370685]
[3.7639468]
[4.1727157]
[3.8289268]
[3.634531]
[3.824434]
[4.0717244]
[3.7739553]
[3.8217154]
[3.799745]
[4.171922]
[3.9741018]
[3.8560975]
[3.9035087]
[3.66265]
[3.7368617]
[3.7303567]
[3.9795172]
[3.7269785]
[3.8082252]
[3.7974718]
[3.7639656]
[4.1257687]
[3.9118145]
[4.2438707]
[4.022059]
[3.9797752]
[3.821918]
[3.983611]
[4.02854]
[3.6549292]
[3.8374267]
[3.7151036]
[3.8723648]
[3.9207175]
[3.792611]
[3.8691208]
[3.9755065]
[3.9430516]
[4.115224]
[3.9183543]
[3.7296367]
[3.829136]
[3.6911185]
[3.8155134]
[3.8431263]
[3.9321055]
[4.2606454]
[3.9030988]
[3.6304698]
[3.9165998]
[3.6134489]
[3.7347724]
[4.057787]
[4.203679]
[3.7554388]
[3.8971312]
[4.2416143]
[4.223465]
[3.8400059]
[3.9024472]
[3.7940295]
[3.6931818]
[4.337759]
[3.943386]
[3.7140386]
[3.8852413]
[3.8547735]
[3.8933218]
[3.9311295]
[4.0314236]
[4.1305614]
[4.243153]
[3.8232534]
[3.680824]
[4.2272463]
[3.7379797]
[3.686276]
[3.8483133]
[3.9032912]
[3.6226084]
[4.198715]
[3.7948287]
[3.6673658]
[3.9026659]
[4.0207653]
[3.8388283]
[3.8820148]
[4.0802813]
[3.7142875]
[4.2003427]
[3.860027]
[3.7485306]
[3.686861]
[3.7752833]
[4.1036696]
[3.915167]
[4.003319]
[3.801655]
[4.4369617]
[4.163897]
[3.9469721]
[3.7573595]
[3.6991215]
[4.0088825]
[4.0328193]
[4.1196404]
[3.904016]
[3.7931461]
[4.3472824]
[3.7930064]
[4.163081]
[3.8658617]
[4.261483]
[4.0499105]
[3.8969896]
[3.7234216]
[3.8266902]
[4.094594]
[3.8215308]
[3.636355]
[3.613872]
[4.4099555]
[3.8980842]
[4.1215787]
[3.873588]
[3.983794]
[3.8990026]
[3.8430672]
[3.8599987]
[3.9257143]
[3.7610636]
[4.0590057]
[3.74579]
[3.7975864]
[3.9678392]
[3.9163837]
[4.061409]
[4.3082705]
[3.828134]
[3.7611458]
[3.9973452]
[4.0557685]
[4.1240788]
[4.218253]
[3.7976162]
[3.780713]
[4.2992992]
[3.6895065]
[4.195619]
[3.6236598]
[4.1123147]
[3.939305]
[3.9903724]
[3.6547837]
[4.354666]
[4.225573]
[4.079667]
[3.8202064]
[3.3931563]
[4.0040812]
[4.031424]
[3.6263666]
[3.8639789]
[3.7789834]
[3.9041657]
[4.2309575]
[3.7112415]
[3.981118]
[3.963543]
[3.9697125]
[3.9801717]
[3.685862]
[3.9635246]
[3.6737163]
[4.099289]
[4.025701]
[3.959964]
[4.2492194]
[3.8944411]
[4.39926]
[4.0524926]
[4.255621]
[3.643213]
[4.0639186]
[4.0435386]
[3.9304025]
[3.8232417]
[3.685401]
[3.7497475]
[3.8610601]
[3.8093548]
[3.751817]
[4.130104]
[3.8343174]
[3.8675294]
[3.6817622]
[3.8028061]
[4.2581234]
[4.014018]
[3.8386903]
[3.6828263]
[3.6423113]
[3.957765]
[3.9272861]
[3.8285682]
[4.094582]
[3.832004]
[3.62706]
[4.0100284]
[4.009244]
[3.908941]
[3.7308412]
[4.1665516]
[3.6944215]
[3.8095567]
[3.3904963]
[4.0599017]
[3.612355]
[3.8339846]
[3.9155827]
[3.8955808]
[3.7452238]
[3.9305935]
[3.711967]
[4.2562017]
[3.8346882]
[3.7790613]
[3.9069164]
[4.044715]
[3.6794453]
[3.7776318]
[3.68977]
[3.6820157]
[3.7741919]
[3.7421522]
[3.9218102]
[4.0828857]
[4.0572357]
[3.8111773]
[4.1799197]
[3.823297]
[4.059873]
[3.4928608]
[4.2176256]
[3.9804776]
[4.3456354]
[3.9414017]
[3.6290646]
[3.7397566]
[3.8215296]
[4.32794]
[4.083325]
[4.106676]
[3.8510418]
[3.7079797]
[3.9386263]
[3.795677]
[3.8933783]
[3.8454149]
[3.7063286]
[3.9614878]
[3.9279466]
[3.8285124]
[3.9845912]
[3.8925784]
[3.8691227]
[3.7827258]
[3.7247305]
[3.8376474]
[3.9232087]
[3.8626537]
[4.003647]
[3.99542]
[4.4142795]
[3.7340574]
[3.7370281]
[3.7322965]
[4.0555196]
[3.9427977]
[3.7265396]
[3.7712307]
[4.0169077]
[3.9355845]
[3.9925294]
[3.8228922]
[3.8183546]
[3.6355927]
[3.7930155]
[4.062606]
[3.864531]
[3.7421973]
[3.6822672]
[3.9622486]
[3.8369846]
[4.1498375]
[3.849175]
[4.0110865]
[3.6060126]
[3.7639954]
[3.6900895]
[4.165771]
[3.6400757]
[3.7821565]
[4.2644057]
[3.8738122]
[3.6518173]
[4.2729936]
[3.8498096]
[3.6999028]
[3.6058254]
[4.063918]
[3.9741778]
[4.075062]
[3.886736]
[4.1458898]
[4.1383963]
[4.142229]
[3.9516864]
[4.071706]
[4.057864]
[3.8525562]
[4.1857815]
[3.7780683]
[3.8153481]
[4.1078424]
[4.0858583]
[3.7501163]
[4.370565]
[3.6892595]
[3.6727908]
[3.9042559]
[3.7440479]
[4.05539]
[3.9670544]
[3.982115]
[3.8659167]
[3.759497]
[3.905072]
[3.7910485]
[3.8234186]
[3.9245915]
[3.877573]
[3.8351347]
[4.074255]
[4.122002]
[3.7654188]
[3.9023013]
[4.1822495]
[3.6804812]
[3.7261484]
[4.083172]
[3.6744063]
[3.9787338]
[3.6017396]
[3.554299]
[3.6510153]
[4.2934537]
[3.8576403]
[4.012576]
[4.0027776]
[3.9028893]
[3.764069]
[3.8935416]
[3.8214862]
[4.1306295]
[3.840188]
[3.9943748]
[4.156539]
[3.9343886]
[3.8309188]
[3.8707936]
[3.930623]
[4.226728]
[4.0584335]
[3.8009572]
[3.8959966]
[3.817661]
[3.7675247]
[3.7191627]
[4.3027]
[4.051438]
[4.0353146]
[4.0703855]
[3.8828912]
[4.2078066]
[3.7747853]
[3.830241]
[3.6650884]
[4.1023536]
[3.8347425]
[3.6352181]
[3.8067129]
[3.7058961]
[4.0815296]
[3.8993015]
[3.8524158]
[3.671121]
[3.6105475]
[3.6078303]
[4.2464333]
[3.803568]
[3.9711266]
[4.066757]
[4.082077]
[3.9538212]
[3.8173094]
[3.6215475]
[3.8885758]
[4.2517424]
[3.8471131]
[3.6453698]
[3.795712]
[3.701633]
[4.06185]
[4.0947576]
[3.7686577]
[3.9807143]
[3.9353514]
[4.233064]
[3.71423]
[3.929746]
[3.72001]
[4.0262117]
[4.2026873]
[3.8727727]
[4.0052986]
[3.6955316]
[4.0942965]
[3.9312904]
[4.163834]
[3.842498]
[3.8552303]
[4.061621]
[3.8383653]
[3.6928868]
[4.0192018]
[3.8690424]
[4.020587]
[3.821373]
[4.1069283]
[3.761674]
[3.9036114]
[4.114458]
[4.211898]
[3.6623042]
[3.9558733]
[3.9269826]
[3.8016]
[3.7487864]
[3.8185487]
[4.113657]
[3.6765075]
[3.690915]
[4.087732]
[3.7805126]
[4.132105]
[4.0798817]
[3.695739]
[3.8298597]
[3.7377782]
[3.8222933]
[3.8041656]
[3.530553]
[3.7546031]
[3.9241529]
[3.8663802]
[4.0990644]
[3.9478738]
[4.078387]
[3.7227693]
[3.694426]
[3.8852484]
[3.7526336]
[3.9169345]
[3.9690504]
[4.135378]
[3.6131883]
[3.6904562]
[3.688453]
[3.7155526]
[3.742403]
[4.084644]
[3.9276464]
[3.9584785]
[3.7385976]
[3.4937134]
[3.7840931]
[4.0657434]
[3.5827596]
[4.082275]
[3.8615909]
[3.9160862]
[4.1059566]
[3.731329]
[4.226206]
[3.7142746]
[4.010036]
[4.0008116]
[4.0486035]
[3.8499312]
[3.811327]
[3.7580612]
[3.7280083]
[4.219356]
[3.8069694]
[3.8190126]
[4.090425]
[4.3226]
[3.7559876]
[4.2305036]
[3.8338926]
[4.014919]
[4.138273]
[4.1857443]
[3.6322553]
[3.683743]
[3.8401618]
[4.2403297]
[3.7539058]
[3.781014]
[4.132236]
[3.9383914]
[3.8331103]
[4.057241]
[3.629316]
[4.107045]
[3.8733635]
[3.6879492]
[4.1209517]
[4.208379]
[3.6877506]
[3.913828]
[3.850959]
[3.8150585]
[3.8309948]
[3.9562688]
[4.256654]
[3.7840862]
[3.7427523]
[3.7498875]
[4.209788]
[3.7797794]
[3.6687634]
[3.9490063]
[4.036238]
[4.0770016]
[3.7641978]
[3.57831]
[3.691021]
[3.7400756]
[4.1040497]
[3.7331576]
[3.737622]
[3.8350565]
[4.0373635]
[3.9580278]
[4.001969]
[4.0038333]
[4.210457]
[3.7772405]
[3.91089]
[4.2576556]
[3.7119663]
[3.7623882]
[4.0870085]
[4.0069275]
[4.084682]
[3.93222]
[3.8768325]
[4.160207]
[3.6076612]
[4.1828017]
[3.6563687]
[4.132603]
[3.8461149]
[4.086367]
[3.627208]
[3.8932106]
[3.5775967]
[3.7442183]
[3.7906451]
[3.8144987]
[3.700201]
[4.078066]
[3.9773026]
[4.226595]
[4.0812726]
[4.014175]
[3.7551017]
[4.0224805]
[4.241232]
[3.755649]
[3.935299]
[3.8893898]
[4.0501904]
[3.7556844]
[3.9712722]
[4.1793466]
[4.20884]
[3.927096]
[3.9346516]
[3.7703617]
[3.818796]
[4.0070014]
[3.8049679]
[3.953341]
[3.8523142]
[3.6161342]
[3.665514]
[4.223761]
[3.8720636]
[3.7437382]
[3.8559124]
[3.6000407]
[3.9006164]
[3.713347]
[4.0000935]
[3.8247762]
[3.741169]
[3.7831352]
[3.9003155]
[3.641799]
[3.7266378]
[4.1203656]
[3.8182607]
[3.8478084]
[4.2557344]
[3.8024457]
[4.0981297]
[3.9533067]
[3.9208205]
[3.6414573]
[4.2369113]
[4.0164657]
[4.0798683]
[4.12796]
[4.2425933]
[4.0652504]
[3.7082193]
[3.9688284]
[3.6664693]
[3.7562118]
[3.7770376]
[4.056944]
[3.734625]
[4.025811]
[3.915803]
[3.805776]
[3.8027508]
[4.139741]
[3.7829723]
[4.0351095]
[3.8629618]
[4.0498943]
[3.8803792]
[4.1099744]
[3.5962484]
[3.8300855]
[4.017858]
[4.0565505]
[4.252455]
[3.735907]
[3.9319263]
[3.729312]
[3.5576887]
[3.610448]
[3.7389603]
[3.6303432]
[4.023546]
[3.835485]
[3.5208862]
[3.9699898]
[3.6240294]
[3.7028522]
[3.8611226]
[3.6278594]
[4.1194606]
[4.1097784]
[4.113394]
[3.7816486]
[4.084688]
[3.8292994]
[3.8845277]
[4.2969356]
[3.692114]
[3.6829526]
[3.6067348]
[3.7736104]
[4.0683713]
[4.2345476]
[4.1243515]
[3.7933195]
[3.627844]
[3.8022416]
[3.6878548]
[3.7985854]
[4.0127916]
[3.784908]
[4.044119]
[3.8418882]
[3.869392]
[4.014063]
[3.8749845]
[3.6795385]
[4.24612]
[3.9659843]
[3.893876]
[3.781899]
[3.9498863]
[4.1049094]
[3.8870423]
[4.1647267]
[4.0853343]
[3.8394287]
[3.8256145]
[3.7372613]
[3.8557072]
[4.0026484]
[3.6075106]
[3.9598927]
[4.150334]
[3.8860798]
[3.74966]
[3.6668086]
[3.8713732]
[4.083909]
[3.9566853]
[3.7517247]
[3.977189]
[3.6750696]
[3.8511848]
[4.00285]
[3.787808]
[3.9101965]
[3.6987848]
[3.7041779]
[3.6532462]
[4.02964]
[3.855979]
[3.9916985]
[4.048757]
[3.8330784]
[3.9164605]
[3.7659516]
[4.1856503]
[3.800445]
[4.1797366]
[4.080615]
[3.9345753]
[3.8404808]
[3.5837104]
[3.636348]
[3.8971295]
[3.720415]
[3.7309408]
[4.254722]
[3.744148]
[3.8381028]
[3.5331066]
[4.075625]
[4.161129]
[4.1512637]
[3.6608615]
[3.8149507]
[4.0603275]
[4.004888]
[4.0318146]
[3.9058948]
[4.082165]
[4.176184]
[3.5757306]
[3.7483685]
[3.6349478]
[4.098178]
[3.9053106]
[3.66414]
[3.819652]
[3.7412376]
[3.6051419]
[3.6131237]
[4.0158563]
[3.5258973]
[4.1641893]
[4.047183]
[3.9544442]
[3.8465388]
[3.6098728]
[3.6849587]
[3.97518]
[3.917764]
[4.1158004]
[3.8672857]
[3.7258573]
[3.597233]
[4.0406213]
[4.0447125]
[3.9685297]
[3.8735704]
[3.4953642]
[3.7789874]
[3.9746614]
[3.8212361]
[4.2537937]
[3.992927]
[4.2398024]
[4.1127796]
[3.7391171]
[3.8170013]
[3.6250963]
[3.957068]
[3.5270507]
[3.827327]
[3.7552433]
[3.6945193]
[3.8932996]
[3.5883605]
[4.0707426]
[4.165456]
[3.8734567]
[4.098104]
[3.9584632]
[3.7232196]
[4.284026]
[3.861679]
[4.061644]
[3.6651354]
[3.9339616]
[4.0114765]
[4.0080314]
[4.1574717]
[3.728029]
[3.7294579]
[4.3791375]
[3.7175257]
[3.8513057]
[4.2651367]
[3.7368312]
[3.8515463]
[4.4213185]
[3.8931544]
[3.947253]
[4.223044]
[3.8612783]
[3.9737527]
[3.7747195]
[3.7548265]
[3.872701]
[3.817721]
[4.3037353]
[3.9424198]
[4.0014386]
[3.8458767]
[4.1705317]
[4.0955505]
[3.9520266]
[3.7639668]
[3.8757727]
[4.1214767]
[3.8381286]
[3.5804842]
[4.098422]
[4.142746]
[3.7836077]
[4.0492663]
[4.064547]
[4.148322]
[4.1028905]
[3.7818618]
[3.6397727]
[3.90574]
[3.73935]
[3.7795465]
[4.205853]
[3.8145308]
[3.6033967]
[3.79376]
[3.7230704]
[3.8377154]
[3.904887]
[4.0955715]
[3.616537]
[3.8259585]
[3.7778206]
[4.1581054]
[4.016211]
[3.727611]
[3.888527]
[4.025596]
[3.7471385]
[3.6365476]
[4.104975]
[3.8194056]
[3.9585721]
[4.153795]
[3.8535273]
[3.7722633]
[3.8294575]
[3.881456]
[3.952782]
[4.1024017]
[3.7041137]
[3.9400725]
[4.251573]
[3.860061]
[3.6058433]
[3.868174]
[3.7587574]
[3.78771]
[3.7882433]
[3.682621]
[3.8248484]
[4.0147524]
[3.9530048]
[4.0820417]
[3.7602603]
[3.572818]
[4.031574]
[4.038652]
[3.783521]
[3.7282825]
[3.7158291]
[3.7541327]
[3.7455504]
[4.0949745]
[3.7774334]
[3.8988664]
[4.3774257]
[3.7876165]
[3.855516]
[3.7574508]
[3.8397284]
[3.8370528]
[4.129162]
[3.8979425]
[3.842396]
[3.893892]
[3.9268157]
[3.6941736]
[3.7814143]
[3.841676]
[4.145559]
[3.8116379]
[3.9150677]
[3.6285448]
[3.7784777]
[4.073444]
[3.753001]
[3.6161306]
[3.9262667]
[4.2230268]
[3.8727517]
[4.1086016]
[4.010067]
[3.8251717]
[4.0019164]
[3.8366308]
[3.9925487]
[3.6823041]
[3.8052344]
[3.6902483]
[3.522236]
[4.016062]
[3.6918542]
[3.9102566]
[4.181694]
[3.878933]
[3.7448175]
[3.7879035]
[4.027759]
[3.7943974]
[3.9843788]
[3.9475012]
[3.6709404]
[3.8293614]
[3.7507286]
[3.8425713]
[3.8299158]
[4.0778913]
[3.762322]
[3.8320127]
[3.8450608]
[3.9994283]
[4.0623517]
[3.9957783]
[3.7716622]
[3.8552725]
[4.201373]
[3.632379]
[4.2118545]
[3.6803732]
[3.6741235]
[4.0104]
[4.013054]
[3.6326418]
[4.1276755]
[4.1497397]
[3.7194676]
[3.6656911]
[3.9614878]
[4.2075443]
[3.67156]
[3.801617]
[3.7809792]
[3.8178332]
[3.8912797]
[3.8165202]
[3.790156]
[4.2082424]
[4.196253]
[3.6487565]
[3.9057791]
[3.689218]
[3.962835]
[4.197382]
[3.7271006]
[3.8620162]
[3.7344162]
[4.158781]
[3.7830458]
[3.7361271]
[4.146668]
[3.9729576]
[3.764154]
[3.7507439]
[3.89789]
[4.012923]
[4.0129476]
[3.753389]
[3.7642934]
[4.075259]
[4.1140547]
[3.9694815]
[4.029481]
[4.0934925]
[4.208602]
[3.783496]
[3.7806509]
[3.77426]
[3.6268797]
[3.8784447]
[3.6430447]
[3.830889]
[3.772745]
[3.9173138]
[3.768158]
[4.0659595]
[3.8416972]
[4.330249]
[4.1234307]
[4.4831095]
[3.881268]
[4.159636]
[3.8036702]
[4.098033]
[3.6536295]
[4.166935]
[3.68458]
[3.795642]
[3.7615075]
[3.8462985]
[4.204807]
[3.6497772]
[3.9950159]
[3.8810005]
[3.6448433]
[3.873358]
[3.8948145]
[3.933539]
[3.7068284]
[3.9085588]
[4.0584335]
[4.005886]
[3.926971]
[4.2339096]
[3.8193629]
[4.0329947]
[3.897365]
[4.164665]
[3.679524]
[3.6099153]
[3.7989035]
[3.9138029]
[3.59383]
[4.2216315]
[3.6392999]
[3.676356]
[3.819479]
[4.0625644]
[3.6474805]
[3.9074507]
[4.077623]
[4.1616907]
[3.8874063]
[3.747449]
[3.6369534]
[3.7400777]
[3.6551406]
[3.8370466]
[4.0366964]
[3.845617]
[3.8703356]
[3.6737046]
[3.7349865]
[4.10868]
[3.862023]
[3.9878163]
[4.1717024]
[3.7702475]
[3.712456]
[4.000436]
[3.9965217]
[3.8115108]
[3.7774296]
[4.063734]
[4.186985]
[3.8181446]
[3.8252442]
[3.6980386]
[4.061461]
[3.810702]
[3.6730633]
[3.8492599]
[3.8590004]
[3.9867568]
[3.8631284]
[4.2924824]
[4.47796]
[3.8595738]
[3.708272]
[4.2755632]
[3.7800539]
[3.7653441]
[3.6695132]
[3.814877]
[3.9978216]
[4.2031636]
[3.6864445]
[4.248362]
[4.0036945]
[3.825132]
[4.3000264]
[3.7109432]
[4.250514]
[3.6484509]
[4.0019135]
[3.7398086]
[4.163833]
[3.6063633]
[4.0123024]
[3.8413877]
[4.0754313]
[3.759221]
[3.6707444]
[4.100725]
[3.70571]
[3.7647963]
[3.7790062]
[3.3891227]
[3.829651]
[3.7255085]
[3.73307]
[4.139454]
[3.7316906]
[4.092159]
[4.009421]
[3.9364254]
[3.7123837]
[4.110911]
[3.691041]
[3.6774514]
[3.9638636]
[3.868149]
[4.105872]
[3.700392]
[3.6040955]
[4.182724]
[3.7924657]
[3.8241687]
[4.145596]
[3.789175]
[4.0270033]
[3.836737]
[3.7209044]
[3.8458638]
[3.8193343]
[3.8015387]
[3.8455884]
[3.749241]
[3.8461778]
[3.81313]
[3.770553]
[3.6069038]
[3.9914927]
[3.8717513]
[3.583015]
[3.9077811]
[3.7958007]
[3.9098153]
[3.7928045]
[4.0391393]
[3.8664162]
[3.8262134]
[4.1481156]
[3.8081703]
[3.8084164]
[4.035688]
[4.161057]
[4.0064793]
[3.9749522]
[3.7122183]
[4.2054515]
[3.666013]
[3.7678044]
[3.699119]
[3.8614676]
[3.634375]
[4.2402115]
[3.8912034]
[3.9444315]
[3.7981339]
[4.1167746]
[4.002548]
[3.8346968]
[4.2554655]
[3.6026454]
[3.8420153]
[3.8974285]
[4.113678]
[3.8260083]
[4.274067]
[3.8371248]
[3.7763066]
[3.6405525]
[4.1460752]
[3.643014]
[3.672612]
[3.9289956]
[3.8780186]
[3.740067]
[4.0027375]
[3.8944225]
[4.1561522]
[3.7291145]
[3.8127875]
[4.3259406]
[4.177111]
[4.1181664]
[3.845725]
[3.8194933]
[3.9367986]
[4.0013146]
[3.7787192]
[3.8267958]
[3.9161892]
[3.859748]
[4.0719085]
[3.8809834]
[3.8890688]
[3.866772]
[4.0092416]
[3.9857666]
[3.8388743]
[3.7368116]
[3.6884716]
[4.2465215]
[3.864465]
[4.033119]
[3.8557692]
[3.8573353]
[4.1190534]
[3.9809515]
[3.745462]
[4.0006733]
[4.011078]
[3.6560872]
[3.9586935]
[3.687649]
[4.102946]
[4.0262675]
[3.9677045]
[3.883432]
[3.733677]
[4.068823]
[3.9874728]
[3.941221]
[3.9527762]
[3.895545]
[3.7555733]
[3.574399]
[4.4662323]
[3.665333]
[4.145682]
[3.7990406]
[3.675588]
[3.7576025]
[3.814479]
[3.8049202]
[4.2538657]
[4.0865536]
[3.8989956]
[4.051956]
[4.074859]
[4.0160995]
[3.8460853]
[3.7442877]
[3.5351913]
[4.1573315]
[4.0098767]
[4.1957254]
[3.794457]
[3.7856781]
[3.9136362]
[4.0921545]
[3.7139802]
[4.12783]
[3.859045]
[3.7524066]
[3.6636343]
[3.998043]
[3.9305725]
[3.9096372]
[3.773541]
[3.7519321]
[4.1030927]
[3.8242507]
[3.6521215]
[3.813847]
[3.8766916]
[3.8168921]
[4.3296485]
[4.179709]
[3.8058038]
[4.0030327]
[4.052868]
[3.979816]
[4.3541813]
[3.7171257]
[3.637539]
[3.5956957]
[3.7163815]
[3.9067917]
[3.9265192]
[3.816101]
[3.69295]
[3.8382084]
[3.8233452]
[4.0920625]
[4.122227]
[3.9517713]
[4.166954]
[3.8179076]
[3.755762]
[3.864783]
[3.6652834]
[3.7398534]
[3.7671568]
[3.7959797]
[4.058648]
[3.978738]
[3.719949]
[3.6478055]
[3.6576116]
[3.6623645]
[3.8420026]
[3.828523]
[3.8530848]
[3.6351404]
[3.8136733]
[3.5172985]
[3.847468]
[4.3280673]
[3.9696126]
[3.9578745]
[4.024689]
[3.8525472]
[4.1753316]
[4.061411]
[3.5980766]
[3.4972575]
[3.8227885]
[4.0859866]
[3.699235]
[3.5979428]
[3.9115791]
[3.7383423]
[3.9198287]
[4.1966424]
[3.9979644]
[3.9120314]
[3.849036]
[4.2002587]
[4.278625]
[4.0228524]
[4.229421]
[3.8631022]
[3.843369]
[4.013141]
[3.9631982]
[3.8992584]
[4.070906]
[3.6702774]
[3.8009956]
[3.7385864]
[3.7265813]
[3.9143908]
[3.950232]
[3.934898]
[3.7700114]
[3.9110518]
[4.1410584]
[3.9119153]
[3.9793012]
[3.5254986]
[3.6328223]
[3.7931826]
[4.003712]
[3.7336829]
[3.811533]
[3.676673]
[3.6913831]
[4.02159]
[3.846639]
[3.9778576]
[4.1067605]
[3.8741355]
[4.412869]
[3.6170325]
[3.9610288]
[4.0586076]
[3.6465993]
[3.8563182]
[3.8390718]
[4.1555815]
[4.078269]
[3.83051]
[3.7848394]
[3.5218194]
[4.039232]
[3.7667592]
[3.7348006]
[3.842524]
[3.7291152]
[3.7828903]
[3.646888]
[4.099396]
[3.6620317]
[3.8838797]
[3.8002942]
[3.7067833]
[3.8585844]
[3.9294949]
[4.034598]
[4.2774377]
[4.0888834]
[3.8489323]
[3.968873]
[3.9065416]
[3.6679173]
[4.2364697]
[3.9333425]
[3.89734]
[4.0401287]
[3.8480642]
[3.70931]
[3.8293228]
[4.042218]
[3.977983]
[3.9599066]
[4.2336893]
[4.235573]
[4.2058434]
[4.072337]
[4.0182405]
[3.8263469]
[3.7593303]
[4.106122]
[3.8627465]
[3.6746101]
[4.005668]
[3.9177198]
[3.7607553]
[4.063953]
[4.0333233]
[3.8119962]
[3.8352203]
[3.9175916]
[4.13618]
[3.6222343]
[3.7479382]
[3.8367767]
[3.627149]
[3.8467927]
[4.0344033]
[4.000742]
[4.144689]
[3.6872404]
[3.691443]
[3.8161695]
[3.7643607]
[3.7718987]
[3.9872596]
[4.2465863]
[3.8237908]
[3.7061234]
[3.8414624]
[3.7367558]
[4.083643]
[3.729341]
[4.2631965]
[3.7308779]
[3.7948234]
[3.7155597]
[4.1570463]
[4.0742474]
[4.1751947]
[4.260208]
[3.7680674]
[3.9112332]
[4.0130687]
[3.959011]
[4.1091294]
[3.934522]
[4.0421205]
[4.0619426]
[4.0735626]
[3.769378]
[4.052553]
[3.9796157]
[3.9323387]
[4.0974936]
[3.8626409]
[3.8882132]
[3.7646658]
[3.7300992]
[3.7142484]
[3.8780532]
[3.811513]
[3.7488122]
[3.9998786]
[4.037277]
[3.9025805]
[3.6307335]
[3.8228602]
[3.7949991]
[3.91903]
[4.1984735]
[4.05089]
[3.6878047]
[3.6714768]
[3.868425]
[4.409609]
[3.9278224]
[4.040297]
[3.8768826]
[3.6341896]
[4.0109057]
[3.8051658]
[3.729596]
[3.6618595]
[3.840975]
[4.247127]
[3.8588407]
[4.022057]
[3.743328]
[3.6864128]
[3.8346639]
[4.12123]
[4.1011133]
[3.665242]
[3.9234207]
[4.143854]
[3.9712205]
[3.8520784]
[3.7376642]
[3.8439589]
[3.8312984]
[4.1375628]
[4.0052075]
[3.8352444]
[3.7558827]
[3.8254128]
[3.9900663]
[4.002819]
[4.1998734]
[4.1693244]
[4.030904]
[3.6843426]
[3.9242744]
[4.1883554]
[3.7041316]
[4.2362504]
[3.7907708]
[3.8120198]
[3.929835]
[3.7013464]
[4.061362]
[3.8058705]
[3.6629925]
[3.8457754]
[3.7189188]
[3.7663827]
[3.8018076]
[3.805765]
[4.2022643]
[3.7025535]
[3.773934]
[3.5161026]
[4.068791]
[3.9377947]
[3.5112572]
[4.272551]
[3.820889]
[3.8478038]
[3.815588]
[3.8421893]
[3.8983455]
[4.0892973]
[3.8829308]
[3.8117738]
[4.293357]
[4.1987386]
[3.8273659]
[4.1686506]
[3.7024412]
[4.00977]
[3.7023344]
[4.304359]
[3.818351]
[3.8881693]
[3.9198315]
[3.7264917]
[3.9781125]
[4.268369]
[4.0517693]
[3.7070458]
[3.6945248]
[3.793889]
[3.6511762]
[4.015879]
[4.2760925]
[4.3568144]
[4.011253]
[3.9089203]
[3.6673207]
[3.9138818]
[4.0930114]
[4.2539673]
[3.8193774]
[3.7298405]
[3.7988238]
[3.6742709]
[3.9909956]
[3.7364216]
[4.0712566]
[3.9840093]
[3.8843954]
[3.7026224]
[3.8510573]
[4.0878663]
[3.836925]
[3.8465052]
[4.2056684]
[3.9262695]
[4.3328214]
[4.196552]
[4.1058803]
[3.8335056]
[3.9207036]
[3.9491823]
[3.844186]
[3.7286797]
[3.6306283]
[3.6034908]
[3.84431]
[3.811985]
[4.011343]
[3.7878869]
[3.8861847]
[3.8716822]
[3.8037553]
[3.8433259]
[3.9595888]
[3.8162687]
[3.5108242]
[4.2815304]
[4.2014174]
[3.598423]
[4.2709136]
[3.8426213]
[3.694027]
[4.0317636]
[3.7052193]
[4.001812]
[3.9578993]
[3.882184]
[3.766531]
[3.7529097]
[3.7486267]
[3.8617609]
[3.3876967]
[3.903194]
[3.8157523]
[4.0754695]
[4.0594664]
[3.9594593]
[3.6264794]
[3.5862129]
[3.8790445]
[3.9937787]
[3.8727474]
[3.7045941]
[4.038191]
[3.6699142]
[4.3724933]
[3.6995258]
[3.6616588]
[4.1613517]
[4.268404]
[3.5287113]
[4.227368]
[3.9070141]
[3.9139476]
[3.5950346]
[3.7209466]
[4.021846]
[3.8458166]
[3.719507]
[3.980576]
[3.6998453]
[3.957129]
[3.9247632]
[3.8352017]
[4.405476]
[3.743299]
[3.7287908]
[3.7646203]
[4.0109043]
[4.3035197]
[3.869151]
[3.9592745]
[3.7427218]
[3.8207326]
[4.14853]
[4.2901897]
[3.9037385]
[3.9894452]
[3.8180008]
[3.7516015]
[3.8263385]
[3.6816041]
[3.765642]
[3.8354132]
[3.956861]
[3.9321482]
[4.222545]
[3.9541955]
[3.954218]
[3.8645294]
[4.194875]
[3.6644952]
[3.6557906]
[3.569598]
[3.9819288]
[3.8198047]
[4.09139]
[3.88697]
[4.2005935]
[3.59474]
[3.7936733]
[3.995391]
[3.7330956]
[4.2975006]
[3.7911932]
[4.0996833]
[3.9798656]
[4.148859]
[3.9889536]
[3.8638573]
[3.873441]
[3.7264798]
[4.2188206]
[3.79595]
[3.878662]
[3.616146]
[3.7821906]
[3.6756854]
[3.6348453]
[4.0830154]
[3.9092824]
[3.700851]
[4.03864]
[3.7634015]
[3.7576265]
[4.093861]
[3.9577217]
[3.991752]
[4.135733]
[3.7260275]
[3.7307267]
[3.8853877]
[3.8004494]
[3.8882313]
[3.7234845]
[3.8116195]
[3.774917]
[3.5916207]
[3.8109157]
[3.7508073]
[4.149594]
[3.8773818]
[4.0792575]
[3.9125698]
[4.035424]
[3.7178116]
[3.7476566]
[4.1876473]
[3.72522]
[3.6803656]
[3.640789]
[4.288753]
[3.824911]
[4.0643926]
[4.1840286]
[3.920041]
[4.2087398]
[3.7429745]
[3.8640995]
[3.8145869]
[3.7000303]
[3.5998132]
[3.7455552]
[3.886218]
[3.7089863]
[3.6993864]
[3.9235272]
[3.817354]
[4.1455793]
[3.8798964]
[3.645243]
[3.788803]
[3.8008466]
[4.0626965]
[3.711423]
[3.932459]
[3.8288126]
[3.8087146]
[3.8289766]
[3.8431528]
[3.8241014]
[3.6683588]
[3.7693615]
[3.8245006]
[4.020653]
[3.9520874]
[4.120213]
[3.843702]
[3.7384338]
[3.7508557]
[3.882586]
[4.197317]
[3.6863828]
[3.7691824]
[3.835681]
[3.810868]
[3.7651975]
[3.8131862]
[3.8231707]
[4.0887694]
[3.9855483]
[3.7279334]
[3.8775907]
[3.6614735]
[4.219681]
[4.1546283]
[4.19261]
[3.805717]
[4.0608296]
[3.9599516]
[4.22849]
[4.127128]
[4.376668]
[4.040035]
[3.8986955]
[4.063357]
[3.661193]
[3.7796113]
[4.2469034]
[4.073662]
[3.9208884]
[3.9571435]
[3.8777418]
[4.1126423]
[3.7406113]
[3.8614614]
[3.8342922]
[3.9900851]
[3.6584]
[4.239686]
[4.0659385]
[3.9218636]
[3.6555]
[3.9240425]
[3.7854943]
[3.6970217]
[3.953547]
[3.9519684]
[3.754095]
[3.638259]
[4.0777645]
[3.6838849]
[3.839922]
[3.6786466]
[4.0415883]
[3.728739]
[3.8364358]
[4.0841537]
[4.1990657]
[4.0006895]
[3.9705129]
[3.7934935]
[3.8561375]
[3.8745356]
[4.134784]
[3.6364083]
[4.063887]
[3.8201017]
[3.8407776]
[3.860242]
[3.5625424]
[4.103535]
[3.9558923]
[3.8839514]
[3.6872115]
[3.8333063]
[3.9050756]
[3.91114]
[3.900692]
[3.6372058]
[3.8867054]
[4.0296]
[4.204116]
[4.1006064]
[3.724744]
[3.9194272]
[3.8238711]
[3.9010744]
[3.8753896]
[3.756195]
[3.914572]
[3.8675308]
[3.7944038]
[3.8683472]
[4.259081]
[3.8378036]
[3.7465243]
[3.7302997]
[3.9089663]
[4.0684075]
[4.1367555]
[4.268915]
[3.7849085]
[4.057804]
[3.862321]
[3.6931958]
[3.9876764]
[3.7599382]
[4.108639]
[4.276165]
[3.924131]
[3.587799]
[3.6089945]
[3.8898563]
[3.9800413]
[3.8698668]
[3.8454704]
[3.8391955]
[4.2594953]
[4.0384583]
[4.049197]
[4.3773646]
[3.8063982]
[3.6938617]
[3.8044453]
[4.2413454]
[4.250554]
[4.0715566]
[3.5249474]
[3.7242188]
[4.1378965]
[3.6207855]
[3.7491713]
[3.8462214]
[4.403334]
[3.77199]
[4.1063557]
[4.3033075]
[3.8301497]
[4.0430465]
[3.5134676]
[3.829449]
[3.835241]
[3.887363]
[3.7098846]
[3.902331]
[3.918995]
[4.0162115]
[3.953027]
[3.6835926]
[4.0368185]
[3.8477113]
[3.836118]
[3.6517787]
[3.9499416]
[4.1363]
[4.0336275]
[3.5208876]
[4.014639]
[3.7039642]
[4.183065]
[4.178497]
[3.838752]
[3.7408729]
[4.27202]
[3.7661207]
[3.7500143]
[3.768535]
[3.8329446]
[4.0864296]
[3.6838531]
[3.8040028]
[4.1968594]
[3.5837796]
[4.083784]
[3.757309]
[3.8641]
[4.138844]
[3.8239565]
[3.6410635]
[3.7088726]
[3.8122158]
[3.8627102]
[3.9023046]
[3.9640577]
[4.1928983]
[3.89919]
[3.935593]
[3.9041705]
[4.048224]
[3.8288124]
[3.835165]
[3.8800735]
[3.8440566]
[3.7366354]
[3.9514897]
[3.8703434]
[3.763874]
[3.6633453]
[3.768007]
[3.8595443]
[3.696202]
[4.404771]
