madagascar 0.381141 0.042648 0.319966 0.254817 0.181058 -0.627861 0.389050 -0.351687 0.197116 0.010199 0.485779 0.548879 0.236915 -0.293299 -0.263163 -0.165539 0.158985 0.499465 0.016701 0.133867 -0.099725 0.128611 -0.634188 0.426998 0.143953
short -0.129934 -0.266913 0.464267 0.406845 -0.395340 0.018671 -0.214626 0.299480 0.658062 -0.393703 -0.247364 -0.018180 0.014791 -0.662137 -0.067414 -0.216097 -0.878520 0.531000 -0.031244 -0.038566 0.316820 -0.138018 0.605263 -0.438713 0.383426
decreased -0.457749 -0.414864 -0.264144 -0.844961 -0.639935 0.343404 -0.399295 0.227131 0.139723 0.097137 -0.335828 -0.557745 0.453682 -0.670097 0.303845 -0.180375 0.189347 0.572705 0.233347 -0.311150 -0.300491 -0.346725 -0.219019 -0.131838 0.282434
belarus -0.264153 -0.373312 0.304702 0.143864 -0.624395 -0.100066 -0.089682 0.186773 0.081484 0.170451 -0.226608 0.329208 0.319965 -0.175216 0.258866 0.260826 -0.005658 0.173544 -0.424267 0.241688 -0.509321 -0.660786 -0.425791 0.129999 0.204127
tajikistan -0.102005 -0.129748 0.041002 0.457047 -0.066079 -0.535212 -0.465042 -0.204189 0.194552 0.520831 0.006177 0.498745 0.450814 -0.058585 -0.343924 0.129398 0.406732 0.267731 -0.601228 0.820565 -0.565349 -0.178657 -0.489183 -0.273870 -0.123227
antananarivo 0.230354 0.056253 -0.193695 0.057773 -0.019443 0.088344 -0.236293 -0.138883 -0.465461 -0.198467 0.503690 0.232440 -0.550708 -0.188347 -0.231019 0.523100 0.190838 -0.427809 0.141900 0.502361 0.261899 -0.929998 0.072307 -0.045569 -0.170894
chile -0.056916 -0.558074 0.295784 0.141298 -0.424533 -0.206774 0.410103 0.296141 0.053951 -0.226073 -0.115247 0.331818 0.023910 -0.032893 0.246138 -0.109905 -0.351391 0.032263 -0.188094 -0.241609 -0.164906 -0.271343 -0.539644 0.442069 0.154063
high 0.575641 0.262569 0.534327 0.165013 0.309443 -0.513493 -0.048602 -0.635799 -0.134217 0.067360 0.052547 0.035417 -0.301671 -0.211820 -0.331057 -0.118023 -0.405708 0.014105 0.119779 0.396352 0.374382 1.087179 -0.627128 -0.103340 0.287062
paying -0.114687 0.378943 0.065926 -0.433010 -0.231447 0.703480 -0.048886 0.582097 0.302494 0.431447 -0.079558 0.101148 -0.123495 0.200755 -0.063654 0.064219 -0.137290 0.045568 0.848298 -0.254779 -0.356615 -0.114114 -0.002257 0.275358 -0.258408
coolest 0.604996 0.457413 -0.437543 -0.283312 -0.357509 0.043904 0.555749 -0.125786 0.285855 -0.616367 -0.092596 -0.037702 0.746024 0.139841 0.166874 -0.369569 -0.149612 -0.087324 -0.283542 -0.249105 -0.520704 -0.012846 0.083581 0.039775 -0.601392
safe -0.035181 -0.014071 0.332606 -0.234235 -0.175262 -0.233466 -0.429587 0.155082 -0.308919 -0.198445 -0.627599 -0.391006 0.288303 -0.073253 -0.638787 -0.388493 0.107824 -0.320689 -0.100029 0.322251 -0.297381 0.475907 -0.469183 0.135353 -0.450762
santiago 0.574839 0.356358 -0.447713 0.603856 0.558606 -0.717704 -0.104563 -0.582653 -0.267129 0.199264 0.541565 -0.191712 -0.051564 -0.612119 -0.725065 -0.085179 0.595829 0.084305 0.217473 0.671043 0.248654 0.082822 -0.419330 -0.251726 0.234597
cool 0.113105 0.330846 0.580952 -0.213617 -0.152995 0.142150 -0.066906 -0.113425 0.397135 -0.618267 0.649693 0.405263 0.237670 -0.570530 0.117956 -0.011365 -0.508553 0.395925 0.380134 -0.214482 0.325132 -0.130644 0.773426 -0.528332 -0.374927
paid -0.480635 -0.618472 0.134846 -0.759317 -0.368323 0.398676 -0.671693 -0.099919 -0.447259 -0.205273 -0.129414 -0.066849 -0.165833 -0.086682 0.346600 0.193222 -0.267872 -0.164130 0.010491 -0.108501 0.047653 -0.100109 -0.021709 -0.473884 -0.311610
decreasing -0.164919 0.718748 -0.133928 -0.058968 0.359190 0.080600 -0.643140 -0.044674 0.284162 0.965411 0.181684 0.008115 0.637426 -0.016227 -0.534770 -0.348346 0.494968 0.500107 0.598196 0.400930 -0.337071 0.310789 0.183037 -0.358797 -0.364278
minsk -0.189364 -0.339450 -0.137514 -0.033753 -0.453593 0.180885 -0.675400 0.460129 -0.588034 -0.246199 -0.247507 -0.271561 -0.294271 -0.066353 -0.306412 0.179626 0.017268 -0.904107 0.047985 0.562685 -0.152680 -1.182831 0.159327 -0.109189 -0.388327
safer -0.305391 -0.274173 0.091953 0.713320 0.355014 -0.211857 0.463232 -0.125666 0.482402 -0.247798 0.017304 -0.105002 -0.370606 0.090739 0.049884 -0.382124 -0.311322 0.266559 -0.067593 -0.292310 0.364272 0.277303 0.150136 0.077645 0.603959
higher -0.283789 -0.238544 -0.107620 0.472334 0.364532 -0.104385 0.102916 -0.479293 0.212609 -0.043616 0.128203 0.116649 -0.565221 0.328398 0.302272 -0.060531 -0.393766 -0.180056 -0.411035 0.179538 0.207889 0.179373 0.298466 -0.373239 0.290612
shortest 0.629167 0.537363 -0.603848 0.224465 -0.023555 -0.083930 0.424112 -0.470206 0.390526 -0.341281 0.121819 0.301373 0.365855 0.146812 0.266338 -0.201648 -0.323507 0.309746 -0.583174 0.200273 -0.177428 0.219545 0.120536 -0.197519 -0.039370
dushanbe 0.428920 0.156060 -0.451628 0.366383 0.174338 -0.368668 0.095427 -0.405775 -0.193291 0.137802 0.379069 0.154025 -0.507572 -0.204795 -0.272130 0.223745 0.425615 -0.175119 0.045130 0.700915 0.006268 -0.433719 -0.413019 -0.012895 0.258140
