9.348969364774577
8.384802864055898
10.682261840293691
6.023413452263878
8.045297479497446
8.981799080656824
9.52368101480542
6.483312939877603
10.989056967461886
7.755486216017023
9.73974351638701
8.043297579226051
10.202809189503986
12.508653513462747
10.095517790327824
8.515558447895636
8.997506611477421
6.148225045481848
9.221458191166166
10.834315588146705
9.46459249426567
6.706844718973776
9.237809278530712
6.662085853653373
9.72314020064458
7.878913631909088
7.758007295103596
7.9902019302049965
11.341499013459275
9.827601550780411
6.695323209382124
6.5937869104512785
8.206393954600824
6.27398541872163
6.183988917105154
8.106600504244192
11.141463640894468
10.432395868581613
7.083392841765235
10.738045252480655
8.565680653533802
8.318223458317993
8.48410307767885
8.208332442158065
7.3406450118711
10.35186573488467
7.806550629394617
6.4849616717980645
9.657392382858248
12.977721537287044
7.846248448098703
5.678836380737022
6.473596945161493
8.22547033379101
6.124678137387229
6.034956990867886
8.694613942408038
11.098969394902273
9.367597070625395
8.642745217642387
8.432431340228273
6.663714332947321
11.646386618214214
9.235955020484738
8.117863922045668
8.980012104247855
10.32706462951911
6.671304938666242
9.173078529421126
9.69354667711364
5.888947483559503
7.01981064776443
9.010953520346511
7.6312145810989875
5.519400075413679
6.124464757170236
5.423417868442651
8.19157578700315
9.148581546446863
7.00088866626845
9.189231340058642
8.888823115098102
6.390418238044009
8.156143684786032
7.829981060985071
7.535322687172522
7.60823137251591
11.454309495360853
4.756759562329354
8.732418272071115
10.837186113310137
7.062077521813705
6.6501346197881155
9.617699976297155
8.337683863545402
9.85452003607147
7.826680611556363
8.117307479709881
8.489945531751312
6.53786985157449
