move -0.049251 -0.538363 -0.346307 0.026285 0.314411 0.149415 0.355556 0.118450 0.463523 -0.168608 -0.046710 0.202065 -0.186956 0.160510 0.089720
tougher -0.121613 -0.053009 0.097978 -0.341377 -0.135213 0.026451 0.010532 0.567842 0.036568 0.270711 -0.007379 0.260645 0.123905 -0.260994 -0.270888
occasionally -0.081245 0.358318 -0.116557 -0.022310 0.358474 0.418783 -0.029084 -0.148099 -0.091318 0.013360 0.200937 0.119789 0.233709 0.068685 0.084389
argentina 0.313565 0.142275 0.040791 0.219181 -0.032459 -0.055876 0.092109 -0.130903 0.134663 0.466365 -0.175443 0.360299 0.038638 0.125657 0.055088
danish 0.124020 -0.052793 0.139765 0.392891 0.171527 -0.000081 -0.128851 0.249599 -0.103740 -0.086242 0.188487 0.178673 0.079112 0.428380 -0.001348
fly -0.243409 -0.257704 -0.203740 0.353005 0.234924 -0.039166 0.433133 0.117026 0.320878 -0.255338 -0.422312 -0.014267 0.106350 0.179794 0.131615
louder -0.104981 -0.253596 0.063686 -0.259075 0.013621 0.068925 -0.235168 0.262395 -0.045688 0.415590 -0.205039 0.080406 0.194624 -0.199791 -0.057277
loud 0.106717 0.041688 -0.343224 -0.523917 -0.156208 0.072724 0.108064 0.079246 -0.117975 0.082532 -0.039335 -0.056870 0.482636 0.205900 -0.099031
norway 0.249564 0.068766 -0.101948 0.226803 -0.344769 0.156620 0.322928 0.083131 0.154004 0.353103 -0.297293 0.008925 -0.067674 0.076273 0.094544
ukraine 0.090277 0.171110 -0.198153 0.215271 -0.124279 0.030607 0.351662 -0.051566 -0.248467 0.374526 -0.137404 0.050881 0.066040 -0.228685 0.086567
professional 0.246225 0.111378 -0.048531 -0.098282 0.333891 -0.023508 -0.313542 0.064952 -0.347221 -0.220587 -0.200010 -0.046949 -0.077623 -0.341248 0.448068
moving 0.013167 0.047147 -0.345784 0.157193 -0.196097 0.213172 -0.232506 0.055255 0.286748 -0.119445 -0.111256 0.203561 0.125902 -0.237736 0.053531
tough -0.106779 0.336218 -0.185002 -0.318417 -0.100772 -0.047464 0.035245 0.275982 -0.333771 -0.240809 -0.181031 0.003842 0.137644 0.207037 -0.024701
flying -0.164930 0.443452 -0.197743 0.342935 -0.174859 0.269459 -0.146150 0.034904 0.232757 -0.189527 -0.341131 0.158923 0.081245 -0.102279 -0.045437
professionally 0.234353 0.306184 0.225053 -0.016286 0.443539 0.614189 -0.056993 -0.194404 -0.098299 0.084927 0.015251 0.090825 0.226291 0.074090 0.002938
norwegian 0.163661 0.005442 -0.170573 0.188479 0.149456 0.136546 -0.265917 0.171630 -0.115714 0.148875 0.255881 -0.008801 -0.187806 0.195222 -0.310908
argentinean 0.209158 -0.013043 -0.074701 0.151890 0.236339 -0.121751 -0.456389 0.119530 -0.156539 0.015356 0.179826 0.208803 -0.024773 0.222231 -0.234304
ukrainian 0.050905 0.113579 -0.214100 0.233064 0.239802 -0.125993 -0.219124 0.207706 -0.405476 0.057622 0.178585 -0.132952 -0.106279 0.009905 -0.294492
occasional 0.175773 0.063042 -0.210141 -0.099633 0.340583 -0.047716 -0.039407 0.079889 -0.226436 -0.065881 -0.073301 -0.158837 -0.128977 -0.148918 0.344733
denmark 0.247161 0.091717 0.154974 0.188792 -0.072782 0.095581 0.337711 0.041308 -0.142114 0.180656 -0.101731 0.281266 0.123862 0.150244 0.263491
