move -0.100398 -0.457852 -0.345981 0.230104 0.356387 0.092066 0.417605 0.106284 0.460441 -0.321120 0.046095 0.256820 -0.134429 0.125335 0.136953
tougher -0.246458 -0.168529 0.146593 -0.331963 -0.025658 0.132052 -0.034006 0.515474 0.094495 0.210723 -0.038302 0.234448 0.160203 -0.281238 -0.164125
occasionally -0.087138 0.375601 -0.083125 -0.030528 0.277249 0.432981 -0.115883 -0.170637 -0.062751 0.101253 0.173897 0.037420 0.083632 0.088032 0.047118
argentina 0.259850 0.282612 0.095834 0.232772 -0.080434 -0.133640 0.180518 -0.105791 0.182171 0.428662 -0.172415 0.342615 -0.012872 0.090886 0.079787
danish 0.020494 0.021376 0.214043 0.371374 0.207073 0.057396 -0.085204 0.272931 -0.178871 -0.096125 0.214003 0.042092 0.091809 0.368514 -0.091321
fly -0.297591 -0.107024 -0.124169 0.379132 0.311017 -0.120995 0.360293 0.081537 0.282757 -0.200571 -0.370624 0.037781 0.057471 0.203174 0.025329
louder -0.184220 -0.349332 0.069773 -0.211065 0.019318 0.027177 -0.215431 0.223008 -0.054470 0.410195 -0.213124 0.105069 0.219215 -0.144764 0.022010
loud 0.035123 -0.080013 -0.327094 -0.457089 -0.169943 -0.029335 0.075266 -0.028540 -0.138147 0.057863 -0.115567 0.016077 0.547688 0.273908 -0.005721
norway 0.280118 0.107658 -0.089229 0.175868 -0.387101 0.255138 0.406848 0.112072 0.120247 0.297109 -0.235092 -0.082348 -0.195193 0.038417 0.033538
ukraine 0.064113 0.155708 -0.258136 0.187276 -0.169252 -0.009221 0.414545 -0.114696 -0.290660 0.371384 -0.145582 -0.000960 0.041043 -0.354306 0.065667
professional 0.276707 0.033325 -0.034807 -0.194924 0.360032 -0.064865 -0.167495 0.058053 -0.293874 -0.297883 -0.207030 -0.015360 -0.053774 -0.403423 0.441813
moving 0.074002 0.054127 -0.309726 0.190749 -0.218082 0.242506 -0.238769 -0.002134 0.339214 -0.086020 -0.096935 0.165893 0.057359 -0.174794 -0.060876
tough -0.139241 0.345592 -0.198170 -0.361462 -0.160207 -0.061877 0.070853 0.169079 -0.312703 -0.235907 -0.169494 0.122257 0.168385 0.237445 -0.138306
flying -0.130472 0.438634 -0.289432 0.268188 -0.119900 0.157335 -0.334570 -0.118447 0.183769 -0.288141 -0.248458 0.230867 0.170813 -0.282794 -0.083737
professionally 0.304879 0.220925 0.225241 0.029435 0.328150 0.631119 -0.051872 -0.194816 -0.088631 -0.000282 -0.047753 -0.016383 0.084381 0.001297 -0.194001
norwegian 0.129594 -0.035511 -0.086740 0.167492 0.055242 0.142176 -0.246294 0.204336 0.031389 0.105725 0.108543 -0.033337 -0.247799 0.241550 -0.271631
argentinean 0.216356 -0.026463 0.028313 0.124210 0.310323 -0.226846 -0.370598 0.160075 -0.185138 0.041530 0.177674 0.093407 0.012883 0.162304 -0.221627
ukrainian 0.069017 0.056549 -0.120085 0.147710 0.304144 -0.165984 -0.271672 0.165491 -0.427797 0.054490 0.177786 -0.059142 -0.146671 -0.071518 -0.365824
occasional 0.087175 0.164457 -0.201426 -0.103478 0.298973 -0.137696 -0.053089 0.141115 -0.146303 -0.012875 -0.020275 -0.228472 -0.083937 -0.198484 0.500690
denmark 0.286920 0.072577 0.189861 0.245450 -0.203648 0.088797 0.320441 0.081366 -0.173557 0.155737 -0.009295 0.222430 0.097778 0.068159 0.283389
