hanoi 0.114447 0.231982 -0.023637 0.007245 0.089646 -0.257847 0.095105 0.014405 0.139590 -0.272878 -0.315715 -0.096550 0.150241 -0.033268 -0.118953 -0.255237 -0.006400 0.109807 0.031275 0.154564 -0.229736 0.053520 0.062744 0.016377 -0.121388 0.074221 -0.255075 0.031723 0.087247 -0.061594 0.052071 -0.187113 -0.194070 -0.274567 0.125376
tougher 0.127269 0.238145 0.116912 -0.089331 -0.097319 0.002262 0.201717 0.001184 -0.015108 -0.073529 0.091752 0.014281 -0.022542 -0.302752 -0.212836 0.200804 -0.153881 -0.106278 0.114873 -0.111823 -0.289653 0.047610 -0.071641 0.137523 -0.253476 0.161788 0.031686 -0.112517 0.211156 -0.085402 0.053461 -0.105248 0.230715 0.089951 0.158578
occasionally 0.148636 0.073217 -0.046945 0.414392 0.169356 -0.191542 0.125749 -0.038963 -0.177304 -0.036807 0.032760 -0.164346 -0.019237 -0.027272 -0.255976 -0.074595 0.036251 0.048101 0.234853 -0.250220 -0.048448 0.051253 0.010328 -0.134895 -0.055192 0.203629 0.010703 -0.045178 -0.277017 0.078690 0.111794 0.012453 -0.152787 0.078885 -0.350736
ukrainian 0.185399 -0.318373 -0.072791 -0.009738 -0.024128 0.248987 -0.032587 -0.082099 -0.216099 -0.071067 -0.278829 0.189887 -0.184544 -0.076239 -0.243194 -0.054145 -0.008470 0.196689 0.072682 0.086823 -0.086150 0.125496 0.009495 0.062603 0.260284 -0.263414 -0.057238 0.166938 0.007554 0.087523 0.090736 0.172332 0.023912 0.001365 -0.009248
occasional 0.112743 0.084033 -0.020973 0.085260 0.100644 0.028036 0.187888 0.009329 -0.200207 0.071942 0.070829 -0.144230 0.097814 0.060619 -0.252294 -0.093872 -0.045023 -0.006051 0.247277 -0.161059 -0.033594 0.361256 0.102175 -0.101805 0.200569 0.126005 0.147638 -0.202999 -0.066498 0.230317 0.163711 0.121980 0.003669 -0.142953 -0.257559
norway 0.174734 0.187310 0.211701 -0.300735 -0.018110 0.062515 0.038809 -0.130992 -0.399219 -0.077304 -0.211127 -0.076604 0.028715 0.214554 0.130009 0.004969 -0.166659 -0.142216 -0.040150 0.028935 -0.019941 -0.109936 0.051257 -0.013808 0.127086 0.055851 0.048567 -0.021420 0.092084 0.334470 0.093509 0.118973 -0.005147 0.156114 0.018742
baghdad 0.150664 0.216029 -0.362070 -0.039283 0.049687 0.185617 -0.000469 -0.089240 -0.155079 -0.027588 0.131084 0.332850 -0.015013 0.126836 0.003782 -0.122437 -0.085627 -0.159894 0.104958 -0.096940 0.046526 -0.046165 -0.058734 0.210664 -0.142205 0.165336 0.120269 0.077623 0.266992 -0.177884 -0.132700 -0.274352 0.002249 -0.097229 -0.169033
illinois 0.163249 -0.127028 -0.152869 0.080890 -0.318715 -0.163293 -0.038789 -0.259110 -0.083996 0.031012 0.168886 -0.045377 0.058499 -0.143168 -0.038580 -0.227312 -0.105741 0.142573 -0.024413 -0.363038 -0.046537 -0.081485 -0.091146 -0.076213 -0.099165 0.104426 0.188485 0.036237 -0.144209 0.062608 -0.146715 -0.056182 -0.009231 -0.215602 0.154083
moving 0.085521 0.136394 0.020976 0.093113 -0.043721 0.354431 0.215877 -0.041316 0.293274 0.302784 -0.254460 0.142178 -0.258989 0.049485 0.130473 -0.193988 0.035283 -0.036443 0.406285 0.094940 -0.059853 -0.073189 0.017527 -0.063852 -0.047447 0.009034 -0.000167 -0.040967 -0.226363 -0.094877 -0.047107 0.128702 0.142141 -0.068142 0.146636
loud 0.166134 0.102286 0.042048 0.053216 0.058161 0.044202 0.174308 -0.064406 -0.124026 -0.148685 0.161717 0.138375 -0.048147 -0.071084 0.099295 -0.025610 0.000505 -0.063326 -0.017956 0.229845 0.069388 0.119515 -0.265689 0.261076 -0.038739 0.138824 0.026952 -0.232129 -0.061266 -0.062749 -0.089774 -0.137143 -0.310902 -0.343225 -0.041899
thai 0.039396 0.010180 -0.017924 0.145689 -0.246604 0.132583 0.015404 -0.050112 -0.004986 0.030316 0.233781 -0.133541 0.124877 -0.078208 0.092456 -0.344092 -0.044226 0.014009 0.167813 -0.080378 -0.102856 -0.148017 0.116670 0.132345 0.010980 -0.179155 -0.157446 -0.271266 -0.152209 -0.043591 0.262593 -0.128150 0.022265 0.155200 -0.093277
croatian -0.088710 -0.177664 -0.042669 -0.067520 0.017319 -0.098824 0.150923 0.033112 -0.157486 0.074353 0.095086 -0.119728 0.054990 0.212725 0.089553 -0.213152 -0.081900 -0.225063 0.237454 0.008573 -0.322600 -0.116086 -0.321630 -0.038108 -0.231891 -0.174082 -0.233339 -0.004104 0.007290 0.004452 -0.024557 0.287144 0.058574 -0.226994 0.077825
argentina -0.123883 0.117148 0.217690 0.210793 -0.030202 -0.170102 0.196671 -0.111398 -0.123739 0.089956 0.087626 -0.103227 -0.244361 0.040166 0.110226 -0.239211 -0.126553 -0.130187 -0.005497 0.042390 0.027085 0.214566 0.088702 0.114372 -0.048446 -0.272864 0.056422 0.209955 0.189778 -0.232786 -0.058529 0.036572 0.002007 0.054601 0.094232
vietnam -0.016540 0.203451 0.133630 0.125847 -0.100241 -0.028828 0.121671 -0.023675 0.131520 -0.322247 -0.226468 0.067946 -0.045220 -0.027554 -0.189351 -0.253471 0.132425 0.076444 -0.165923 0.106730 -0.070125 -0.111177 0.261628 0.001235 -0.250003 0.299374 -0.183753 0.127834 0.009720 0.091585 -0.017805 0.076524 -0.217357 -0.328850 0.028761
norwegian 0.187832 0.289120 0.118645 -0.325318 -0.119859 0.066478 0.020979 0.054581 -0.325429 -0.158651 -0.256574 -0.078907 0.015379 0.082005 0.043273 0.031475 -0.038994 0.056970 0.146636 0.108358 0.022864 -0.218584 0.081591 0.043124 0.013475 0.013942 0.094574 0.082167 -0.063248 0.355592 0.392042 -0.024260 0.097934 0.117375 0.151070
professionally 0.038044 -0.023059 0.014442 -0.114514 0.214506 0.208204 0.061983 0.063830 -0.281044 0.107926 0.178494 -0.100920 0.230504 -0.213598 0.064502 -0.264116 -0.072517 0.135500 -0.037890 -0.105137 -0.025509 0.138046 -0.049068 0.229953 0.122466 0.253985 -0.070717 0.153745 -0.017161 0.072140 0.023139 0.034233 0.029333 -0.074909 0.011267
argentinean 0.138650 0.071836 0.082756 0.208584 -0.187300 -0.235030 -0.015829 -0.133707 -0.053618 0.135269 -0.030822 0.238057 -0.129431 0.031636 0.133213 -0.408212 -0.090362 -0.124303 -0.053453 0.144777 -0.106531 0.165188 0.107194 0.210636 0.119991 -0.088506 0.015456 0.110457 0.133688 -0.361712 -0.014245 -0.070615 -0.021021 0.168587 0.090126
louder 0.177409 -0.047874 0.005994 0.056105 -0.233804 0.061861 0.158882 0.009938 -0.205471 -0.080173 -0.010452 0.058672 -0.202517 -0.166911 -0.029125 -0.054223 0.168266 0.060287 -0.244938 0.141455 0.112916 0.114410 -0.047063 0.179709 0.025700 0.041937 -0.109119 -0.158459 0.033277 -0.182948 -0.039279 -0.149770 -0.146964 -0.457638 -0.160116
chicago 0.315503 -0.098795 -0.096061 0.180814 -0.151102 0.019123 0.264101 -0.172311 0.138386 -0.117111 -0.033435 -0.288417 0.055206 -0.173718 0.141202 -0.112832 -0.037723 0.219998 -0.085910 -0.399135 -0.156971 0.065239 -0.227553 0.000346 -0.023604 -0.103913 0.319361 -0.005843 0.166686 0.113861 0.003964 -0.043861 -0.169102 -0.142885 -0.090703
move 0.010246 -0.010734 0.090417 -0.020773 0.089940 0.170924 0.197236 -0.230789 0.062141 0.184068 -0.284861 -0.118782 0.017655 -0.012752 0.020190 -0.198436 -0.106462 -0.150524 0.217370 0.066238 0.124563 -0.038610 -0.034667 0.110442 0.060788 -0.028878 -0.079533 -0.041815 -0.200608 -0.074336 0.107868 0.168026 0.036396 -0.173704 0.090267
thailand 0.188493 -0.030915 0.090796 0.094654 -0.225073 0.016544 -0.168101 -0.063928 -0.082901 -0.097494 0.059752 -0.094652 0.092334 -0.165309 0.057712 -0.353650 -0.052102 -0.125669 0.218412 0.060270 -0.073050 -0.162118 0.161553 -0.045385 0.085804 -0.337340 -0.154503 -0.256411 -0.048723 0.094392 0.021648 -0.176207 0.096843 0.008734 -0.000439
ukraine 0.196989 -0.047636 -0.016425 -0.035717 0.025450 0.284031 -0.044891 0.029204 -0.251942 -0.301040 -0.114486 0.356117 -0.150579 -0.171596 -0.153808 -0.000251 0.031713 0.022475 -0.033325 -0.032980 0.117155 0.124089 0.080049 -0.070295 0.172875 -0.242232 -0.184812 0.027073 0.168446 0.024483 0.044805 0.242474 -0.105128 -0.031269 0.209773
plano 0.384936 0.255518 0.013244 0.045743 -0.018735 0.050176 -0.045482 -0.333446 -0.072732 0.087248 0.226684 -0.119644 -0.164180 0.138490 0.131981 0.031738 0.187414 0.218916 -0.141515 0.056451 0.049009 0.227418 -0.298578 -0.053324 -0.038887 -0.036071 -0.229768 0.118644 0.031649 0.075629 0.015412 -0.010223 0.060403 0.062649 0.026300
texas -0.000791 0.157134 0.079805 0.000660 -0.077413 0.089611 -0.046690 -0.370194 -0.148558 -0.052185 0.159292 -0.152906 -0.179139 0.328989 0.119584 0.125706 0.098908 0.012160 -0.038365 -0.201734 -0.123492 0.281538 -0.205460 0.030230 -0.035770 -0.053458 -0.200940 0.051455 -0.262262 -0.020986 0.034222 -0.090493 0.015141 0.010108 0.260051
tough 0.022069 0.163584 0.155686 -0.022318 -0.073254 0.202031 0.052502 0.263007 -0.073321 -0.156179 -0.006952 0.020395 -0.101504 -0.162282 -0.209441 0.008495 -0.401698 0.057253 -0.046281 -0.106550 -0.254102 -0.002618 -0.126055 -0.106999 -0.167814 0.113839 -0.082562 0.116486 0.119148 -0.164241 0.266069 -0.229706 0.050893 0.033199 -0.028420
flying -0.414970 -0.000039 -0.105236 0.081423 0.249873 0.195998 0.095166 -0.310918 -0.092545 0.075391 0.054392 0.093543 -0.236526 -0.225753 0.060550 -0.199409 0.148896 -0.064462 -0.022463 -0.070671 -0.108847 -0.061398 -0.154020 -0.160249 0.074323 0.051376 -0.080707 -0.038861 0.116131 0.228946 0.020232 -0.229211 0.063263 -0.014258 0.021588
iraq 0.019254 0.121771 -0.203995 0.018019 0.020865 0.142609 0.259593 -0.056268 -0.215478 0.101348 0.156925 0.182875 -0.157487 0.155614 -0.110631 -0.238966 -0.015298 -0.063349 0.001233 0.042926 0.062867 -0.223085 -0.037957 0.052020 -0.240854 0.035640 0.173811 -0.088905 0.062929 -0.195881 -0.121914 0.008653 -0.109913 0.128214 -0.039861
professional -0.088585 -0.090928 -0.139615 0.045402 0.072358 0.315857 0.000570 0.099188 -0.295984 -0.003411 0.189864 -0.003727 0.053691 -0.227409 0.075945 -0.224487 -0.071920 0.213177 -0.008688 -0.173868 0.029003 0.185192 0.021822 0.053178 -0.036819 0.202507 -0.076745 0.127216 0.039347 -0.141780 0.202204 -0.015526 0.070654 -0.006096 -0.041017
fly -0.352286 0.089147 -0.141382 0.051283 0.055753 0.064792 0.047111 -0.265444 -0.091936 -0.155263 -0.021617 0.144094 -0.195802 -0.178936 0.091363 -0.158570 0.051902 -0.186285 -0.050444 0.008339 -0.135111 -0.046881 -0.055890 0.046920 0.201751 -0.044956 0.093009 0.182623 -0.037857 0.287306 0.210335 -0.142261 0.113984 -0.082999 0.020597
danish 0.090459 -0.155661 -0.014302 -0.128678 0.092468 -0.127304 0.285830 -0.015705 -0.179449 0.182857 -0.033672 0.284056 0.039380 -0.084847 0.028610 -0.099412 -0.187044 -0.117533 -0.066979 0.082632 -0.097966 0.109554 0.167650 -0.048611 -0.217650 -0.170388 -0.349349 0.008687 -0.179817 0.050626 -0.158293 -0.130747 -0.051516 0.157741 -0.082018
denmark -0.000210 -0.100705 0.088169 -0.352342 -0.070616 -0.052527 0.106731 -0.095590 -0.180163 0.224586 -0.034345 0.245641 -0.104978 -0.099003 -0.019282 0.030551 -0.050684 -0.105817 -0.026824 -0.078324 -0.157169 0.213801 -0.058967 -0.059751 -0.161174 0.009016 -0.293078 -0.045731 -0.102596 0.162094 -0.134119 -0.153871 -0.198967 0.005399 -0.128057
croatia -0.016758 -0.044209 -0.074797 0.063427 -0.083141 0.072182 0.070938 -0.126424 -0.165247 -0.088318 0.087548 0.089430 -0.039320 0.130043 0.274270 -0.041219 -0.064279 -0.147582 0.092062 -0.065095 -0.177144 0.069504 -0.220990 -0.164989 -0.186410 -0.003231 -0.094002 0.037894 0.102007 -0.009334 -0.045044 0.217050 0.194132 -0.304624 -0.152927
