hanoi 0.038509 -0.537710 -0.121522 -0.125552 0.164464
tougher -0.179237 -0.204245 -0.271528 -0.262908 -0.121259
occasionally -0.394110 -0.246052 -0.059774 0.179560 0.288734
ukrainian -0.003721 0.220679 -0.292630 -0.148536 0.290123
occasional -0.274515 -0.099221 -0.189575 0.104389 0.314944
norway 0.058672 0.289813 -0.370312 -0.392698 0.034058
baghdad -0.270169 -0.215681 0.028451 -0.267940 -0.131903
illinois -0.371167 -0.205067 0.287456 -0.058900 0.121898
moving 0.128894 0.170307 0.061322 -0.191710 0.438405
loud -0.347838 -0.307050 0.048429 -0.115263 -0.031676
thai -0.195263 0.091599 0.015921 0.096267 0.491503
croatian -0.049698 0.041133 0.283546 -0.350950 0.111470
argentina -0.037358 -0.034046 0.261533 -0.157864 0.330866
vietnam 0.025455 -0.540529 -0.141651 -0.152874 0.115175
norwegian 0.122471 0.240999 -0.530839 -0.359660 0.074182
professionally -0.141959 -0.183044 -0.236155 -0.151376 0.067628
argentinean 0.018763 -0.066728 0.155379 -0.083342 0.437217
louder -0.315213 -0.344089 -0.008653 -0.025462 0.093504
chicago -0.395472 -0.276032 0.205074 0.019150 0.163817
move 0.126969 0.094108 -0.014835 -0.168938 0.421066
thailand -0.041316 0.151704 0.023733 0.008949 0.529237
ukraine -0.071564 0.168447 -0.367598 -0.226439 0.104838
plano -0.595152 0.313151 0.045746 -0.149936 -0.072975
texas -0.498635 0.354191 0.156823 -0.247722 -0.071130
tough -0.098063 -0.297656 -0.434244 -0.217506 -0.071117
flying 0.031919 -0.030878 0.317129 -0.467136 0.018017
iraq -0.218742 -0.122661 0.053142 -0.172261 0.071085
professional -0.199350 -0.169310 -0.184571 -0.100925 0.094706
fly 0.139768 0.021106 0.249355 -0.481619 0.077458
danish -0.000266 -0.078102 -0.085201 -0.231215 0.150701
denmark -0.080390 -0.083976 -0.058049 -0.335391 -0.038049
croatia -0.203370 0.024144 0.286815 -0.359183 -0.030526
