madagascar -0.014059 -0.185209 0.030352 -0.090772 -0.085590 -0.090773 0.382723 -0.075802 0.199429 0.329283 0.048471 -0.390580 0.007235 -0.125930 0.237484
short -0.367875 -0.045124 0.187102 -0.210950 0.041319 -0.532871 -0.195443 0.141202 -0.192068 0.337972 0.109008 -0.238873 -0.238840 -0.058525 -0.426920
decreased -0.575734 -0.185569 0.393214 -0.228960 0.372112 0.170382 0.314799 -0.157356 -0.157186 -0.399775 -0.080402 0.628107 -0.157324 -0.112446 0.335921
belarus -0.194920 0.169885 0.057227 -0.162921 -0.229096 0.113902 0.249702 -0.013463 0.477220 0.320486 -0.289695 -0.238468 0.038809 0.031164 -0.090200
tajikistan -0.164238 0.187181 0.055065 -0.235424 -0.049407 0.232291 0.155986 -0.131134 0.427365 0.361011 -0.359680 -0.285595 -0.011170 0.223423 -0.120536
antananarivo 0.136560 -0.152538 -0.128742 0.493723 0.770884 -0.556668 0.101392 -0.428744 0.190861 -0.050471 -0.167269 -0.117822 -0.473976 0.295476 -0.155037
chile -0.089065 -0.010653 0.106225 -0.248987 -0.162921 0.096109 0.263133 -0.167390 0.307753 0.258074 -0.032189 -0.273367 -0.025127 -0.219147 0.193177
high -0.068433 0.125030 0.040283 -0.108930 -0.227941 0.435012 -0.299097 -0.029823 0.192081 0.005692 -0.267717 0.330418 0.142261 0.663986 -0.720298
paying -0.345189 -0.089395 -0.486003 -0.122766 0.268706 0.741740 -0.186763 0.023690 -0.486146 -0.392787 0.236503 -0.279145 0.358386 -0.121962 0.429921
coolest 0.250362 -0.559051 0.496463 -0.240382 -0.228278 0.054757 -0.361224 -0.158166 0.560092 0.238776 0.431765 -0.144085 -0.811196 0.247583 0.217913
safe 0.008578 -0.029491 -0.065728 -0.018861 -0.145306 0.328897 0.011593 0.141561 -0.074235 -0.148856 -0.137515 0.327240 0.350908 0.429018 -0.285600
santiago 0.201835 -0.334790 -0.096321 0.583484 0.652857 -0.492435 0.193554 -0.614237 0.052824 -0.120659 0.144750 -0.078233 -0.391778 -0.217409 0.355848
cool -0.276860 -0.218487 0.216579 -0.305603 0.062611 -0.486885 -0.060175 0.193724 -0.115369 0.345807 0.190072 -0.243462 -0.344482 -0.073853 -0.329001
paid -0.339823 -0.236000 0.371174 -0.316144 0.374544 0.250717 0.409177 0.123565 -0.201518 -0.578168 -0.060745 0.561684 0.091234 -0.037810 0.322065
decreasing -0.437794 -0.269365 -0.326238 -0.047174 0.226037 0.624449 -0.202769 -0.322210 -0.524551 -0.282747 0.298987 -0.305808 0.211755 -0.315077 0.494924
minsk 0.158084 -0.032223 -0.219161 0.467570 0.761312 -0.468973 0.126280 -0.373842 0.146332 -0.141002 -0.027135 -0.121540 -0.206818 0.016376 0.085946
safer 0.255821 -0.019539 0.253586 0.120838 0.020391 0.102381 -0.035065 0.284773 -0.286733 -0.235361 -0.129159 -0.110970 -0.109679 -0.200121 -0.063004
higher 0.358662 -0.117995 0.434253 0.134489 -0.002812 0.201500 -0.116643 0.039724 -0.186841 -0.290832 0.021370 -0.112000 -0.126488 -0.215711 0.010530
shortest 0.128917 -0.491575 0.348300 -0.194526 -0.212217 0.021284 -0.379664 -0.076418 0.496074 0.257220 0.488592 -0.157783 -0.567558 0.146342 0.169505
dushanbe 0.108748 0.064061 -0.012644 0.425925 0.661176 -0.359783 0.059031 -0.469968 0.272815 -0.132319 -0.286712 -0.138441 -0.425282 0.328161 -0.131738
