hanoi -0.138571 -0.335802 -0.296436 0.083339 -0.125813 0.114278 0.113414 -0.150645 0.254440 -0.138460 -0.197301 -0.002455 0.085422 0.041912 -0.293549 -0.077824 0.008057 0.082663 0.103619 -0.270434 -0.283632 -0.153747 0.186503 0.096673 -0.031517
tougher 0.336885 -0.131905 -0.162200 0.123975 0.005409 0.049977 0.153113 0.130410 0.046620 -0.065816 0.094025 -0.233291 0.113885 -0.415041 -0.136417 -0.007130 0.083796 0.361634 -0.004202 -0.060953 -0.053647 0.288974 0.198513 -0.112614 0.133451
occasionally -0.065128 0.098558 -0.000590 -0.169529 -0.194538 0.136017 -0.161446 0.251841 0.225923 -0.169622 -0.243137 0.113646 0.141695 0.043505 -0.199191 0.057077 -0.270599 -0.092193 -0.060846 0.286369 0.024808 0.129798 0.255171 -0.166035 -0.116071
ukrainian 0.242382 -0.154336 -0.056442 0.090026 -0.178894 -0.209606 -0.069835 0.260246 0.146130 -0.058839 0.054997 -0.084465 0.210733 0.057107 -0.089306 -0.178509 0.216007 -0.054897 0.094355 0.131037 0.357700 -0.426932 0.042117 -0.188308 0.032499
occasional 0.257816 0.120359 0.036175 -0.058673 -0.237474 0.173763 -0.166632 0.112908 0.095170 -0.101008 -0.139771 -0.113206 0.264698 0.034624 -0.400614 0.081906 -0.113911 -0.023314 0.008841 0.376745 0.110230 -0.096552 0.220741 0.044889 -0.042213
norway 0.205727 0.282482 -0.106585 0.219004 -0.150644 0.067513 0.020651 -0.207476 0.287501 0.216773 0.233294 -0.005967 0.177284 0.049308 0.046142 -0.250458 -0.006884 -0.010120 -0.228028 -0.165259 0.218831 -0.057808 -0.003157 -0.134112 -0.162727
baghdad 0.157733 0.156573 -0.359853 -0.110481 -0.017246 0.153227 0.228463 0.039379 -0.223292 -0.232887 0.247338 -0.230057 -0.078716 0.000082 -0.305452 -0.376583 -0.136999 -0.097016 -0.216805 0.031092 -0.147054 -0.018518 0.209346 0.049918 0.230425
illinois 0.162832 -0.096949 0.028905 0.041382 -0.072217 -0.039240 -0.023225 -0.257599 0.077470 -0.178994 -0.197152 0.178210 0.066475 0.075314 -0.216977 0.146709 0.014994 0.037932 -0.012177 0.072143 -0.013164 0.382271 -0.056306 -0.439106 0.372275
moving 0.355144 -0.057610 0.010840 0.105833 0.099907 0.308591 0.083481 0.212396 0.055972 0.100856 0.227338 0.279877 0.107060 0.168408 -0.054120 -0.233876 0.128887 -0.001999 -0.448793 -0.056359 -0.180360 -0.060957 0.065595 -0.031838 0.110860
loud -0.023515 -0.098388 -0.328424 -0.302056 0.171423 -0.072612 0.031453 0.151806 0.309324 -0.047493 0.004964 -0.240539 0.143380 0.087649 -0.326407 0.085602 -0.219659 0.132686 -0.280357 -0.023555 0.073996 0.064518 -0.003249 0.004723 -0.121805
thai 0.029724 0.340826 -0.221755 0.136162 0.174587 -0.043729 -0.325476 0.116483 0.034465 0.182838 -0.178573 0.012019 0.108572 -0.048522 -0.151180 -0.000590 0.188668 -0.100286 0.280669 0.060212 -0.147403 -0.012912 0.010202 -0.375995 0.267979
croatian -0.160760 -0.147779 0.044188 0.024844 -0.139720 0.360364 0.028355 -0.080904 0.037399 -0.129258 0.097781 -0.176769 -0.179741 -0.130784 -0.035743 0.184651 0.064063 -0.190915 -0.151365 0.044849 0.111426 -0.006430 0.053542 -0.553777 -0.070327
argentina -0.063642 0.035068 -0.084557 -0.003580 -0.091857 -0.040546 0.105590 0.225738 -0.034323 -0.061192 0.186224 0.256480 0.111592 -0.121459 -0.255387 0.123872 0.118325 -0.237068 0.047316 -0.357457 0.245102 -0.116431 0.218565 -0.109065 0.209193
vietnam -0.043923 -0.117647 -0.375422 -0.045059 -0.335088 0.154530 0.091512 0.047988 0.239546 -0.236129 -0.146721 -0.006864 0.064274 0.176957 -0.021753 -0.106923 0.152497 -0.057588 0.125603 -0.204715 -0.264277 -0.018582 -0.049097 -0.088643 -0.016245
norwegian 0.200643 0.358290 -0.170620 0.314406 -0.276611 0.139860 0.119374 -0.195793 0.338964 0.311405 0.113054 -0.143737 0.079804 0.085564 0.002331 -0.123393 0.123943 0.078027 -0.048579 -0.049793 0.027566 -0.089000 -0.014149 0.000457 -0.129531
professionally -0.130691 0.068255 -0.200942 0.095174 0.076400 -0.138797 -0.046804 -0.130216 0.168008 0.142817 -0.216000 0.098979 -0.023257 -0.079467 -0.287786 -0.441109 -0.027394 0.112030 -0.190269 0.013548 0.063922 0.058206 0.221022 -0.147390 -0.127426
argentinean -0.050448 0.068610 -0.228065 0.039557 -0.062254 0.038895 0.021305 -0.012895 -0.085598 0.101135 0.105823 0.258736 0.444961 -0.146419 -0.277346 0.218960 0.158359 -0.241018 -0.129422 -0.322289 0.416555 0.217447 0.036200 0.031148 0.152888
louder -0.120130 -0.158979 -0.328575 -0.180099 0.240323 -0.060093 0.010322 0.045961 0.280999 -0.048842 0.036405 -0.133459 0.020827 0.052418 -0.352752 0.264402 -0.069676 -0.043944 -0.098200 -0.019540 0.001916 0.044431 0.036932 -0.075134 -0.106230
chicago 0.180602 -0.054636 -0.311571 -0.048540 0.128133 -0.015850 0.045571 -0.300393 0.042009 -0.312515 -0.110890 0.408332 0.169093 0.121023 0.091679 0.172018 -0.175573 0.160023 -0.088546 0.164692 0.157969 0.059073 0.136168 -0.379248 0.150130
move 0.278709 0.117523 -0.146013 0.011077 0.061478 0.378684 0.022301 0.292372 0.124861 0.265844 0.123857 0.566250 -0.030865 0.055524 -0.072632 0.082436 0.012466 -0.026747 -0.138668 -0.007982 -0.064997 -0.145089 -0.223739 -0.116561 0.073995
thailand -0.164070 0.296289 -0.310440 0.274935 0.134564 -0.011823 -0.419981 0.186041 0.140250 0.252704 0.022282 0.049754 0.057216 0.058842 -0.155429 0.267830 0.229491 -0.082354 0.261325 0.024956 -0.130172 -0.117489 -0.024402 -0.233455 0.320393
ukraine 0.012513 -0.370230 -0.178374 0.149466 -0.057708 -0.003133 0.025448 0.056851 0.269058 0.162287 0.069723 -0.007610 -0.099310 0.014395 -0.154641 0.112821 0.254825 0.215830 0.286612 0.291353 0.197528 -0.289344 0.231943 -0.147211 -0.063279
plano 0.265085 -0.050505 -0.001101 0.304947 -0.000165 -0.235366 0.240224 0.196563 0.142364 -0.114549 0.106284 -0.116503 -0.245336 0.216582 -0.228131 0.050303 -0.040721 -0.199829 0.024938 0.199809 -0.025430 0.118852 -0.041200 -0.244331 -0.133455
texas 0.260204 -0.075808 -0.183129 0.298146 0.016686 -0.133282 0.134170 0.259327 0.186854 -0.082241 0.283772 -0.037800 -0.065581 0.109856 -0.039127 0.196366 -0.047597 -0.440496 0.037452 0.286875 0.025627 0.263359 -0.013960 -0.150128 -0.102803
tough 0.103939 -0.153807 -0.134041 0.144411 -0.062758 0.071749 0.308431 0.028320 0.366261 -0.092241 0.175172 -0.135326 0.209114 -0.436248 -0.012104 -0.092513 -0.072219 0.202302 0.113096 -0.050550 -0.019941 0.230571 0.219295 -0.058343 0.097121
flying -0.056993 0.035401 -0.017861 0.395726 0.049302 0.247314 0.074071 0.108118 -0.055657 -0.236873 -0.342445 -0.150035 0.008753 0.193725 -0.136895 0.121403 -0.094335 0.204919 -0.008120 -0.100453 0.259261 -0.140121 0.159397 -0.089872 0.043413
iraq 0.163848 0.075215 -0.292962 0.000133 -0.032037 0.297158 0.003400 0.079809 -0.257586 -0.156367 0.125043 -0.171104 -0.112331 -0.019470 -0.183016 -0.272164 -0.320229 -0.192503 -0.020505 -0.016756 0.078107 0.065696 -0.028718 -0.214063 0.127831
professional 0.004079 0.197048 -0.092182 0.109165 0.164651 -0.060030 -0.031270 -0.017523 0.093296 -0.047426 -0.290728 0.045927 0.037349 -0.044130 -0.261593 -0.338556 -0.006030 0.008620 -0.157484 0.039811 -0.010597 0.110832 0.259824 -0.188342 -0.213944
fly -0.150966 -0.004175 -0.063068 0.448597 0.017246 0.228455 0.101073 -0.101152 -0.153040 -0.115195 -0.169753 -0.011889 0.118377 0.228838 -0.149179 0.228620 -0.020764 0.146096 -0.236298 -0.030375 0.134973 -0.105226 0.101040 -0.139353 0.052789
danish -0.198672 -0.235835 -0.021215 0.089612 -0.102116 0.243506 0.159791 0.106584 0.127094 0.232315 -0.060391 -0.117117 -0.057480 0.044293 -0.103348 -0.316510 -0.001797 -0.128881 -0.071065 -0.020668 0.282385 0.338204 -0.041774 -0.202370 0.221261
denmark -0.314776 -0.328953 -0.277335 0.114579 0.001843 -0.001969 0.023298 0.170702 0.228844 0.259532 -0.016070 -0.066707 -0.049654 -0.192763 -0.149083 -0.139104 -0.157586 0.015898 -0.333327 -0.092683 -0.021015 0.167763 -0.158386 -0.141193 0.282583
croatia -0.108560 0.092845 -0.071573 0.075611 0.093427 0.276302 0.153363 -0.139336 0.066154 -0.046628 0.143450 -0.135674 -0.237192 0.087421 -0.012422 0.281740 -0.051139 -0.093886 -0.364293 0.243213 -0.076662 -0.091993 0.176135 -0.394502 0.029527
