hanoi 0.341270 -0.262912 -0.429126 -0.388849 0.202176
tougher -0.395278 -0.156289 -0.275289 -0.259120 -0.154152
occasionally -0.189984 -0.127032 0.162178 -0.224571 0.201314
ukrainian -0.269025 0.243868 -0.279400 -0.293146 0.025376
occasional -0.273816 0.034361 -0.058802 -0.197923 0.140008
norway -0.147813 0.024014 -0.429184 -0.116186 0.231098
baghdad -0.368873 -0.405529 -0.052358 -0.013097 0.172794
illinois -0.043433 -0.060885 0.285654 -0.360027 0.204201
moving -0.213683 0.005017 -0.113658 0.007062 0.415393
loud -0.211875 -0.349809 -0.065112 -0.286159 -0.031966
thai -0.101015 0.371978 -0.077154 -0.224385 0.344362
croatian -0.172609 -0.118442 0.352768 -0.362289 0.100169
argentina -0.206069 -0.042332 0.098843 0.062843 0.556463
vietnam 0.094450 -0.250073 -0.169690 -0.365915 0.112811
norwegian -0.186092 0.209717 -0.415247 -0.153051 0.226240
professionally -0.027150 -0.207615 -0.333036 -0.219278 0.166453
argentinean -0.181802 -0.071623 0.105191 0.128903 0.648224
louder -0.215952 -0.240997 -0.008541 -0.270583 0.031475
chicago -0.027805 -0.108565 0.271501 -0.407005 0.149790
move -0.152030 0.106449 -0.022583 0.028828 0.571095
thailand -0.052919 0.419232 -0.017581 -0.219939 0.427765
ukraine -0.109338 0.426740 -0.372056 -0.509747 -0.088752
plano -0.595210 0.065677 0.067768 -0.229554 -0.122103
texas -0.736882 0.258465 0.131338 -0.168602 -0.058837
tough -0.282316 -0.231272 -0.598989 -0.178447 -0.084181
flying 0.080443 -0.077926 0.173124 -0.554472 0.013774
iraq -0.433687 -0.289962 -0.012286 -0.002235 0.176751
professional -0.147489 -0.300308 -0.154385 -0.196469 0.124941
fly 0.142343 -0.034487 0.297342 -0.443874 0.256413
danish -0.179971 -0.185497 -0.186825 -0.100848 0.235388
denmark -0.129982 -0.301137 -0.226094 -0.109180 0.229347
croatia -0.204824 0.017261 0.419649 -0.393811 0.095234
