fly -0.059067 0.233462 -0.125381 -0.319400 -0.079244 0.354066 -0.035979 -0.048013 0.029013 0.060729 -0.372445 0.292393 -0.150570 -0.369208 -0.016426 0.131779 0.144039 -0.028867 -0.324528 0.064175 0.132600 -0.124793 -0.042053 -0.086029 -0.706236
loud -0.203410 0.153653 0.105106 -0.275828 -0.036976 0.411195 0.200829 0.115657 0.046741 -0.103616 -0.150437 -0.053790 0.100719 0.005774 0.020087 0.209151 0.121581 -0.026183 -0.008065 0.159405 0.017615 0.015520 0.192560 -0.308320 -0.414131
tough -0.357483 0.074739 0.323215 -0.350040 -0.187688 0.281216 -0.045660 -0.174048 0.254649 -0.094717 0.299688 -0.167174 0.194974 -0.019727 0.058906 0.025683 0.123844 -0.167783 0.222171 0.050365 0.273118 -0.069656 -0.036737 -0.486862 -0.194202
occasionally 0.309304 -0.254233 0.072090 0.258523 -0.278524 -0.182988 -0.156087 0.005797 -0.196974 0.104633 -0.035971 0.154236 -0.025639 0.042268 0.053485 -0.307497 -0.230762 -0.014870 -0.264647 0.323171 0.031905 0.056172 -0.207978 0.475987 0.205140
moving -0.067030 -0.364485 0.134738 0.291942 -0.144986 -0.279765 -0.398590 0.008736 -0.091710 0.227802 -0.043047 0.329140 -0.022409 -0.105426 -0.006392 -0.329526 -0.262222 0.267084 -0.032514 0.157636 0.161754 -0.066422 -0.130698 0.373884 0.319190
professionally -0.007712 0.177750 -0.221527 -0.403350 -0.006070 0.091697 0.267958 -0.039038 -0.029620 -0.409165 0.052608 -0.354777 -0.275282 -0.187352 0.096572 -0.151987 0.232988 -0.137969 0.112897 -0.006873 0.313416 0.171064 -0.094677 -0.115853 -0.454212
professional 0.000830 -0.023568 -0.124087 -0.216427 0.308228 -0.375086 0.277551 -0.230601 0.096406 -0.188888 0.200836 -0.443609 -0.140383 0.313250 -0.038561 0.053350 0.360561 0.014947 0.357220 -0.060872 0.142900 0.287392 -0.074966 -0.014266 -0.065541
norwegian 0.093251 0.043771 -0.310619 -0.042823 0.321780 -0.065276 0.242086 0.030374 -0.111524 0.109383 -0.197603 -0.222548 -0.142498 -0.082813 0.025350 0.201282 -0.079256 0.028382 -0.225030 0.128083 -0.243867 0.116378 0.279723 0.138017 -0.330352
tougher -0.457354 0.393013 0.126145 -0.180698 -0.329153 0.411954 0.100508 -0.028227 0.187084 0.268184 -0.004443 -0.036457 -0.051567 -0.400224 -0.190130 -0.196959 -0.149212 -0.108141 -0.145418 0.170682 0.288598 0.019925 0.032216 -0.010402 -0.449708
ukraine -0.083332 0.237375 -0.319687 -0.300558 0.130944 0.159775 0.322705 0.087877 0.146839 -0.068364 0.178207 -0.135736 0.090412 -0.326364 -0.151418 -0.027521 0.047849 0.008539 -0.120763 -0.046787 0.371997 0.214700 -0.116113 -0.119744 -0.676586
move 0.064076 0.082866 0.111777 -0.444619 0.102045 0.152778 0.048463 -0.389475 0.050526 0.017996 0.018940 -0.068338 -0.038548 -0.129338 -0.259157 0.142884 0.152039 0.049070 -0.176363 0.059881 0.079123 -0.086862 -0.088600 -0.139281 -0.236929
occasional -0.009794 0.072022 -0.098607 -0.017916 -0.026352 0.008833 0.138742 0.008050 -0.029643 0.039967 -0.366014 0.141207 -0.096630 0.072203 -0.066369 -0.108037 0.064185 0.088884 -0.160718 0.191068 0.048810 0.294867 -0.162718 0.311949 -0.357285
ukrainian 0.170729 -0.232279 0.014265 0.120393 0.013504 -0.244470 -0.142695 -0.185855 -0.001259 0.201213 -0.026291 -0.087894 -0.084684 -0.120891 0.003541 -0.125703 -0.375560 -0.184513 -0.014933 0.172956 0.029993 0.260990 0.137732 0.172801 0.154766
flying -0.196868 -0.066241 -0.135558 -0.008142 -0.095248 0.012500 -0.238852 0.164238 0.111169 -0.021635 -0.204338 0.343121 -0.151856 -0.371891 0.169944 -0.217622 0.003751 0.092524 0.082872 -0.017158 0.301673 -0.093543 -0.012927 0.030290 -0.273841
danish 0.030536 0.059201 -0.045070 0.125756 -0.145584 0.104555 -0.065708 -0.131342 -0.026987 0.108809 -0.151038 0.140067 0.043457 -0.137893 -0.001959 -0.084726 -0.238003 -0.233196 -0.404571 0.224064 -0.166696 0.076195 0.126230 0.212894 -0.189733
norway -0.135489 0.104410 -0.232767 -0.082502 0.184082 0.047715 0.156938 0.036964 -0.075629 0.007275 0.080916 -0.070892 0.208380 -0.138193 -0.087244 0.106068 0.003946 0.201967 -0.277139 0.065619 0.113984 0.076453 0.042615 0.016673 -0.470659
argentina 0.020719 0.155635 -0.239681 0.022919 -0.065210 0.170732 -0.060775 0.009302 -0.033102 -0.071913 0.062136 0.188433 0.185590 -0.206116 -0.063079 -0.154592 -0.200849 0.214498 -0.403501 0.160253 0.294286 0.065886 -0.117918 0.163123 -0.388425
louder -0.365533 0.442345 0.081422 -0.261810 -0.142438 0.457979 0.279602 0.068391 0.055117 0.129608 0.087421 -0.211465 -0.046687 -0.297724 -0.220195 -0.024120 -0.063664 -0.081449 -0.109087 0.190930 0.138342 0.070108 0.225186 -0.046632 -0.548275
argentinean 0.098051 -0.133970 -0.121872 0.011160 0.072230 -0.200889 -0.177944 -0.251176 0.126788 0.033397 0.140188 -0.232682 -0.188294 -0.139650 0.191305 -0.094981 -0.225271 -0.075896 0.164491 0.023590 0.095342 0.158488 0.143194 0.035426 0.191576
denmark 0.103919 -0.199116 -0.010849 0.114821 0.277988 -0.448195 -0.190310 -0.214866 0.115822 0.135850 0.463253 -0.293215 -0.010092 0.113049 0.240078 0.160171 0.016878 0.147844 0.161109 -0.153890 0.233923 -0.130718 0.177822 -0.053939 0.165831
