move 0.456317 0.077078 -0.008417 0.041687 -0.346406 0.009177 0.196894 0.226088 -0.317927 0.256760 0.493468 0.294754 0.265538 -0.018125 0.326417 0.588692 0.294549 -0.158349 0.279660 0.607137 -0.269158 -0.171813 0.230803 0.215153 0.427082
tougher -0.040840 0.352380 0.212737 0.152071 -0.114023 0.241859 0.001711 0.073113 -0.250345 0.009473 -0.027623 0.102481 -0.145908 0.254066 -0.065764 0.267278 0.414048 -0.186816 0.039771 0.204890 -0.314243 -0.257936 -0.141864 0.134641 -0.068868
occasionally -0.189836 0.237844 0.261143 0.227886 -0.176003 0.046210 -0.256777 0.065401 -0.016342 -0.374752 -0.293070 0.168363 -0.139667 0.033090 -0.179009 -0.021878 0.044399 0.023730 0.023185 0.169663 -0.077599 -0.270668 -0.081368 0.422652 -0.186174
argentina 0.240067 -0.072866 0.044960 0.396428 0.159886 -0.074712 -0.207617 0.081003 -0.029745 0.208313 0.083029 0.368748 0.234271 0.175661 0.334491 -0.140276 0.001475 -0.193935 0.173092 -0.079396 0.138445 0.079583 0.392972 0.133509 0.293222
danish -0.043067 -0.092165 -0.101447 0.509560 -0.102324 0.226737 0.271215 -0.509450 -0.142555 -0.005051 0.549874 0.230653 -0.257609 0.291759 0.020581 -0.414802 0.037070 -0.298914 -0.058799 -0.075845 0.278977 0.277821 0.096109 0.364254 -0.258047
fly 0.237792 0.336693 -0.059087 0.180506 -0.125253 -0.079759 -0.153199 0.359524 -0.319089 0.149544 0.003075 0.221469 0.114470 0.029851 0.333163 0.623418 0.171518 0.235066 0.328723 0.302358 -0.300096 -0.504191 0.214416 0.161149 0.382006
louder -0.130876 0.019854 0.174816 0.077275 0.024100 0.413532 0.212271 -0.416231 0.047130 0.006818 0.534021 0.022222 0.149737 0.109433 0.160405 -0.038717 0.067234 -0.306023 -0.219632 0.246843 -0.002593 -0.155055 -0.041663 -0.143249 -0.314991
loud -0.090531 -0.268918 0.074077 -0.065574 0.315178 -0.018626 -0.005055 -0.226429 -0.115716 -0.166723 0.135113 0.061655 0.456035 -0.273718 0.253116 -0.170678 -0.230872 -0.063612 -0.066947 0.106695 0.252288 -0.069394 -0.075368 0.066733 -0.048579
norway 0.361964 -0.216073 -0.208112 0.201053 0.071077 -0.341167 -0.395410 0.141592 -0.097250 0.112782 -0.046305 0.527070 -0.042754 0.272973 -0.375781 -0.400024 -0.126623 -0.374332 0.108486 -0.278830 0.256258 0.492733 0.110987 0.361623 0.187292
ukraine 0.371980 -0.053650 0.236169 0.186284 0.047828 0.068760 0.198911 0.025141 -0.108874 0.414523 0.403469 0.177973 0.054573 0.059109 0.386244 0.232630 0.223523 -0.180244 0.108070 0.329429 0.081347 0.217916 0.522826 -0.136328 0.251920
professional -0.138915 -0.123100 -0.405894 0.009963 -0.187615 0.139619 -0.058430 0.209582 0.145781 -0.355721 -0.263217 0.020700 -0.079786 -0.353830 -0.332863 0.012570 -0.080516 0.011824 -0.000151 -0.278064 0.111133 -0.078871 -0.034637 0.286899 -0.021658
moving -0.025228 -0.037552 -0.181052 0.046965 0.141046 0.070972 -0.415688 0.159851 0.059214 -0.193363 0.107811 0.225283 0.021411 -0.038810 0.158897 0.079588 -0.288924 -0.072326 -0.102287 0.203753 -0.160457 -0.348839 -0.049844 0.103131 0.093915
tough -0.066315 0.280901 0.266913 -0.054759 0.022762 0.112731 0.005701 0.359562 -0.336375 -0.142316 -0.339177 -0.083974 0.127660 -0.284324 0.160986 0.465962 0.216793 0.255226 0.234795 0.316414 -0.271485 -0.424978 -0.316194 0.189870 0.114833
flying -0.090668 -0.076159 -0.241787 0.196805 0.226835 0.028461 -0.492362 0.036902 0.076018 -0.147119 0.003401 0.246030 -0.147796 0.058447 0.059423 -0.173069 -0.458237 0.038194 -0.179556 -0.020807 -0.005922 -0.226718 0.019253 0.036773 -0.020267
professionally -0.274810 -0.343887 0.021473 0.333502 0.105124 0.148276 -0.249528 -0.434204 0.114651 -0.442624 0.175002 0.227852 0.017909 -0.207223 -0.076483 -0.649166 -0.381646 -0.248197 -0.280650 -0.181728 0.478266 0.021367 0.072245 0.403435 -0.346529
norwegian 0.367629 -0.339674 -0.290580 0.069192 -0.146081 -0.188403 0.199104 -0.528570 0.019287 0.247361 0.627783 0.129541 -0.173715 0.225579 -0.249864 -0.446586 -0.137860 -0.346294 -0.132993 0.239331 0.134752 0.538594 -0.106427 0.118731 -0.072854
argentinean 0.036334 0.103650 -0.046946 0.269719 0.020145 0.063154 0.098092 -0.078921 0.003494 0.009889 0.111356 0.022831 0.004293 -0.002511 0.396864 0.226871 0.143209 0.158686 0.196426 0.247323 -0.162916 -0.397635 0.080651 0.064877 0.141943
ukrainian 0.204975 0.012575 -0.005502 0.130120 -0.052266 0.110352 0.439966 -0.204436 0.019145 0.257018 0.456476 -0.087935 -0.155284 -0.131403 0.410513 0.386652 0.246293 0.148375 0.110860 0.475073 -0.134292 -0.143448 0.193169 -0.198222 0.043627
occasional 0.035216 0.001344 -0.074187 -0.091390 -0.330697 0.286641 0.305017 0.024945 0.111983 -0.064430 0.218408 -0.053948 -0.104858 -0.150781 -0.077960 0.253085 0.094909 -0.062214 -0.007036 0.262138 0.034670 0.068729 0.053521 0.066392 0.046182
denmark 0.051289 -0.021119 0.106347 0.452827 0.027306 0.157160 -0.021107 0.044954 -0.216359 -0.003372 0.071093 0.410160 -0.000029 0.258597 0.025207 -0.231508 0.163656 -0.412105 0.136278 -0.181772 0.303006 0.293139 0.304283 0.462827 0.022781
