fly -0.057843 0.068351 -0.009390 0.178729 -0.319030 0.024697 0.089543 0.102100 -0.007469 -0.102611 0.037186 0.028060 0.001662 0.013405 -0.162075 0.130153 0.033135 0.065653 0.011855 -0.032013 0.156860 -0.013132 0.033176 0.111014 -0.227814
loud -0.004387 -0.040573 0.160414 0.037402 0.127547 -0.137654 0.012676 -0.121361 -0.018278 0.052483 -0.085391 -0.042536 0.116240 -0.059592 -0.016514 0.015773 -0.170805 0.002728 0.154935 -0.067717 0.262556 -0.070304 0.175853 -0.068712 0.010821
tough -0.049071 -0.062478 0.158937 0.058736 0.199605 -0.042651 -0.034439 -0.122444 0.128994 0.018320 -0.167561 0.073416 0.142487 -0.061725 -0.078500 0.020953 -0.145233 0.011523 -0.069627 0.001918 0.184943 -0.031845 0.090739 0.034058 -0.067242
occasionally 0.032416 0.080678 0.000708 -0.088119 0.229312 -0.000968 0.073475 0.087105 0.111709 -0.121699 -0.082011 -0.022943 -0.153347 0.036214 0.003371 -0.146211 0.154728 0.080390 0.002867 -0.046179 -0.006601 0.293447 0.014271 -0.057492 -0.137938
moving -0.118484 0.114585 0.205973 0.157115 -0.081091 -0.045913 -0.064630 -0.058623 0.022093 -0.012730 -0.019545 0.156306 -0.149302 -0.195897 0.120149 -0.150135 0.122545 -0.110558 -0.049464 -0.093458 -0.045603 -0.064342 -0.194125 -0.103343 0.038492
professionally -0.020726 0.033686 -0.120504 -0.073713 0.085322 -0.084347 -0.117029 0.191339 -0.020431 -0.198308 -0.251757 -0.082442 0.067347 -0.066623 -0.025352 -0.103074 0.121496 0.086953 -0.010907 -0.064718 -0.002975 0.243684 0.094108 -0.112982 0.027214
professional -0.013562 -0.121664 -0.168936 0.073866 -0.029668 0.162503 -0.000233 -0.149530 -0.116125 0.007004 -0.199375 0.047575 0.138142 -0.110460 -0.126852 0.022140 0.156672 0.030246 -0.007924 -0.218856 -0.205654 0.011322 0.080190 -0.115490 0.084024
norwegian 0.101632 0.009516 -0.111086 0.009768 0.056146 0.035834 0.055013 -0.030804 -0.139226 -0.139383 0.012317 0.035229 0.051861 0.148911 -0.009955 -0.058500 0.098966 -0.016858 0.051886 0.069031 0.058347 -0.034208 -0.054556 0.105049 0.210712
tougher 0.044096 -0.006202 -0.015974 -0.034678 0.123264 0.081052 -0.089436 0.064423 -0.040300 0.192120 0.017422 0.115612 0.069013 0.103525 -0.219741 -0.223167 0.062796 -0.221855 -0.095007 -0.046493 -0.018753 -0.026251 -0.045037 0.064488 -0.045827
ukraine 0.075668 -0.123229 0.014962 -0.124624 -0.033595 0.050307 0.023278 0.018485 0.091314 0.140447 -0.105991 0.068973 0.076121 0.073799 0.147391 -0.082875 -0.124768 0.096059 0.007191 -0.023615 -0.103398 -0.008009 -0.115716 0.041950 -0.094548
move 0.034612 0.082849 0.080779 0.050247 -0.314068 0.035547 0.078571 0.058035 -0.130213 -0.029359 0.219422 0.316273 0.061968 -0.036744 -0.047836 -0.021668 0.134133 -0.093751 0.058545 -0.062435 0.116452 0.084048 0.137199 0.019815 -0.017471
occasional 0.109213 -0.087135 0.104349 0.102628 -0.108172 0.026048 0.039861 -0.149540 -0.019780 -0.021069 -0.101992 -0.030365 -0.061926 -0.180016 -0.162384 0.039125 0.216450 0.116105 0.050537 -0.160094 -0.211525 -0.047776 0.041607 0.025259 -0.073312
ukrainian 0.192082 -0.144030 -0.212940 -0.046056 -0.076583 -0.041642 -0.033676 -0.052943 -0.036354 -0.130962 0.060371 0.031015 -0.005610 0.147045 -0.089968 -0.160156 -0.010665 0.071707 -0.026892 0.104637 -0.006804 -0.019880 -0.157111 -0.074224 0.061170
flying -0.197874 0.059517 -0.038685 0.064631 -0.050271 -0.044121 -0.050665 -0.040321 0.075075 -0.117210 -0.031199 -0.010352 -0.079922 0.063678 0.075496 0.031375 -0.043312 -0.037941 -0.030910 -0.124706 0.021515 0.029947 -0.141586 -0.146495 -0.199857
danish -0.017753 0.005255 -0.166655 -0.068686 -0.024605 -0.143506 0.153243 0.022862 0.010783 -0.202728 0.136510 -0.102065 -0.047187 0.062633 -0.125602 -0.109537 0.094381 -0.005580 -0.082328 -0.015087 0.072801 -0.137259 -0.044479 -0.010893 0.162168
norway -0.048901 -0.039721 0.054767 0.015073 0.020053 0.108388 0.040859 0.184385 -0.132652 0.132849 -0.045072 0.014685 0.005657 0.006298 0.287756 -0.033221 -0.053289 0.085702 -0.042580 -0.087460 -0.084701 -0.138746 0.053241 0.026934 0.069099
argentina 0.006075 0.154035 0.027554 -0.120418 -0.060540 0.086815 -0.061486 0.129367 0.077456 0.090627 0.018436 -0.147929 0.048104 -0.058299 0.304947 -0.087452 0.011973 0.077089 0.054057 0.054986 -0.095698 -0.097641 0.158091 0.068295 -0.097150
louder 0.085605 -0.012402 0.061164 -0.180715 0.085373 -0.011216 -0.088423 0.092403 -0.065049 0.182502 -0.003629 -0.067115 -0.045733 0.027854 -0.159175 -0.147877 -0.078596 -0.334197 0.038560 0.004540 0.005096 -0.067345 -0.012389 -0.118665 0.018526
argentinean 0.183176 0.140468 -0.220421 -0.049952 -0.026826 -0.061071 -0.059122 -0.068061 -0.027269 -0.164585 0.084971 -0.021939 -0.040260 -0.019458 -0.026976 -0.203911 0.055282 0.049842 -0.091774 0.154402 0.010559 -0.152974 0.067991 -0.015593 -0.031534
denmark -0.108171 0.035572 0.007199 -0.169113 -0.070279 0.062961 0.192625 0.176215 0.107784 0.072493 0.046900 -0.067765 -0.002065 0.049652 0.212517 0.053260 -0.062500 0.059480 -0.125882 -0.141656 -0.080087 -0.029457 -0.063305 0.081602 0.109955
