fly -0.047488 0.045915 0.098787 0.147256 -0.043250 -0.097125 -0.138012 -0.143011 0.070559 -0.140235 -0.011469 0.102278 0.312004 -0.162058 -0.041517 -0.048930 0.034887 0.067134 -0.080164 -0.049497 -0.049484 0.139974 -0.093705 -0.019240 -0.060768
loud 0.169368 0.001248 -0.030195 0.011264 0.061539 0.177702 0.017155 -0.026309 0.055976 0.136516 -0.004466 0.077986 0.030119 0.153092 0.054434 -0.133797 0.262819 0.019361 -0.141329 -0.147635 -0.096257 -0.020114 -0.010047 0.127909 0.111202
tough 0.094079 -0.097744 -0.092625 0.021369 0.064534 -0.023418 0.082381 -0.024003 0.151082 0.005216 0.050779 0.001490 0.012613 0.048191 0.031536 -0.185690 0.207009 -0.118361 -0.212437 -0.027682 -0.064541 -0.041224 -0.000420 0.002486 0.174348
occasionally -0.011295 0.185562 -0.056615 -0.081840 -0.085864 -0.118077 0.070148 0.014570 -0.003114 -0.001930 0.149102 0.002778 -0.048489 -0.017095 0.225478 -0.074510 0.108053 0.142492 0.070821 0.001415 0.079419 -0.066404 -0.172421 -0.109027 0.034259
moving -0.093644 -0.069772 -0.012289 -0.124172 -0.019748 -0.044947 0.091090 -0.099544 0.051008 0.092188 -0.101664 -0.189218 -0.056383 -0.012462 -0.058134 0.034320 0.025149 -0.087385 0.149959 -0.176529 -0.147248 -0.041092 -0.248942 -0.104692 -0.106063
professionally -0.018349 0.059528 0.004706 0.013037 0.070035 0.070776 0.064269 -0.003604 -0.057464 0.037462 0.154389 0.023760 -0.062994 -0.187016 0.236360 -0.166773 0.054217 -0.018033 -0.010423 0.136815 0.148342 -0.053623 -0.152045 -0.032358 0.020262
professional 0.072917 0.040900 0.235239 -0.038712 0.254961 0.141456 0.013798 0.255482 0.116740 -0.004541 0.001426 -0.060644 -0.160755 -0.145319 -0.028380 0.000210 -0.132249 -0.040004 -0.009666 -0.075179 0.160133 0.052041 0.001210 -0.097241 0.055565
norwegian 0.003355 0.087243 0.022430 0.042944 -0.046868 0.022189 -0.016931 -0.013844 -0.001971 -0.164642 0.046234 -0.030105 -0.065433 0.104644 -0.079614 -0.013149 -0.091155 0.128296 0.057600 0.029521 0.066622 -0.004479 0.069181 0.251606 -0.064634
tougher -0.062065 -0.024291 -0.101642 -0.033162 -0.142874 0.028650 -0.052815 0.161229 0.118682 0.015611 0.180271 -0.023175 -0.049079 0.023721 -0.022312 0.180333 -0.154572 -0.030098 -0.138497 0.145313 -0.155770 -0.004303 0.001110 -0.020191 0.139631
ukraine -0.007042 -0.092103 -0.120648 -0.091775 0.039175 0.035884 0.146728 0.154445 0.023467 -0.056333 -0.065741 0.048201 0.093046 0.205182 -0.053871 -0.045271 0.115776 -0.017963 0.011143 0.080037 0.086805 0.093284 0.026986 -0.115740 -0.024316
move 0.071298 -0.095196 0.219249 -0.077088 -0.031449 -0.075563 -0.250490 -0.140615 0.058572 0.072770 -0.017740 0.053757 0.227711 -0.089034 -0.075758 0.163115 0.043971 0.027560 0.069948 -0.042344 -0.007250 -0.047492 -0.141062 0.076383 0.048703
occasional 0.040488 0.038310 0.272899 -0.033969 0.022865 0.082855 -0.010249 0.088974 0.137061 -0.017311 -0.109887 -0.054475 -0.070073 0.033208 0.013872 -0.076433 -0.109478 -0.041265 -0.077028 -0.104330 0.180550 0.050784 -0.118070 -0.146300 -0.037595
ukrainian 0.139638 0.026376 -0.094058 -0.104132 -0.009486 0.093138 0.006894 -0.022100 -0.066525 -0.032253 -0.100803 0.024267 0.065179 -0.010544 0.061342 0.061945 -0.175593 0.109247 -0.034302 0.128634 0.150116 -0.052955 0.173881 -0.005161 -0.129489
flying -0.031049 0.065378 -0.129528 0.022009 0.058512 -0.021476 0.096377 -0.047015 0.022890 -0.058282 -0.114521 -0.091474 0.050809 -0.148628 0.043208 -0.170983 0.050045 0.025465 0.021689 -0.134363 -0.198316 0.084857 -0.123749 -0.091956 -0.161411
danish -0.032673 0.174727 -0.037507 -0.067847 -0.036027 -0.033486 0.019312 -0.181847 -0.085915 0.007804 -0.003467 0.076783 -0.056488 -0.082930 0.029876 -0.029878 -0.195066 -0.007721 0.068017 0.052531 0.077764 0.048349 0.139236 0.130574 -0.014962
norway -0.116395 -0.153148 -0.005305 -0.108902 0.101436 -0.051675 0.054213 0.091860 -0.087306 -0.083150 -0.053993 -0.034373 -0.083149 0.171732 -0.033896 0.021954 0.148434 0.031422 -0.082131 -0.030246 -0.027043 0.263389 -0.135208 0.111760 -0.063019
argentina -0.098941 -0.153476 0.003000 0.270342 0.032938 -0.011172 0.111627 0.024863 -0.153457 0.024529 -0.111923 0.109582 0.032033 0.204079 0.098667 0.072693 0.082473 -0.011946 0.067956 -0.011834 0.022889 0.113612 -0.161260 -0.011330 0.141727
louder -0.083483 -0.029008 -0.002042 -0.056518 -0.114474 0.130913 -0.018552 0.182565 -0.054632 0.191813 0.083222 -0.063002 -0.026414 0.101450 -0.025076 -0.023463 -0.121891 0.070488 -0.124117 0.143916 -0.238720 -0.141597 0.030993 -0.017871 0.102171
argentinean 0.000251 0.002828 -0.059234 0.124856 0.031901 -0.054142 -0.034603 -0.075078 -0.050924 -0.049928 -0.132522 0.080209 -0.032372 0.054909 0.170721 0.096576 -0.226926 -0.022257 -0.013170 0.118473 0.117801 -0.174778 0.032684 0.059786 0.013239
denmark -0.174520 0.010046 0.005778 0.035141 0.020074 -0.135002 0.146756 -0.000486 -0.108676 0.056822 -0.032560 0.105142 -0.012041 0.055390 -0.132549 -0.110227 0.061885 -0.081806 0.062069 0.011810 0.083617 0.260953 -0.009606 -0.054010 0.060597
