move -0.065709 0.159982 0.158191 -0.281082 0.338303 0.184807
tougher -0.178736 -0.101283 -0.003318 0.082967 -0.062356 -0.142733
occasionally 0.103135 0.148012 -0.050078 0.243639 0.014002 0.101621
argentina 0.269927 -0.187401 0.122308 0.006358 -0.084951 0.001497
danish 0.059446 0.180529 -0.253073 -0.059651 0.016508 -0.157542
fly -0.036294 0.152493 0.177616 -0.201798 0.254698 0.185592
louder -0.202844 -0.113551 -0.057481 0.120491 -0.075413 -0.101784
loud -0.166791 -0.149451 0.148696 0.180276 -0.131918 -0.001443
norway 0.243100 -0.207896 0.232297 -0.055968 -0.148283 0.055567
ukraine 0.136643 -0.212606 0.142857 0.000181 -0.176265 0.078844
professional -0.167776 -0.035854 -0.168441 0.158066 -0.209807 0.285540
moving 0.050781 0.147850 0.211127 0.050552 -0.019643 0.137146
tough -0.197132 -0.064533 0.135006 0.131126 -0.189650 0.018970
flying 0.077085 0.173662 0.239040 0.125816 -0.079214 0.181042
professionally 0.125769 0.114325 -0.134990 0.332430 -0.025532 0.109148
norwegian 0.019311 0.112072 -0.194952 -0.019345 -0.076179 -0.117503
argentinean -0.015613 0.162164 -0.237645 -0.031437 -0.062861 -0.142724
ukrainian -0.076965 0.128676 -0.265008 -0.005745 -0.166049 -0.116393
occasional -0.173154 -0.029696 -0.082729 0.067617 -0.179132 0.284811
denmark 0.245078 -0.170406 0.105889 -0.028933 -0.057107 0.041490
