hanoi 0.059665 -0.020931 -0.261455 0.201636 -0.137620 0.238472 -0.041596 0.102714 0.252088 0.075665 -0.096901 -0.098151 -0.079041 -0.006648 0.120143 -0.067672 -0.363887 -0.267533 -0.147498 0.057655 -0.112076 0.090241 -0.007872 0.134512 -0.268741 0.036059 -0.077669 0.203019 -0.155850 -0.004032 -0.158304 0.148711 -0.031367 0.209087 -0.119061 0.376944 0.172868 0.049967 -0.123047 -0.029236
tougher 0.022786 0.043779 0.256566 -0.263164 -0.011286 0.106235 -0.236880 0.028622 0.250186 -0.031100 -0.044364 0.131454 -0.237368 -0.336620 0.303678 -0.052964 0.029509 -0.149893 -0.101965 -0.010546 -0.193757 -0.060696 0.110530 -0.116906 -0.048654 -0.020344 0.155881 0.128857 -0.027442 -0.045669 -0.094812 -0.014750 0.026975 -0.236670 0.166968 -0.271727 -0.162950 0.110207 0.003013 0.019412
occasionally -0.172263 -0.157158 0.070156 -0.063011 -0.071584 0.124871 0.238627 0.002617 -0.079730 -0.007835 0.197161 0.101970 0.004157 -0.010935 -0.153283 0.209001 -0.125819 -0.038453 -0.282361 -0.240306 0.053694 0.350597 0.203491 -0.223464 -0.287233 0.003927 -0.018139 -0.013001 0.059084 -0.139216 0.005022 0.038528 -0.186601 0.061803 -0.103584 -0.075544 0.112290 -0.321088 0.053607 -0.099096
ukrainian 0.234936 0.288029 0.031611 0.074042 0.219107 0.067055 0.043963 -0.080779 0.167389 0.076210 0.116791 0.006924 -0.100650 -0.001738 -0.092650 -0.025847 -0.019061 -0.267489 -0.288909 0.286166 0.009316 0.125892 -0.103936 -0.122971 0.030253 -0.010984 -0.016038 0.096203 -0.029348 -0.233575 0.005631 -0.158723 -0.213435 -0.062983 -0.129861 -0.079891 0.132723 -0.044560 0.080495 -0.106939
occasional 0.008744 0.048989 0.022817 -0.160016 -0.016727 -0.057797 0.286519 -0.003330 0.192972 0.212244 0.038360 0.166024 0.070218 -0.026821 -0.006144 -0.036438 -0.060160 -0.338123 0.009345 -0.038227 0.086020 0.194682 -0.114027 0.023949 -0.257680 0.122570 0.061523 0.148525 0.128487 -0.200423 0.059252 0.066627 -0.079722 -0.081045 -0.390418 -0.149823 0.099410 -0.143190 0.017933 0.101055
norway 0.048290 0.058262 0.191948 -0.022800 0.048289 -0.063826 -0.030182 -0.131603 0.092276 0.125070 0.176184 0.021542 0.073288 0.072105 0.088628 -0.061682 -0.075961 -0.050595 -0.235661 -0.071824 0.045349 0.076033 0.220795 0.162154 0.178545 -0.097266 0.273909 0.202503 -0.128196 -0.033498 -0.291144 0.078888 -0.023918 0.184258 -0.041560 0.014991 -0.070040 0.282884 0.017162 0.150351
baghdad 0.170703 -0.247571 0.169858 -0.098587 0.188644 -0.170877 -0.152687 0.259222 -0.039989 -0.025861 -0.040481 -0.074086 -0.095610 0.045919 0.099517 -0.026414 -0.095618 -0.118072 0.104716 -0.117952 0.049338 -0.061109 0.113869 -0.108903 -0.109488 -0.186929 0.050383 0.396860 0.019010 -0.117057 -0.011458 0.231152 -0.161227 -0.187413 -0.196757 -0.061233 0.127929 -0.000141 -0.158692 0.201694
illinois -0.142895 0.109786 0.082911 0.082824 -0.290824 0.398864 -0.073538 -0.113885 -0.111761 -0.085534 0.108771 0.180507 -0.265128 -0.149966 0.029765 0.246050 0.091444 -0.030510 -0.007512 -0.116677 0.010717 0.061008 -0.039825 -0.029179 0.094788 0.049222 -0.061491 -0.035063 0.160736 -0.097446 -0.047510 0.228912 -0.245671 -0.015865 -0.186256 0.056308 0.172398 0.099721 0.005436 0.185204
moving -0.162034 0.028810 0.131520 -0.064426 0.187109 -0.114692 -0.113597 -0.162024 -0.309385 -0.090551 0.094647 -0.047486 0.036202 0.190598 0.304925 -0.050249 -0.237656 0.118905 -0.244812 -0.000768 0.060501 -0.165551 0.155315 -0.078128 -0.085207 0.120164 0.126756 0.099103 -0.210840 -0.265425 -0.186553 -0.046251 -0.182281 -0.131683 -0.237857 0.120969 0.049745 -0.143333 -0.226781 0.112041
loud -0.127819 -0.104942 0.055147 0.147806 0.047376 0.015986 0.061504 0.085166 -0.136016 -0.066870 -0.170283 -0.018269 -0.213495 -0.256066 0.000730 -0.236679 -0.213015 -0.169494 0.174602 -0.120533 -0.229672 0.271722 0.131865 0.166248 0.070616 -0.150365 0.064267 -0.007365 -0.043242 -0.269065 -0.076498 -0.078840 -0.236867 0.050521 -0.179240 -0.074670 -0.107840 0.098986 0.102392 -0.075499
thai 0.120237 0.004147 0.108394 -0.062072 -0.226102 -0.011693 0.041632 0.045795 0.153431 -0.275990 0.470013 0.027116 -0.240309 0.018609 0.207365 0.151245 -0.042695 -0.125356 -0.080750 -0.065548 0.202091 0.090000 -0.159162 -0.005267 -0.115173 -0.278521 -0.332402 -0.161731 -0.083549 -0.069042 -0.042989 0.071011 -0.011834 -0.000670 -0.063752 -0.097405 -0.197705 0.079151 -0.056828 0.049182
croatian 0.043602 -0.098898 -0.244926 0.219501 0.231628 0.024800 0.077507 -0.014833 -0.270818 -0.203287 -0.120971 0.221181 -0.022996 -0.061915 0.135659 0.099652 0.193391 0.033265 -0.307621 -0.129516 -0.247444 0.134320 -0.027354 0.051694 -0.194383 -0.042336 -0.083816 0.243999 0.119163 -0.076204 -0.069780 0.105535 -0.021365 -0.032526 0.098556 -0.271292 -0.039131 0.129616 0.254904 0.042133
argentina 0.145864 0.008703 0.127076 0.025603 0.248275 0.168870 0.081257 -0.056176 0.008899 -0.116067 -0.054229 0.031142 -0.143704 0.064746 0.104344 0.228597 -0.078931 -0.052887 -0.049564 0.030142 0.205919 0.232230 -0.061337 0.343201 -0.142632 0.114012 -0.049145 0.091585 0.085186 0.093191 0.226098 -0.188870 -0.200022 -0.130046 0.060275 0.034996 0.000776 0.145038 -0.147918 0.027016
vietnam 0.024528 -0.098892 -0.175554 0.031164 0.004756 0.259189 -0.118441 0.151379 0.068885 0.076456 0.135027 -0.253859 -0.150627 0.202780 0.146147 0.044821 0.105150 -0.017249 -0.066402 -0.155601 -0.257225 0.239200 -0.012659 0.085536 -0.155296 -0.106667 0.117956 0.111472 -0.141034 -0.091712 -0.280541 -0.034501 -0.108172 -0.068358 0.005345 0.140828 0.152669 -0.029305 -0.115056 -0.177301
norwegian 0.100676 -0.017534 0.349866 -0.182417 -0.016084 -0.139103 0.080022 -0.143840 0.138822 0.194654 0.172784 0.085521 0.139511 0.054617 0.141408 -0.042066 0.078937 -0.201214 -0.266923 -0.019974 -0.037873 0.156971 0.151500 0.155058 0.247721 -0.168406 -0.020306 0.224184 -0.228221 0.112265 -0.230347 0.091382 -0.021461 0.050984 -0.055704 0.075681 -0.194048 0.110581 -0.047656 -0.002790
professionally -0.107369 -0.018031 0.018874 0.025772 -0.184927 0.055820 0.258243 0.205036 0.040553 0.126068 -0.005529 -0.122540 -0.005439 0.111903 0.072840 0.125868 -0.300337 -0.164405 -0.202361 0.127298 0.038487 0.112094 0.022541 0.037460 0.098709 -0.124659 0.241161 -0.064210 -0.166331 -0.059875 -0.047566 0.076453 -0.115707 0.043776 -0.033732 -0.105461 -0.020894 0.228532 0.219089 0.203187
argentinean 0.187101 -0.186053 0.112194 -0.005980 0.039696 0.112506 0.095707 -0.160963 -0.026925 -0.159878 0.104290 -0.028567 -0.159985 -0.172561 0.032341 -0.016666 0.019902 0.171340 -0.055723 0.063454 0.221609 0.164815 0.216564 0.418041 -0.096587 0.193362 -0.091292 0.127953 0.021347 0.066579 0.235658 -0.261063 -0.323616 0.014381 -0.135703 -0.011904 0.012910 0.112388 -0.075916 0.191687
louder 0.085932 -0.040678 0.089393 0.098099 -0.078108 0.126609 0.119641 -0.020925 -0.090588 0.027922 -0.294744 -0.078179 -0.257904 -0.038451 0.023393 -0.221003 -0.250718 -0.046455 0.215983 -0.060610 -0.177771 0.204006 0.014804 0.090857 0.043240 -0.187056 -0.156183 0.022775 -0.075922 -0.395664 0.141577 0.007869 -0.083913 0.059970 -0.024645 -0.197333 0.009714 0.028424 -0.011847 0.030924
chicago -0.036727 -0.059375 -0.084280 -0.119501 -0.218490 0.221180 -0.190128 -0.251698 -0.037692 -0.289754 0.090380 -0.149212 -0.187369 0.000069 -0.165285 -0.055353 -0.080254 -0.037037 -0.151249 -0.079825 -0.187190 0.164086 -0.018647 0.026945 -0.061726 -0.017491 0.000282 -0.000530 0.202750 -0.057820 0.021232 0.025567 -0.342480 -0.320972 0.013168 0.046314 0.017432 0.056674 0.027925 0.187698
move -0.000212 -0.062536 0.143080 -0.013326 0.071789 0.054857 0.018238 -0.204652 -0.297129 0.143952 0.126445 -0.048931 -0.010505 0.223653 0.293275 -0.155409 -0.197028 0.065584 -0.259889 -0.168844 0.078055 -0.041155 -0.044310 0.038213 -0.124476 0.245835 -0.057585 -0.051781 -0.079582 -0.058424 -0.000362 -0.115575 -0.156726 0.047807 -0.029047 -0.129668 -0.140479 -0.084365 -0.377315 0.114990
thailand 0.234931 0.068269 0.088861 0.027761 -0.178975 0.016083 0.146790 0.004575 0.162927 -0.247099 0.278956 0.215240 -0.222786 0.146460 0.173078 0.196851 -0.031410 -0.114139 0.104674 -0.150708 0.181008 0.082905 -0.158905 0.073930 -0.056302 -0.057568 -0.270242 -0.135039 -0.125853 -0.100007 -0.211411 0.081440 0.030654 0.132940 -0.248589 -0.032576 -0.286036 0.103156 -0.128062 0.098358
ukraine -0.119762 0.174762 -0.110448 -0.066987 0.163180 -0.024113 0.057772 -0.209633 0.284918 -0.072465 0.003455 -0.045754 -0.155973 0.096814 -0.108711 -0.245037 -0.002652 -0.371467 -0.294184 0.212557 -0.148002 0.223119 -0.234272 -0.132400 -0.045177 0.018617 -0.261862 0.109251 -0.055395 -0.354242 -0.152778 -0.256224 0.157023 -0.109182 0.054207 0.039991 0.031900 -0.004132 0.100946 0.325248
plano 0.097094 0.038241 0.395116 0.077329 0.027519 -0.243591 -0.092552 -0.170911 -0.159649 -0.084286 -0.146310 0.216048 -0.106928 -0.015695 0.021343 0.155047 -0.105791 -0.126444 -0.013367 0.039455 -0.271925 0.206341 -0.003431 0.071591 -0.006662 -0.214797 0.012569 0.023963 -0.044916 -0.085755 -0.091086 -0.064497 0.142729 -0.186555 -0.090152 -0.001837 0.289921 -0.151927 -0.229463 0.080044
texas 0.230544 0.194704 0.405252 -0.120725 0.008314 -0.055311 0.083913 -0.206009 -0.206393 -0.088834 0.148949 0.032067 -0.299524 -0.020778 -0.014050 0.154910 0.021255 -0.019365 -0.008853 0.024392 -0.292385 0.111562 -0.175011 0.289953 -0.018430 -0.070152 0.208832 0.088615 0.021771 -0.034224 -0.007001 -0.088861 0.235394 -0.038306 -0.137565 -0.288546 0.195275 -0.124114 -0.133760 -0.044900
tough -0.017988 0.272765 0.118853 -0.023269 0.022135 0.106472 -0.286560 0.006380 0.245486 0.110822 0.051193 0.044230 -0.266196 -0.361139 0.195913 -0.119074 0.086927 -0.327016 -0.021676 -0.084231 -0.107521 -0.073922 0.274918 -0.034986 -0.179826 -0.295038 0.016470 0.140749 -0.326400 0.028011 0.056944 -0.169118 -0.149513 0.040172 0.217407 -0.154465 0.029161 0.054532 -0.031889 0.067664
flying 0.025677 -0.195312 -0.027901 0.095839 -0.011917 0.358389 0.069795 0.205387 0.130564 -0.083418 -0.318759 0.254895 -0.092922 0.142014 -0.119218 -0.054230 0.280980 -0.232728 -0.293832 -0.010648 0.065800 -0.172025 -0.231037 0.064175 0.165398 -0.115469 0.121344 -0.114788 -0.129823 -0.124368 -0.004780 -0.159251 -0.018431 -0.167499 -0.148159 -0.121055 0.103973 0.115183 0.009111 -0.066821
iraq 0.023612 -0.187492 0.289209 0.039395 -0.017590 -0.179755 -0.118458 0.211331 -0.008905 0.133372 0.016981 0.102767 -0.209793 0.256525 0.007273 0.024845 0.136899 0.036031 -0.046679 0.030301 -0.030327 0.080830 -0.017924 -0.019271 -0.157288 0.005828 0.163388 0.308683 0.067762 -0.065922 0.037566 0.066778 -0.161362 -0.068370 -0.036757 -0.168496 0.048061 0.208289 -0.050825 0.170527
professional 0.030821 -0.242563 0.016397 0.014074 -0.226120 -0.076003 0.139464 0.171260 0.053382 0.102265 -0.044261 -0.075689 -0.088949 0.132608 0.100567 0.262590 -0.243309 -0.132019 -0.260688 0.015835 0.020171 0.051613 0.129770 -0.067544 -0.029832 -0.118679 0.199395 -0.185226 -0.067068 -0.027871 -0.050078 0.002982 -0.176147 0.012223 0.080714 -0.142955 0.241778 -0.103090 0.220675 0.332144
fly 0.143344 -0.376370 0.059970 -0.038031 0.085154 0.228423 0.066372 -0.153745 0.062265 -0.196675 -0.319830 0.162491 0.057105 -0.092492 -0.014522 -0.036369 0.203548 -0.044202 -0.273094 -0.055714 -0.063295 -0.083947 -0.140903 0.176478 -0.028809 0.101078 0.068133 -0.168413 -0.136895 -0.071937 -0.068902 0.150182 -0.127062 0.043426 -0.190315 0.147115 -0.031554 0.043329 0.003463 0.172088
danish -0.092422 0.043711 0.139359 0.050149 0.156937 0.036313 0.209616 0.034712 0.052443 0.191292 -0.013693 0.336513 -0.173821 -0.188869 -0.130936 0.161289 -0.198164 0.128465 -0.160190 0.032199 -0.123313 -0.229160 -0.102963 0.135216 -0.172527 -0.096553 -0.012889 0.140096 0.006270 0.041654 -0.263250 0.060370 -0.233966 0.123388 0.064047 0.162312 -0.023195 0.076826 -0.036714 0.208257
denmark -0.014492 -0.089945 0.093212 0.148761 0.150407 0.220802 0.039836 0.112816 -0.055837 0.091036 -0.018875 0.161749 -0.201275 -0.285066 0.029971 -0.147548 -0.234932 0.112261 0.063054 0.111865 0.051429 0.027687 -0.127711 0.107531 -0.113332 -0.061119 0.057406 0.134941 -0.222990 0.013546 -0.284758 0.024500 -0.180366 0.002616 0.229742 -0.035643 -0.155413 0.146386 0.002388 0.196496
croatia 0.292846 -0.069668 0.029220 -0.040200 0.138462 0.232783 0.102069 -0.143061 -0.237063 -0.275283 -0.093935 0.153865 0.101553 0.132496 0.021826 -0.016633 0.069772 0.039983 -0.028638 -0.191598 -0.184211 -0.121777 -0.063872 0.050543 0.007793 -0.161493 0.068239 0.141704 0.049729 -0.188524 -0.180949 0.183526 -0.035925 -0.134442 0.013413 -0.312494 -0.125752 -0.110865 0.145165 0.128988
