hanoi -0.191709 -0.106480 -0.019521 0.162443 0.091522 0.095434 0.145650 0.165210 0.229712 0.060909 -0.084105 0.098124 -0.023570 0.038460 -0.013629 -0.180554 0.351056 -0.089786 -0.052184 0.071939 -0.009795 0.147148 -0.114398 0.180714 0.135186 -0.071856 0.005112 0.073828 -0.007267 -0.099211 0.014334 -0.129990 0.106006 0.058989 -0.085583 0.025702 0.060439 -0.107531 -0.196324 -0.237129 -0.038659 -0.027909 -0.013676 -0.041021 0.219352 0.239360 0.013928 0.170830 0.235008 0.139344 -0.089870 -0.035120 -0.232929 -0.139592 0.172169 -0.014906 0.019513 0.084031 0.279197 0.005822
tougher -0.095400 0.000522 0.022367 -0.033438 0.082346 -0.051644 -0.247483 0.121707 0.026015 -0.040787 0.114528 -0.077720 0.026668 -0.074669 0.030887 0.063871 0.095368 -0.016317 -0.020005 -0.070710 0.160156 -0.245713 -0.028556 0.283388 0.094016 -0.119135 0.116324 -0.175611 0.032359 -0.052757 0.141651 0.001870 -0.028461 -0.110095 -0.134953 -0.009317 -0.028782 0.036343 0.016477 -0.006689 0.144819 0.068845 -0.051442 0.292982 -0.117716 -0.053321 -0.118949 0.127094 0.164961 -0.077873 0.111499 -0.115071 -0.019571 0.066351 -0.159697 0.116435 -0.216798 0.282985 -0.115849 -0.316903
occasionally -0.140137 0.003295 -0.160743 -0.045356 0.042040 -0.143447 -0.122012 -0.128339 0.165363 0.140209 -0.101189 0.147581 -0.237886 0.323481 0.009173 0.064211 -0.081829 -0.035086 -0.163560 0.053211 -0.143038 -0.053028 0.076428 -0.088020 -0.089807 -0.007097 -0.156521 -0.030407 -0.215637 -0.210133 0.004872 0.021870 0.000167 -0.042921 -0.016186 0.112465 0.007618 0.141317 -0.022534 -0.099583 -0.303760 0.121548 -0.034773 0.001670 -0.068470 -0.003962 0.166612 0.322010 -0.084249 -0.099949 -0.031502 0.099205 -0.033878 -0.260350 -0.055290 0.046854 0.004640 -0.029197 0.014668 0.007112
ukrainian 0.069509 -0.106127 0.052230 0.099128 -0.077604 0.088523 0.022677 0.084200 -0.038513 -0.044419 -0.194033 0.007514 -0.119099 0.030638 0.034270 -0.008193 -0.068840 0.136680 -0.066463 0.071347 0.042679 -0.175739 0.045759 0.234848 0.327355 0.052752 0.190454 -0.038086 0.137070 0.003160 -0.087767 -0.084556 -0.133049 -0.146081 0.178550 0.026817 -0.055554 -0.000730 -0.109561 0.009152 -0.158822 0.274990 -0.239712 -0.032530 0.042409 0.024983 0.127978 0.104480 0.127408 0.012277 -0.107441 0.074349 0.053083 -0.255388 0.192823 0.030057 -0.092412 0.028959 0.034593 -0.213269
occasional 0.171174 -0.303035 -0.007342 -0.067696 -0.023438 -0.150697 -0.006497 -0.074504 0.080395 -0.012032 -0.017055 -0.161070 -0.136494 0.197547 -0.092250 -0.106315 -0.065155 -0.064671 -0.094615 -0.024415 -0.071533 -0.131969 0.049890 0.029715 0.119201 -0.273536 -0.065793 0.167978 -0.046538 -0.155989 0.073473 -0.103427 -0.209454 0.106213 0.118383 0.093978 0.018369 0.066749 -0.001566 -0.197386 -0.113147 0.153544 -0.080085 0.072737 -0.115254 0.126473 0.052458 0.108772 0.146787 0.013516 0.088208 -0.054516 -0.020810 -0.266904 0.024600 -0.134168 -0.077829 -0.138697 -0.100211 -0.062681
norway 0.101188 0.076680 -0.128053 0.205335 0.017875 0.059823 0.053819 -0.018328 0.113619 -0.072090 -0.025033 -0.126218 0.059966 -0.147005 -0.024554 -0.095062 0.093065 0.131946 0.007022 -0.019310 0.193548 0.033673 -0.009286 0.097444 0.073777 -0.031791 0.084602 -0.096372 -0.032126 0.033063 -0.168304 -0.095473 0.021222 -0.047381 -0.040273 0.055570 -0.079120 -0.034399 -0.028516 -0.044559 -0.083274 -0.144832 0.137035 -0.003091 -0.173811 0.027567 -0.002815 0.011015 0.117629 -0.133325 0.120614 0.176667 -0.279070 -0.225066 0.085659 0.108266 -0.235138 0.197301 -0.187458 0.054089
baghdad -0.001226 -0.052758 0.127524 0.090048 -0.091043 -0.075831 0.014467 -0.168695 -0.142274 -0.223568 -0.064676 -0.171559 -0.111115 0.112118 -0.282176 0.050665 0.244000 -0.144380 0.128244 -0.030247 0.200884 0.017566 -0.141594 -0.056852 0.064125 -0.179228 -0.165019 0.050777 -0.043746 -0.018274 0.099316 -0.148816 0.010492 -0.182517 0.131127 0.056296 0.078884 0.069676 0.107465 -0.179339 -0.010306 -0.018915 0.066292 0.235150 -0.048129 0.062658 -0.086553 0.218353 0.084273 0.184068 0.036032 0.201518 -0.011937 0.059916 -0.090344 0.204837 -0.000149 0.023108 -0.095403 -0.164788
illinois 0.021630 0.116333 -0.192032 0.115018 0.188721 0.066574 0.006569 0.003219 0.091074 -0.093499 0.189302 0.248038 0.072563 0.235044 0.061946 0.169004 -0.089851 -0.261954 0.045250 -0.089963 0.059188 -0.007502 0.055513 0.053234 0.073316 -0.081560 -0.077535 -0.193667 -0.105282 -0.023012 0.200153 0.019925 -0.093611 -0.260018 -0.029947 -0.094962 0.175911 -0.075130 -0.171620 -0.251084 -0.278655 0.160284 -0.123680 0.015940 -0.063286 0.074373 -0.065940 -0.147217 -0.009659 -0.038545 -0.111990 -0.120177 0.003424 0.026476 0.003197 0.041358 0.060570 0.087727 -0.069297 0.035453
moving 0.038684 0.037048 -0.106042 0.133988 0.015425 -0.108865 0.221260 -0.087649 -0.028339 -0.065498 -0.093494 0.073546 0.030721 0.040602 0.138853 0.042739 0.099294 0.028098 0.102954 0.048418 -0.077361 -0.158773 0.115843 0.105258 -0.085684 0.061632 -0.010455 0.255230 -0.071238 -0.017337 0.036686 0.032690 0.088904 -0.282904 -0.078822 0.098687 -0.219251 -0.017022 0.019212 -0.020257 0.025438 0.123446 0.142812 0.041592 -0.264115 -0.122535 -0.057447 0.262430 0.038602 0.330440 -0.089952 0.261106 -0.270862 -0.039948 0.045566 0.052329 0.113350 0.138287 -0.239547 0.037565
loud -0.163149 0.067794 0.060715 0.030835 0.015963 -0.134382 0.002544 0.229067 -0.113466 0.000068 0.018213 0.263909 -0.067700 0.090092 -0.236970 -0.128188 0.083403 0.084364 -0.104619 -0.285524 -0.008414 -0.047273 0.050143 0.058678 -0.072455 -0.096227 -0.020498 0.037520 -0.021850 0.050227 -0.077692 0.046044 0.022595 0.023859 -0.074410 0.047254 -0.029667 -0.042986 0.055474 0.014531 -0.135585 0.141686 -0.056323 0.149341 0.176717 0.353864 -0.185533 0.122511 0.046822 -0.005193 0.092025 -0.083504 0.021670 -0.092057 0.014478 0.187581 -0.076435 0.012623 -0.315930 -0.115580
thai 0.008213 -0.150421 0.179535 0.105188 0.005846 0.156677 0.127373 -0.076718 0.048117 -0.063752 0.099655 0.129357 -0.022124 -0.039969 -0.146475 0.224393 0.137149 -0.074714 -0.217699 0.109006 -0.016879 -0.175048 -0.197172 0.071519 0.083007 -0.139520 -0.030499 -0.141649 -0.199258 -0.032843 0.206647 -0.010109 -0.020518 0.051319 -0.040565 -0.029357 0.297671 0.210894 0.004645 0.085395 -0.069873 0.148191 0.062683 0.032279 -0.029000 -0.074880 0.196255 -0.267029 -0.203034 -0.073352 -0.247418 -0.030978 -0.234722 -0.187817 -0.044189 -0.017023 0.022201 0.134648 -0.136163 -0.097405
croatian 0.016945 -0.007712 -0.208640 0.143224 0.047228 0.035215 -0.013105 -0.069404 0.204963 0.057661 -0.055096 -0.018675 -0.058322 0.010337 0.065457 0.036610 -0.078591 0.001382 -0.218095 -0.105041 -0.018736 -0.133380 -0.128933 0.190209 -0.316281 -0.146158 -0.024448 0.050998 -0.038884 0.084698 -0.150846 0.134975 0.098018 -0.280630 0.147561 0.036905 0.087377 -0.109707 0.113094 -0.138479 0.103382 -0.018419 -0.189944 0.138936 0.227281 0.015510 0.027166 -0.002025 0.147255 -0.254627 -0.081771 0.071079 0.165602 0.014236 -0.048019 0.173195 0.172344 -0.033166 -0.051667 -0.042669
argentina 0.086858 0.006748 0.081782 -0.016237 -0.020947 -0.096683 -0.016743 0.169112 -0.029356 0.039369 -0.045499 0.027451 -0.127753 -0.049036 -0.012784 0.114757 -0.040875 -0.325242 -0.052752 0.024390 0.058559 -0.292818 -0.200061 -0.090095 -0.006816 -0.100685 -0.008717 -0.030444 -0.019564 -0.005341 0.069552 -0.193591 -0.119172 -0.263349 0.029599 0.052891 -0.112600 -0.345325 -0.050796 0.187346 -0.082524 0.044132 0.104022 -0.039555 0.085645 0.036823 0.100454 0.028953 0.044605 -0.106144 -0.194831 0.092292 -0.098705 -0.054897 0.051223 0.070301 -0.000388 -0.246919 0.011317 0.025876
vietnam -0.128914 0.050504 -0.160990 0.077559 -0.047543 -0.090956 0.004696 0.083167 0.124637 -0.125250 -0.132373 0.121766 -0.131125 0.010069 0.155207 -0.109700 0.253773 -0.061035 -0.192459 0.086853 -0.007012 0.132669 -0.229011 0.055262 0.025763 0.028666 -0.242912 0.004317 0.234730 -0.178056 0.072764 -0.028129 0.081505 -0.161815 0.071164 0.077009 -0.039661 0.094580 -0.048591 0.050900 -0.011447 0.026798 0.133462 0.107636 0.146869 0.037038 -0.130330 0.038708 0.050398 0.094434 -0.121467 -0.102075 0.017976 -0.252521 -0.008742 0.083035 0.008744 0.223126 0.062474 0.093122
norwegian 0.265589 0.119972 0.109954 0.084827 0.039506 -0.037318 0.136220 -0.180172 0.116434 -0.057551 0.079668 -0.068471 0.069171 -0.090961 0.034251 0.047289 0.194749 0.151490 0.001588 0.065351 0.137711 -0.053633 -0.133790 -0.018344 0.032416 -0.128849 0.010049 -0.043851 0.129828 -0.139493 -0.309525 -0.119196 0.046070 -0.047865 -0.042897 0.004623 0.001053 -0.067098 -0.019000 0.050445 -0.176711 -0.133424 -0.071127 0.033269 -0.276664 -0.054907 0.021619 0.025963 0.071948 -0.061292 0.106305 -0.081033 -0.287329 -0.192557 0.060718 0.163101 -0.311903 0.089204 -0.180047 -0.122714
professionally -0.052125 0.083656 -0.091584 -0.021136 0.255112 0.077919 0.176706 -0.011511 -0.051117 0.010368 0.024778 -0.085636 0.028767 0.078699 -0.085481 -0.005661 0.095790 0.084774 -0.115631 -0.103178 -0.017357 0.041103 -0.017592 0.033063 0.205003 -0.012603 0.044444 0.133408 0.147621 -0.051895 0.001700 -0.162511 -0.031589 -0.115584 -0.195980 0.209925 0.132465 0.185168 -0.161836 0.049595 -0.138675 -0.167215 0.063040 0.100461 0.079946 0.104756 0.176920 0.063178 0.011452 -0.200786 0.164966 0.082636 -0.142357 -0.175658 0.099300 0.017386 0.028145 0.013711 -0.190804 0.047169
argentinean 0.096553 -0.207135 -0.074383 -0.085437 0.082853 0.023938 -0.103088 0.167482 0.055327 -0.013793 0.066862 0.059850 -0.156480 -0.074219 -0.152461 0.142255 -0.085269 -0.284577 -0.095595 -0.280141 -0.113072 -0.085253 -0.096949 0.015256 -0.129787 0.073536 -0.069829 -0.179298 -0.045864 -0.077508 0.016172 0.008982 -0.188672 -0.231348 0.064979 -0.012449 -0.096247 -0.185681 0.092596 0.067691 -0.170955 -0.030824 0.137299 -0.112502 0.039071 0.133219 0.064426 -0.057251 0.047244 0.117253 -0.114212 0.104453 -0.313921 0.008824 0.100078 0.145938 -0.079872 -0.231622 -0.204047 0.057641
louder -0.117498 -0.090290 0.117710 0.246463 -0.057056 -0.157126 -0.005394 0.113956 -0.092001 -0.052937 0.019729 0.075006 -0.061686 0.078354 -0.289898 -0.021062 0.000744 0.065104 -0.119241 -0.173464 -0.121647 -0.089810 0.102964 -0.079071 0.066551 0.041076 -0.140149 0.080703 -0.084655 0.029260 0.047940 0.051964 0.117607 -0.121090 -0.058163 -0.086943 0.066046 0.022669 -0.150915 0.118138 0.058268 0.065117 -0.100977 0.120061 0.135336 0.371896 -0.034511 -0.060216 0.205033 -0.175704 -0.016350 0.059965 0.082274 -0.070874 0.064640 0.102089 -0.016442 -0.010113 -0.205003 0.036663
chicago 0.180806 0.039076 -0.010129 0.185843 0.181712 -0.132800 -0.238307 0.077785 0.004059 0.044351 -0.126481 0.185439 -0.035042 0.109978 0.011757 0.064440 0.077512 -0.272396 0.052452 -0.078035 -0.031617 -0.204489 0.163537 0.061928 -0.049732 -0.040622 -0.040993 -0.141930 -0.104673 -0.159023 0.110341 0.152426 0.002078 -0.212780 0.090680 0.171972 0.162074 0.185612 -0.150719 -0.028881 -0.005824 -0.001427 0.141097 -0.079631 0.348336 -0.081508 0.041061 -0.080408 -0.001852 0.047398 -0.005910 -0.020563 0.016015 -0.010035 0.136550 0.027904 -0.034002 0.103574 -0.094987 -0.158399
move 0.211819 -0.055442 -0.089676 0.018298 -0.193832 -0.048739 0.070942 0.120122 0.172420 -0.134662 -0.114731 -0.000274 0.156179 0.020254 -0.106521 0.146092 0.030315 -0.038563 0.034081 0.120095 -0.126640 -0.179770 0.015148 -0.050612 -0.033051 0.114162 -0.084804 0.102689 -0.028731 -0.089770 -0.004643 0.122042 -0.005388 -0.177633 -0.149421 -0.104689 -0.131313 -0.015025 -0.093705 -0.086591 -0.057216 0.060700 0.294036 0.052644 -0.098846 -0.215599 -0.057956 0.260001 0.003155 -0.120814 -0.202249 0.071700 -0.211863 -0.075442 0.145856 -0.008734 0.105323 -0.078286 -0.241815 0.032919
thailand 0.028026 -0.154480 0.064212 -0.048230 -0.096199 0.049226 0.155736 -0.104139 0.013809 0.010227 0.250183 0.200328 0.079683 0.051021 -0.050283 0.217389 0.193346 -0.063369 -0.211896 0.016721 0.144686 -0.027122 -0.260656 0.028513 0.083613 -0.026811 0.039670 0.037569 -0.216139 -0.036130 0.118828 0.039367 -0.048102 0.090039 0.034242 -0.065164 0.120522 -0.206234 0.019256 -0.088269 0.013003 0.193169 0.150709 0.130556 -0.079293 0.067496 0.250778 -0.179339 -0.127085 -0.058418 -0.211977 -0.014456 -0.253176 -0.199279 0.035966 -0.124449 -0.022751 0.262663 -0.107057 -0.025856
ukraine 0.118281 -0.139619 0.015388 0.145038 -0.006086 0.124481 0.057357 -0.003550 0.069920 -0.010138 -0.176483 0.024639 -0.067932 0.103749 0.166765 0.196114 0.026446 0.103272 -0.259589 -0.059548 0.149833 -0.264672 0.229127 0.239757 0.073607 -0.051265 -0.040883 0.063077 -0.084815 -0.151252 -0.133196 -0.284189 -0.002451 0.079612 -0.041538 0.118653 0.097353 0.083331 -0.102600 0.075230 0.206859 0.243368 -0.188549 -0.203966 0.113912 0.131014 -0.174516 0.006257 0.176715 -0.007874 -0.029985 -0.053412 0.015767 -0.042880 0.419403 -0.136001 -0.037764 0.205998 -0.020336 -0.054014
plano 0.083800 0.131230 0.109246 0.271264 -0.040152 -0.264082 -0.257602 -0.103303 -0.076550 0.125054 -0.064627 -0.083458 -0.047189 -0.066346 0.109611 -0.070271 0.198878 -0.162357 0.058452 -0.079178 0.090521 -0.155201 0.137759 -0.089065 0.112655 -0.007415 0.012146 -0.051734 0.007349 0.081764 -0.138571 0.071434 0.035850 0.039676 0.054828 0.170490 0.123349 0.006610 0.028770 0.009575 0.078735 0.172453 -0.145996 0.124368 -0.260230 0.282128 -0.057627 0.087719 0.043618 -0.017299 -0.277868 0.216741 -0.015116 -0.087484 -0.027221 -0.041133 0.084497 0.084580 -0.222648 0.020752
texas 0.314418 0.183940 -0.016484 0.002258 -0.186904 -0.122036 -0.120834 0.101590 0.002321 0.024052 0.055821 -0.026893 -0.244493 -0.285456 -0.045004 -0.015003 0.020869 -0.091394 -0.101342 -0.067294 0.088010 -0.122438 0.020015 -0.079964 0.094513 0.001760 -0.068039 -0.110352 -0.022841 0.015772 -0.128111 0.151136 -0.056663 -0.253322 -0.046099 0.086295 -0.019782 -0.028593 0.024508 -0.031287 0.200592 0.236651 -0.134349 0.267564 -0.189342 0.184016 0.098397 -0.022880 -0.068965 0.101183 -0.161339 -0.044898 0.103861 -0.249322 -0.015383 -0.220268 -0.109384 -0.069022 -0.230807 -0.056989
tough 0.085090 0.125022 -0.018863 0.002427 0.151984 -0.095923 -0.045641 0.176953 0.102943 -0.014434 -0.102003 -0.189457 -0.044579 -0.036169 -0.204034 0.068945 0.166582 -0.021595 -0.152378 0.060772 -0.037228 0.035364 -0.072281 0.241114 -0.070230 -0.039373 0.117711 -0.318609 0.096774 -0.029655 0.136287 -0.200854 0.034276 0.110020 -0.175798 -0.057518 -0.142088 0.090631 -0.095885 0.179443 0.114367 0.266286 -0.049067 0.068573 -0.130151 0.197718 0.048143 -0.001068 0.289471 0.026581 -0.061869 -0.033379 -0.049750 0.063955 -0.117042 0.348449 -0.122843 0.221005 -0.016147 -0.353692
flying 0.119081 0.236498 -0.029586 -0.105483 -0.040735 0.015786 -0.046130 -0.144804 -0.040057 -0.049415 0.274272 0.027378 -0.050872 0.013802 0.167562 0.126463 -0.027263 0.100990 -0.157972 -0.270746 -0.296047 -0.078358 -0.056385 0.047673 0.241163 -0.222718 0.078725 -0.041791 0.151359 0.009301 0.245211 -0.148133 0.136531 -0.035158 0.268011 -0.057183 0.101488 0.115569 0.049445 -0.072678 0.070840 -0.021113 0.029240 -0.077707 0.179412 0.116836 0.011989 0.214172 0.236238 -0.189966 -0.084418 -0.014731 0.126192 -0.138247 0.121163 0.022838 0.063418 -0.009034 0.053292 -0.031609
iraq 0.052674 0.023415 -0.130145 0.085576 0.098421 -0.032217 0.081913 -0.065413 0.148200 -0.058270 -0.075152 -0.178127 -0.230376 -0.071564 -0.246350 0.050359 -0.074394 -0.081255 -0.013333 -0.146047 0.132054 -0.004403 -0.160187 -0.208466 0.117082 -0.161320 -0.035959 -0.033028 0.041486 -0.004638 0.180556 0.028632 0.080402 -0.109412 0.174075 0.103487 -0.001211 -0.031711 0.067081 -0.087923 -0.076727 0.003821 0.090731 0.244833 -0.112845 -0.093215 0.078276 0.137147 0.177779 0.111925 -0.016863 0.024107 0.115808 0.074335 0.108186 0.019891 0.030538 0.167400 -0.198727 -0.030345
professional -0.071440 0.013925 -0.179038 -0.034610 0.330652 -0.014263 0.010250 -0.151251 -0.049798 0.090303 0.002527 -0.113218 -0.118899 -0.070009 -0.071321 0.102025 0.097377 -0.076210 0.107629 -0.002362 0.078407 0.124109 0.039383 -0.010940 0.062949 -0.060189 0.082336 0.008901 0.002504 -0.154451 0.080552 -0.070373 -0.070485 -0.117792 -0.204796 0.034079 0.032147 0.256143 0.050977 -0.004375 -0.154155 0.128699 0.117079 0.101083 0.073384 0.182690 0.105851 0.090292 -0.004741 -0.253620 0.188907 0.241593 -0.075287 -0.199217 0.171713 0.047641 0.280620 0.157265 -0.016612 0.170336
fly 0.282964 -0.001530 0.058059 -0.129364 0.092572 -0.033722 -0.189039 -0.134856 -0.026763 -0.165590 0.056537 0.129010 -0.030818 0.035453 0.199691 -0.042492 0.064589 -0.088531 0.123462 -0.306105 -0.226143 -0.056528 -0.157954 0.128326 -0.036114 0.006763 0.281788 0.139755 -0.106050 -0.153242 -0.054736 -0.136708 0.084595 -0.104229 0.126851 -0.031576 0.257521 -0.111161 0.031406 -0.093020 -0.100980 -0.036132 0.155812 0.031567 0.080779 -0.053669 -0.078534 -0.011440 0.171832 -0.055828 -0.060223 -0.051987 0.053117 -0.182925 0.066838 0.086332 0.046494 -0.049516 -0.029141 0.083849
danish 0.089687 -0.053020 0.035749 -0.124699 0.027360 -0.050083 -0.085541 0.029066 0.315462 0.105524 -0.087860 -0.048589 -0.116106 0.227628 0.023371 -0.109778 -0.150730 -0.101900 0.022459 -0.072779 0.109957 0.080488 -0.109651 0.117569 0.162382 -0.144981 0.188964 -0.147198 -0.049636 0.173834 -0.018937 -0.129218 0.235902 -0.144150 -0.285668 -0.056459 0.221576 -0.208344 0.051014 -0.060196 0.053204 -0.080975 -0.089881 -0.061999 -0.029986 0.059481 0.088783 0.015630 -0.043306 0.115887 0.019589 0.004387 -0.102954 -0.114885 0.073191 0.224168 0.231897 0.054440 -0.242460 0.026541
denmark 0.054417 0.023739 -0.044530 -0.102994 -0.009755 0.102131 0.065732 0.151709 0.142181 0.244874 -0.195753 0.027041 -0.189250 0.131999 -0.160184 -0.084427 0.226461 0.026708 -0.105626 -0.199842 0.069064 -0.060828 0.086269 0.076055 0.126180 0.012945 0.124609 0.042573 -0.016910 0.201076 0.094150 -0.044837 0.173341 -0.244818 -0.131932 -0.223732 0.210117 -0.210149 -0.011303 0.205532 -0.061001 -0.055114 0.158304 0.065809 0.009024 0.098467 -0.116945 0.019895 0.120249 -0.064625 0.038545 -0.054206 -0.145159 0.091846 -0.086623 0.180807 0.004678 0.104537 -0.072970 -0.077423
croatia 0.215788 0.065582 -0.005285 -0.040631 -0.182420 0.002232 -0.167662 0.000489 -0.083582 -0.098860 0.139633 -0.031031 -0.022420 0.053388 0.016036 0.045943 0.057559 0.094759 -0.098620 -0.053169 0.094677 -0.047228 -0.050766 0.117754 -0.228683 -0.037685 -0.048392 0.026958 -0.242167 -0.004325 -0.031529 0.145176 0.286914 -0.404585 0.278988 0.011630 0.119999 -0.066512 -0.037786 -0.115525 0.138751 0.097503 -0.023985 0.149216 0.061634 -0.010424 0.080417 0.075567 -0.006279 -0.208406 0.177553 0.076629 0.110396 -0.093321 -0.024037 0.067667 0.055762 0.007296 -0.098519 -0.052025
