hanoi 0.127735 -0.009607 0.011772 0.023592 -0.012877 0.035028 0.075698 0.262047 -0.154919 -0.043132 -0.259230 0.093094 0.169115 -0.035398 -0.342121 -0.399438 0.124768 0.229035 -0.000351 0.190006 -0.311127 0.211243 0.106077 -0.169391 -0.135358 0.130723 0.001762 0.066490 0.059092 0.127697 0.047782 -0.003454 -0.296154 -0.085779 0.189475
tougher 0.124674 0.185795 0.111170 -0.119471 -0.182843 0.087096 0.163088 0.059179 -0.233480 -0.096453 0.202513 0.073856 -0.091454 -0.112470 -0.132881 0.137923 -0.355340 0.044533 0.126113 -0.117339 -0.177447 -0.019786 -0.347446 0.158146 -0.247567 -0.007215 0.127996 -0.024244 0.258319 0.004611 -0.086181 -0.063233 0.188441 0.094363 0.197896
occasionally 0.156399 0.108557 0.066379 0.299607 0.084421 -0.023613 0.287687 -0.051405 -0.165723 0.111877 0.026889 -0.232667 0.066904 -0.085171 -0.130633 -0.053964 0.144547 0.013971 0.361817 -0.240118 0.049624 0.182139 -0.050638 -0.051486 0.053841 0.055342 -0.083256 -0.084493 -0.376693 -0.079450 0.099001 0.028190 -0.041984 -0.189661 -0.294728
ukrainian 0.070634 -0.128100 0.217277 0.053814 0.051670 0.251420 -0.040035 -0.062423 -0.264034 -0.078482 0.018866 -0.079693 -0.240558 0.079713 -0.190379 -0.050695 -0.245068 0.185486 -0.123469 -0.136512 -0.157887 0.217739 0.087645 -0.035086 -0.012813 -0.254912 -0.118814 -0.050868 -0.013610 0.054563 0.049376 0.286683 -0.089640 -0.016853 0.006010
occasional 0.323144 -0.087720 -0.098863 -0.029240 0.189606 0.107257 0.167567 -0.070395 -0.240026 -0.088344 0.175704 0.024263 -0.029124 -0.059426 -0.192760 0.034545 -0.006048 -0.135414 0.118385 -0.178997 0.039581 0.475361 0.169585 0.095242 0.073674 0.025166 0.005390 -0.058565 -0.053405 0.126251 0.244749 0.144052 -0.066504 0.037091 -0.181654
norway 0.166841 0.251239 0.142208 -0.312749 0.019401 0.172258 -0.007565 -0.054236 -0.245502 0.094237 -0.227361 -0.070545 0.009357 0.034103 0.150881 -0.087628 -0.177177 0.039678 0.034239 -0.038094 -0.082712 -0.130876 0.009161 0.017775 0.106905 0.126103 -0.126425 0.067827 0.136285 0.231250 0.208768 0.188808 0.077065 0.078411 0.099867
baghdad 0.179867 0.291552 -0.269640 -0.193561 -0.017295 0.308555 0.182990 -0.127297 -0.228059 -0.004317 0.070666 0.293010 -0.116720 0.225535 -0.149040 -0.053414 -0.048972 -0.036348 -0.058639 -0.089005 -0.003288 -0.068411 0.117988 0.165457 -0.044076 0.154270 0.141671 0.141863 0.083572 -0.171415 -0.035174 -0.128099 -0.002923 -0.124891 -0.122565
illinois 0.287752 -0.252382 -0.130694 -0.015521 -0.149845 -0.221253 0.034462 -0.294541 -0.025537 0.017863 0.042662 -0.176342 0.107727 -0.145486 0.027324 -0.201698 -0.215606 0.186107 0.163042 -0.356184 -0.083935 -0.034569 0.030887 0.076304 -0.057199 0.177979 0.088881 -0.031799 -0.077249 0.059902 -0.106985 -0.099051 -0.045631 -0.290266 0.214140
moving 0.085828 0.235863 0.007922 -0.002036 0.121103 0.376212 0.213482 -0.192917 0.170843 0.323936 -0.250608 0.168572 -0.259588 0.178265 -0.010826 -0.061590 -0.159713 0.159473 0.307122 0.021668 0.055981 -0.005745 0.071128 -0.029623 0.082642 -0.098029 -0.023790 0.040983 -0.209711 0.095921 -0.039205 -0.035540 0.053172 -0.090681 0.176379
loud 0.347923 0.038763 0.267906 0.034618 -0.062828 0.072094 0.271173 0.013342 -0.182151 -0.088967 0.033471 0.094789 -0.158158 -0.130147 0.097781 0.037030 -0.058514 -0.079865 -0.179190 0.262450 0.055279 0.018663 -0.262298 0.236268 -0.032105 0.119140 0.022017 -0.064395 -0.031473 -0.014345 0.026196 -0.069103 -0.287899 -0.374341 0.001385
thai 0.221298 0.032107 -0.053584 0.075564 -0.453684 0.181656 -0.088162 0.023395 0.035986 -0.093360 0.254549 -0.106631 0.033857 -0.215864 -0.015151 -0.385490 -0.107380 -0.007507 0.120614 -0.098983 -0.239890 -0.200009 0.193698 0.165804 0.141975 -0.206807 -0.082606 -0.076453 -0.175857 0.028498 0.172597 -0.272979 0.063257 0.109554 -0.115838
croatian -0.137089 -0.073291 -0.163071 0.027070 -0.086340 -0.077431 0.184949 -0.037799 -0.145907 0.058089 0.089674 -0.022114 -0.290409 0.024642 -0.005230 -0.179089 0.207583 -0.248166 0.154258 -0.144019 -0.166110 -0.109500 -0.346253 0.030667 -0.165074 -0.081314 -0.155800 0.167068 0.059479 0.063353 -0.163615 0.266879 0.008523 -0.262385 -0.031447
argentina -0.035273 0.029724 0.097859 0.213531 -0.119902 -0.302956 0.052389 -0.270482 -0.153710 -0.085919 -0.016608 0.126513 -0.213659 0.084245 0.089052 -0.378059 -0.239519 -0.105544 0.103546 0.091824 0.057311 0.148369 0.162845 0.090256 -0.075740 -0.097528 0.080820 0.093582 -0.004847 -0.134556 0.022924 0.180018 -0.056116 0.153973 0.010572
vietnam 0.033192 0.323796 0.146552 0.240701 -0.100438 0.113556 0.046643 0.108900 -0.018390 -0.106410 -0.179945 -0.087364 -0.027988 0.087358 -0.160354 -0.214791 0.215708 -0.063394 -0.039208 -0.179415 -0.259838 0.032838 0.148073 0.056557 -0.210680 0.254530 -0.000829 0.039477 -0.004832 0.090063 -0.061262 -0.032031 -0.225704 -0.090805 0.178688
norwegian 0.263734 0.220918 0.164180 -0.150011 -0.060706 0.216183 -0.098513 -0.101103 -0.291856 -0.047163 -0.257348 0.048647 0.113379 0.065690 0.108789 0.032297 -0.139329 -0.073402 0.150659 -0.038869 -0.183215 -0.113382 -0.070082 0.034354 0.155536 0.009132 -0.049843 0.131661 0.171511 0.280308 0.284380 0.082823 0.114178 0.226277 -0.046239
professionally 0.068303 0.010350 0.122317 -0.120405 0.116023 0.257331 0.057393 0.083549 -0.229648 0.062011 0.020288 -0.059555 0.056317 -0.257866 0.092525 -0.336215 -0.031364 0.168524 -0.004949 0.011884 0.123378 0.033275 0.013573 0.142059 -0.010529 0.263324 -0.248239 0.125083 -0.021948 0.137036 0.052389 0.011438 -0.036419 0.055707 -0.086930
argentinean 0.069833 -0.070980 0.092745 0.081358 -0.263861 -0.233275 0.139160 -0.224321 -0.248335 0.006902 -0.156935 0.192753 -0.217743 -0.108696 0.247500 -0.220980 -0.035633 -0.187702 0.077800 -0.045068 0.037948 0.131084 0.140653 0.091567 0.274263 -0.009554 0.129127 0.167325 -0.137208 -0.361705 0.149143 0.068733 -0.056599 0.073134 0.196055
louder 0.235274 0.060161 -0.026227 -0.064162 -0.100891 -0.000180 0.226072 -0.024619 -0.137157 -0.197322 -0.023772 -0.061334 -0.164618 -0.099843 0.102397 -0.168751 0.063715 -0.047509 -0.252886 0.294716 -0.010947 0.204552 -0.070877 0.155315 -0.047658 0.021519 -0.118128 -0.254911 -0.018199 -0.060231 -0.098797 -0.039626 -0.036900 -0.357427 0.012842
chicago 0.106444 0.045462 -0.042525 0.114771 -0.214332 -0.040705 0.322851 -0.246449 0.173664 -0.121826 -0.096851 -0.192726 -0.027624 -0.248711 0.106805 -0.121424 0.007589 0.250186 -0.004652 -0.334792 -0.143578 0.015974 0.036155 0.139105 -0.151096 -0.107371 0.140620 0.205261 0.012731 -0.245583 0.008626 -0.001844 -0.108424 -0.130151 0.002832
move -0.018707 0.151001 -0.023770 0.049778 0.030062 0.232770 0.090846 -0.359220 0.228272 0.146176 -0.366162 0.086645 -0.076581 0.006276 0.006258 -0.265609 -0.133358 -0.177618 0.349940 0.114890 0.054771 0.020305 -0.015506 0.042705 -0.011966 -0.077775 -0.066274 -0.133588 -0.196617 -0.063773 0.096996 0.061237 0.055459 0.038408 0.121051
thailand 0.328699 -0.168708 -0.036652 0.098753 -0.297158 0.137412 -0.178153 -0.040830 -0.045901 -0.105144 0.281277 0.051395 0.088503 0.003791 0.127239 -0.428349 -0.062407 -0.115307 0.379355 0.032799 -0.082604 -0.162657 0.238898 0.004169 0.040235 -0.118379 -0.093306 -0.259643 0.075575 0.198322 0.173347 -0.195448 -0.069948 0.036148 0.040976
ukraine 0.292137 -0.300246 0.020909 0.195670 0.106597 0.214760 0.094383 -0.008962 -0.104176 -0.246175 -0.178395 0.073349 -0.261842 -0.289010 -0.287189 0.076939 0.068015 0.171085 -0.132587 -0.004124 -0.289439 -0.002960 0.144607 0.080593 -0.147020 -0.263231 -0.311904 -0.027446 0.034413 0.182379 -0.028272 0.254426 0.108568 0.110529 0.052947
plano 0.385787 0.269617 0.029768 0.043194 -0.005764 -0.021588 0.244860 -0.367651 -0.058088 -0.002146 0.210973 -0.067555 -0.159328 0.270685 0.042371 0.088330 0.157716 0.135577 -0.031547 0.135547 -0.025934 0.120936 -0.126939 -0.117344 -0.129496 -0.185526 -0.208885 0.118172 0.041214 0.127402 -0.073068 -0.115443 0.205084 -0.016987 0.103749
texas 0.254246 0.336299 0.003768 0.020667 -0.102199 -0.010458 -0.078186 -0.500347 -0.049106 -0.344442 0.262208 -0.124007 -0.182838 0.237507 0.169861 0.082151 -0.071502 -0.096670 -0.040994 -0.050097 -0.109625 0.153240 -0.197373 -0.031374 -0.003311 -0.040235 -0.246241 -0.057794 -0.232150 0.053423 0.018874 0.071572 0.025180 0.117509 0.154164
tough 0.240122 0.180287 0.321115 -0.217540 -0.139762 -0.092861 0.116549 0.247011 -0.088484 -0.183253 -0.082539 0.111474 -0.260941 -0.065471 -0.224274 -0.012334 -0.344720 0.097043 -0.026370 -0.115102 -0.292617 0.000916 -0.198994 -0.051055 -0.120758 0.091069 -0.068586 -0.013635 0.176066 -0.247775 0.191600 -0.157733 0.223883 0.012829 0.004038
flying -0.306788 -0.119505 -0.094383 0.122304 0.267674 0.024285 0.109557 -0.215546 -0.283531 -0.162655 0.078054 -0.203583 -0.252216 -0.224428 -0.156955 -0.256823 0.030702 -0.054836 -0.205203 -0.168049 -0.062062 0.038528 -0.156118 -0.018582 -0.002101 -0.100460 0.109599 -0.041674 0.287194 0.204586 0.111147 -0.278100 -0.028834 -0.031197 0.095427
iraq 0.187502 0.136236 -0.225343 -0.055775 -0.025694 0.148344 0.150814 -0.194959 -0.254261 0.076061 0.079770 0.087041 -0.136455 0.179677 -0.140432 -0.245702 -0.040082 -0.077989 -0.077805 -0.150392 0.055071 -0.179294 -0.133247 -0.019017 -0.107235 0.173545 0.096960 0.058706 0.019745 -0.147023 -0.063647 0.054888 -0.042385 0.194298 -0.088839
professional -0.061010 0.077821 -0.057512 0.025332 0.066348 0.233134 0.044369 -0.013126 -0.273568 0.111363 0.115886 -0.025321 0.053003 -0.230535 0.016429 -0.247136 0.002092 0.290473 0.196653 -0.048906 0.167112 0.182985 0.031280 0.001358 -0.083368 0.311258 -0.414206 0.170157 0.025170 -0.147810 0.004402 -0.101123 0.025495 -0.020166 -0.095408
fly -0.265405 -0.134807 -0.097269 0.109637 0.017820 0.040942 0.191474 -0.339623 -0.187426 -0.007908 -0.006702 0.214256 -0.033961 -0.200623 0.084308 -0.069879 0.021648 -0.097594 0.039126 -0.142614 -0.103530 0.034785 -0.036457 -0.108485 0.037898 -0.049761 0.143400 0.206425 0.125017 0.301349 0.229874 -0.207603 -0.160661 -0.161864 0.090684
danish 0.032261 -0.123489 0.062231 -0.249365 0.098105 -0.241281 0.306062 -0.092980 -0.208830 0.242282 0.026918 0.145416 -0.043279 0.003767 0.063941 -0.040785 -0.244454 -0.055547 0.099714 0.019473 -0.316381 -0.050246 0.098933 -0.069136 -0.162112 0.101762 -0.321120 0.110508 -0.145815 0.141927 -0.115683 -0.212962 -0.230807 0.180954 -0.016011
denmark 0.012765 0.008153 0.123530 -0.254401 -0.235554 -0.096126 0.208327 0.003799 -0.141316 0.162869 -0.117255 0.323887 -0.196628 -0.186775 0.019132 -0.171393 -0.157535 -0.075890 -0.094801 0.040073 -0.081665 -0.095313 -0.149257 -0.097339 -0.275208 0.055062 -0.085210 -0.159026 -0.093836 0.116865 -0.099880 -0.148010 -0.232358 0.013257 -0.096141
croatia -0.158349 -0.051867 -0.168761 -0.085983 -0.003125 0.168659 0.144701 -0.248897 -0.054064 -0.201643 0.062866 0.024869 -0.141472 0.187423 0.335802 -0.090441 0.015956 -0.162110 0.164359 -0.166391 -0.221874 -0.048012 -0.214369 0.028617 -0.177914 -0.054070 -0.034588 0.021227 0.031809 0.110005 -0.013927 0.091031 0.066735 -0.380015 -0.155919
