hanoi 0.157930 0.027995 -0.023913 0.083343 0.002902 -0.081931 0.084504 0.155141 -0.084783 -0.105688 -0.195233 0.041956 0.131986 -0.075242 -0.369019 -0.410448 0.024366 0.236041 0.011571 0.269752 -0.234874 0.193743 0.027017 -0.106294 -0.117268 0.162514 0.020349 0.108414 0.239798 0.051329 0.011183 -0.119596 -0.176406 -0.170563 0.087286
tougher 0.178577 0.228422 0.145173 -0.127974 0.032455 0.032608 0.157293 0.048781 -0.128872 0.022875 0.163232 0.132627 -0.031850 -0.222835 -0.174959 0.068420 -0.455408 -0.005896 0.140263 -0.103953 -0.163176 0.038745 -0.173066 0.133989 -0.245302 -0.063190 0.139745 -0.111804 0.224623 -0.040801 -0.063153 -0.181956 0.103795 0.015182 0.205497
occasionally 0.128126 0.095094 0.083379 0.303591 0.078066 -0.130868 0.302265 -0.003798 -0.265226 -0.003178 0.027102 -0.230427 -0.047464 -0.111433 -0.158855 0.005605 0.188970 -0.064551 0.241341 -0.197006 0.041699 0.107090 -0.176009 -0.022538 -0.061956 0.127567 -0.044560 -0.059492 -0.293748 -0.035809 0.071234 0.003800 -0.017142 -0.095066 -0.354581
ukrainian 0.036098 -0.098608 0.224119 0.014715 0.012125 0.243554 -0.069007 -0.091032 -0.255223 -0.099963 0.101723 -0.116570 -0.306082 0.092388 -0.225835 -0.123859 -0.212537 0.200992 -0.108140 -0.068741 -0.119838 0.256735 0.252805 0.089316 0.021157 -0.248702 -0.072261 -0.070799 -0.088111 0.066993 0.094001 0.250096 -0.102730 0.082379 -0.015399
occasional 0.282093 0.034040 -0.100481 0.035223 0.225621 0.177295 0.104035 -0.076504 -0.195852 -0.120049 0.138635 -0.048871 -0.005592 -0.046091 -0.148315 0.121174 -0.060142 -0.198181 0.169778 -0.240400 -0.024442 0.445305 0.129511 0.112708 0.156980 0.090770 0.036969 -0.089768 -0.073561 0.064120 0.323284 0.040109 -0.134071 -0.129135 -0.202007
norway 0.124962 0.237616 0.191688 -0.241772 0.001434 0.170054 -0.043519 -0.087663 -0.335332 0.085101 -0.245177 -0.138253 -0.089892 0.061986 0.216755 -0.061602 -0.271413 -0.019358 0.020082 0.021034 -0.040507 -0.071911 0.037356 -0.074287 0.110340 0.044825 -0.020165 0.126228 0.082223 0.213143 0.225180 0.190639 0.121290 0.074876 0.021312
baghdad 0.131143 0.342798 -0.301807 -0.098181 0.129504 0.248263 0.181843 -0.094540 -0.235948 0.076745 -0.032676 0.292149 -0.172326 0.299444 -0.086360 -0.187794 -0.045404 -0.002495 -0.083182 -0.066424 0.000481 -0.089635 0.114864 0.177136 -0.065081 0.195205 0.171506 0.109286 0.097642 -0.288409 -0.133548 -0.151139 0.031034 -0.198023 -0.082316
illinois 0.291285 -0.231108 -0.162115 -0.046085 -0.124136 -0.273784 0.124870 -0.311770 -0.014167 0.035453 -0.023755 -0.194432 0.136683 -0.072736 0.037066 -0.198962 -0.211211 0.170429 0.129421 -0.381472 -0.042696 -0.029570 -0.019682 0.118318 -0.137489 0.133663 0.052528 -0.056833 -0.128216 0.146363 -0.116529 -0.086702 -0.006037 -0.214203 0.185612
moving -0.031452 0.199123 0.061242 -0.017757 0.063737 0.387390 0.324165 -0.193974 0.097003 0.281377 -0.244732 0.180941 -0.184993 0.237460 -0.075413 -0.066183 -0.093071 0.136834 0.238812 0.029526 0.003399 -0.066280 -0.049316 -0.074332 0.016952 -0.066094 -0.029927 -0.013191 -0.198794 0.143143 0.018318 0.012911 0.062943 -0.090288 0.189610
loud 0.321627 0.114548 0.179389 0.079669 0.007930 0.076006 0.255580 0.021066 -0.194339 -0.054526 -0.105741 0.087300 -0.155261 -0.226694 0.030435 -0.004440 -0.056201 -0.099482 -0.155296 0.277914 0.120388 0.026595 -0.203251 0.181098 -0.073337 0.140463 0.011673 -0.096530 -0.092717 -0.144086 0.043224 -0.105400 -0.237135 -0.251454 -0.072491
thai 0.085353 0.074555 -0.061381 0.118253 -0.329148 0.197781 -0.038960 0.017072 -0.036076 -0.013363 0.343565 -0.118900 0.030814 -0.193268 0.074510 -0.419363 -0.029766 -0.031612 0.221521 -0.132599 -0.164156 -0.165929 0.179865 0.122415 0.162940 -0.130762 -0.144741 -0.138970 -0.182641 0.079722 0.075568 -0.211057 0.035271 0.197032 -0.072625
croatian -0.060846 -0.120033 -0.137412 -0.018082 -0.094975 -0.147936 0.131395 -0.122605 -0.159449 0.004012 0.145960 -0.065085 -0.197095 0.045122 -0.040760 -0.111740 0.022632 -0.183955 0.159775 -0.173854 -0.222754 -0.058521 -0.355780 0.085472 -0.128394 -0.093050 -0.229740 0.161990 0.175178 -0.023901 -0.089423 0.240568 -0.089229 -0.202881 0.007059
argentina -0.029413 -0.018238 0.100583 0.146427 -0.098997 -0.256669 0.034081 -0.241458 -0.089752 -0.001009 0.009869 0.161060 -0.276362 0.048112 0.002679 -0.353114 -0.236238 -0.042353 0.173458 0.105512 0.087862 0.208704 0.224632 0.115297 -0.032195 -0.102595 0.086623 0.110304 -0.010733 -0.142383 0.054555 0.176659 -0.040181 0.094070 0.040004
vietnam -0.032117 0.285885 0.216338 0.219031 -0.208485 0.027023 0.155898 0.177767 -0.053921 -0.166318 -0.139392 -0.027749 0.046037 0.031386 -0.109473 -0.217999 0.191010 -0.082420 0.025031 -0.165940 -0.249576 0.004441 0.178889 0.091591 -0.142796 0.242827 -0.042730 0.056828 0.021331 0.127643 -0.014154 0.136067 -0.288187 -0.087718 0.233833
norwegian 0.240499 0.238511 0.151534 -0.264285 -0.029026 0.218517 -0.102648 -0.012392 -0.273810 -0.042180 -0.277157 0.084407 0.044930 0.047117 0.128064 0.013929 0.007161 -0.092133 0.123372 -0.006313 -0.222044 -0.079200 0.078034 0.059807 0.095610 -0.016475 -0.052438 0.126196 0.187363 0.332741 0.367442 0.079305 0.114499 0.166261 0.019897
professionally 0.105919 -0.030788 0.084725 -0.156231 0.065467 0.241909 0.150887 0.045829 -0.183837 0.042988 -0.038703 0.059658 0.121387 -0.292356 0.047479 -0.350115 -0.074153 0.218297 -0.025269 -0.034393 0.133886 0.002484 -0.085780 0.197109 0.004238 0.217950 -0.160174 0.204014 -0.066974 0.109105 -0.020559 0.033755 -0.005254 0.060906 -0.167239
argentinean 0.097834 -0.092910 0.104026 -0.026244 -0.206797 -0.245657 0.137400 -0.194224 -0.271523 0.079545 -0.082926 0.231158 -0.171084 -0.176874 0.272494 -0.285052 -0.062053 -0.109418 0.161270 -0.041336 0.065139 0.190354 0.088244 0.008567 0.270591 -0.039420 0.236209 0.100359 -0.112276 -0.292450 0.103477 0.074279 0.025824 0.103456 0.258277
louder 0.193093 0.044479 -0.017575 -0.035087 -0.190769 -0.091567 0.294001 -0.028556 -0.104673 -0.170953 -0.043867 -0.109892 -0.163953 -0.166873 0.064602 -0.164039 0.043363 -0.088190 -0.215163 0.311536 -0.025830 0.175503 -0.088253 0.141367 -0.063504 0.010396 -0.113613 -0.179064 -0.072328 -0.102980 -0.006190 -0.113547 -0.024343 -0.279892 -0.020828
chicago 0.149859 0.034032 -0.029760 0.156279 -0.184574 -0.000626 0.265288 -0.323761 0.180816 -0.072542 -0.107675 -0.303789 -0.093846 -0.237099 0.201419 -0.100285 0.029439 0.300025 0.085178 -0.347056 -0.062161 -0.005495 -0.021939 0.068482 -0.157924 0.009643 0.231047 0.268945 -0.079644 -0.146550 0.106150 -0.126288 -0.097430 -0.053572 0.040277
move 0.003764 0.183613 0.050578 0.077416 -0.009464 0.254152 0.069149 -0.315063 0.203257 0.202308 -0.397442 -0.019667 -0.122441 0.018548 0.098739 -0.210842 -0.005133 -0.158761 0.377360 0.063483 -0.052037 0.024290 -0.019220 -0.073443 0.013537 -0.178706 -0.115509 -0.166709 -0.279195 0.005460 0.033836 0.072782 0.024959 0.090415 0.119113
thailand 0.246580 -0.203438 0.032483 0.148568 -0.273689 0.121416 -0.177207 -0.092527 -0.056663 -0.096758 0.196334 0.001673 -0.033251 -0.066941 0.122313 -0.464944 0.011271 -0.125171 0.331691 0.120953 -0.171402 -0.172118 0.252535 -0.044659 0.080263 -0.235950 -0.139950 -0.287161 -0.087719 0.105977 0.141108 -0.255660 0.062457 0.083314 -0.074716
ukraine 0.246485 -0.195629 -0.026187 0.203308 0.039995 0.104189 0.052075 -0.007034 -0.146324 -0.206858 -0.163659 0.068867 -0.238478 -0.318655 -0.225355 0.043180 0.085463 0.106643 -0.094551 -0.040131 -0.294298 0.029479 0.063338 0.060846 -0.110599 -0.285199 -0.258706 -0.104357 0.086384 0.135744 -0.042469 0.163526 0.058853 0.091165 0.018189
plano 0.316740 0.241471 -0.012363 0.015475 -0.022226 0.033025 0.152234 -0.398909 -0.073791 -0.126352 0.261148 -0.077258 -0.174455 0.189066 -0.068376 0.090117 0.118353 0.164824 -0.151867 0.078127 0.038085 0.054087 -0.094578 -0.031530 -0.233872 -0.121617 -0.299588 0.092331 0.005822 0.163956 -0.027072 -0.081833 0.155706 0.014020 0.033079
texas 0.351167 0.284211 0.002775 0.030365 -0.077570 -0.054519 -0.066822 -0.385752 -0.113832 -0.243585 0.228863 -0.040474 -0.176103 0.281565 0.160798 0.096124 -0.079683 -0.054699 -0.054093 -0.028837 -0.178513 0.214202 -0.193232 -0.005227 -0.041262 0.012046 -0.270903 -0.109025 -0.193611 0.046413 -0.026390 0.011425 0.025988 0.089985 0.129165
tough 0.117108 0.132212 0.212762 -0.230763 0.013246 -0.175441 0.146341 0.077110 -0.047279 -0.082818 -0.147657 0.094881 -0.170642 -0.048137 -0.197790 -0.061051 -0.353099 0.104036 -0.063588 -0.140861 -0.388089 0.011874 -0.164086 0.043363 -0.208737 0.110419 -0.042415 0.051960 0.119999 -0.238977 0.235973 -0.149696 0.134047 0.091956 -0.007487
flying -0.254511 -0.158368 -0.008410 0.072654 0.260730 0.109347 0.148452 -0.220228 -0.261565 -0.202269 0.070174 -0.178076 -0.116916 -0.148342 -0.157844 -0.277639 0.081617 -0.117578 -0.062820 -0.133046 0.006411 0.125439 -0.104586 -0.098362 0.031075 -0.061971 0.109381 -0.049349 0.324499 0.227330 0.073577 -0.231273 0.055478 -0.108650 0.151698
iraq 0.018289 0.142044 -0.324539 -0.055014 0.024114 0.181992 0.148526 -0.248179 -0.265234 0.006309 0.104237 0.126129 -0.074871 0.210401 -0.124358 -0.239731 -0.092188 -0.220953 -0.022107 -0.077851 0.065920 -0.163835 -0.045864 0.041741 -0.230999 0.168250 0.113789 0.054772 -0.000468 -0.153688 0.005893 0.043272 -0.143748 0.134954 -0.008458
professional -0.002114 0.108015 -0.048837 -0.028507 0.016721 0.291822 0.099175 0.003714 -0.271005 0.047881 0.070553 -0.048208 0.104825 -0.230809 0.064301 -0.140629 -0.072899 0.260722 0.167737 -0.117416 0.192623 0.117774 0.032517 0.060942 0.016627 0.275963 -0.341542 0.153807 0.027053 -0.095397 0.067344 -0.067124 0.042770 -0.112677 -0.087899
fly -0.251109 -0.189456 -0.101199 0.080672 -0.045914 0.133908 0.132937 -0.321965 -0.204155 -0.111578 -0.010549 0.148466 -0.035504 -0.117958 0.043768 -0.114767 0.019924 0.009593 0.022758 -0.111660 -0.134042 -0.020656 -0.116204 -0.126160 0.071973 -0.036510 0.129721 0.200037 0.058701 0.194461 0.246152 -0.129318 -0.046073 -0.223232 0.122773
danish -0.070663 -0.044437 0.066451 -0.134207 0.158281 -0.173467 0.359564 -0.128327 -0.288496 0.206196 0.045307 0.178371 -0.018363 -0.022742 0.064739 -0.062917 -0.211238 -0.120842 -0.008431 -0.017876 -0.221641 0.000743 0.110270 -0.137490 -0.110529 0.118813 -0.350150 0.120848 -0.083489 0.112534 -0.262077 -0.135356 -0.149604 0.115081 0.014465
denmark -0.012242 -0.049008 0.101438 -0.266053 -0.153664 -0.087971 0.255297 -0.004299 -0.193177 0.218519 -0.129961 0.317690 -0.126251 -0.161842 0.028342 -0.205234 -0.092047 -0.072617 -0.076407 0.034990 -0.102536 -0.046370 -0.172505 -0.084466 -0.223752 0.086298 -0.111073 -0.206848 -0.124259 0.107098 -0.172003 -0.208683 -0.317238 -0.011156 -0.077134
croatia -0.008319 -0.050225 -0.132150 -0.019857 -0.026251 0.161422 0.159800 -0.250588 -0.026039 -0.119563 0.030188 0.080437 -0.080065 0.157378 0.341238 -0.050967 0.038940 -0.143905 0.144237 -0.077071 -0.228587 -0.042486 -0.322435 -0.021251 -0.180430 -0.034757 -0.093485 0.074640 0.134772 0.081504 0.035771 0.087228 0.029316 -0.426100 -0.189859
