fly -0.053577 -0.329939 -0.014977 -0.166801 0.036737 -0.130956 -0.087264 0.334553
loud 0.183105 0.262235 0.210597 -0.062726 0.008498 0.023424 0.090908 0.164797
tough 0.107937 0.217715 0.172570 -0.097132 0.030633 -0.009378 0.114980 0.100745
occasionally 0.134862 -0.056523 0.019330 -0.057738 -0.113934 -0.069374 0.368623 0.081466
moving -0.262162 -0.080786 -0.147748 -0.202820 0.108718 -0.184908 0.029850 -0.111776
professionally 0.271717 -0.082503 0.054242 -0.089030 -0.127563 0.014760 0.422264 0.083281
professional 0.400512 -0.049010 0.019283 -0.281448 -0.040887 0.153946 0.218917 -0.133750
norwegian 0.334695 -0.196097 -0.264558 0.187051 0.103112 0.134595 0.020982 0.067379
tougher 0.112295 -0.101731 0.005681 0.169612 0.240248 -0.008116 0.033653 -0.186047
ukraine 0.180594 0.159951 0.091546 0.022206 -0.187841 -0.046660 0.020058 -0.002351
move 0.015294 -0.420805 -0.027197 -0.136096 0.166212 -0.182612 -0.127909 0.281359
occasional 0.281732 -0.107612 -0.006500 -0.281778 -0.052768 0.063949 0.151294 -0.054419
ukrainian 0.348862 -0.192322 -0.287343 0.214742 0.069470 0.269430 0.102820 -0.016798
flying -0.255718 0.032373 -0.129037 -0.214574 0.048180 -0.082678 0.064704 -0.010297
danish 0.258409 -0.196885 -0.266357 0.194602 0.052700 0.244461 0.117368 0.057349
norway 0.147564 0.111713 0.077430 -0.048351 -0.235656 -0.144785 -0.083902 0.015101
argentina 0.172505 0.069615 0.122121 0.051638 -0.294439 -0.151434 -0.022728 0.107261
louder 0.130091 0.047312 0.047282 0.243569 0.171128 0.056405 0.067837 -0.182857
argentinean 0.304709 -0.203430 -0.271170 0.227106 0.061985 0.198907 0.110621 0.042861
denmark 0.143132 0.060575 0.112248 -0.005327 -0.304232 -0.088805 -0.009748 0.055451
