fly 0.111230 0.051843 -0.371914 -0.126284 -0.060948 0.131906 -0.014537 -0.239570
loud 0.214053 -0.075932 -0.152452 0.025591 -0.002307 -0.381190 -0.307045 -0.051792
tough 0.259602 -0.070481 -0.056107 0.101834 0.019730 -0.353774 -0.237646 -0.093373
occasionally -0.003415 -0.134249 0.142580 0.025768 0.301789 0.037711 0.028831 -0.023610
moving -0.032075 0.146351 -0.052506 0.107588 0.197270 0.181428 0.163243 0.227442
professionally -0.085157 -0.201215 0.138541 0.005814 0.298682 -0.017070 0.078480 -0.006131
professional -0.140167 -0.189671 0.081159 0.233434 -0.097331 -0.261858 0.214640 0.109385
norwegian -0.171690 -0.133148 -0.253436 -0.184648 -0.074381 0.196820 -0.060434 0.201428
tougher 0.133410 -0.012144 0.126484 -0.068627 -0.155414 0.019542 0.115699 0.230994
ukraine -0.009453 0.036259 0.178030 0.226127 -0.158977 -0.084951 -0.135342 0.026709
move -0.027870 0.115886 -0.498314 -0.341435 -0.060474 0.198213 0.126943 0.034041
occasional -0.099853 -0.124390 0.038082 0.207386 -0.090399 -0.193481 0.183748 0.013675
ukrainian -0.065180 -0.276464 -0.163297 -0.132975 -0.119198 0.220631 -0.067686 0.094990
flying 0.105856 0.035952 -0.024840 0.200303 0.159149 0.085871 -0.004617 -0.007873
danish -0.093698 -0.217498 -0.213438 -0.195520 0.016987 0.257743 -0.069006 0.096442
norway -0.158925 0.167055 0.025354 0.166834 -0.079984 -0.028721 -0.132275 0.142916
argentina -0.145656 0.160386 0.084498 0.082774 -0.055321 0.018785 -0.160224 0.039973
louder 0.120555 -0.021856 0.158053 -0.069022 -0.137211 0.017606 0.030040 0.295700
argentinean -0.112265 -0.213790 -0.163384 -0.197174 -0.035454 0.221413 -0.071089 0.093711
denmark -0.125678 0.124769 0.094147 0.136360 -0.071083 0.042876 -0.129099 0.006394
