fly -0.129828 -0.197497 -0.283248 0.151663 0.080944 -0.218909 -0.099622 0.205755
loud -0.210090 0.174578 0.068716 -0.183613 -0.023148 -0.146187 -0.251000 -0.228887
tough -0.189304 0.130723 0.025271 -0.259965 -0.059053 -0.133967 -0.167149 -0.166617
occasionally 0.114779 0.028759 0.080648 -0.122062 -0.239556 0.165416 -0.152757 0.075039
moving -0.083785 -0.226693 0.216327 -0.165848 0.069171 -0.001767 0.124443 0.043931
professionally 0.132952 0.135545 0.040823 -0.054712 -0.314773 0.153324 -0.149682 0.057525
professional -0.068490 0.227294 -0.010979 0.120757 -0.175831 -0.122512 0.282543 -0.154865
norwegian 0.173372 -0.051990 0.029947 0.202722 -0.046094 -0.058868 -0.070847 -0.176690
tougher -0.119645 -0.215522 0.031764 0.039137 -0.132109 0.034925 0.062974 -0.347073
ukraine 0.010090 0.046659 -0.035487 -0.053119 0.167411 0.055425 0.048334 -0.178616
move -0.247096 -0.138513 -0.018567 0.368951 0.015046 -0.178196 -0.043525 0.063285
occasional -0.094868 0.186603 -0.031812 0.122782 -0.106865 -0.116514 0.216690 -0.066753
ukrainian 0.275270 -0.071037 0.085952 0.189157 -0.143963 -0.062347 -0.055262 -0.198102
flying 0.034937 -0.228016 -0.005939 -0.293168 0.093508 -0.133863 0.014997 0.098898
danish 0.292385 -0.175987 -0.047860 0.094299 -0.115147 -0.059700 -0.135084 -0.077324
norway -0.031316 0.082014 -0.038341 -0.033208 0.272762 0.094891 0.070831 -0.102198
argentina -0.000576 0.078054 -0.023889 0.031650 0.236814 0.205406 -0.048838 -0.065963
louder -0.059968 -0.160627 0.086538 -0.032284 -0.114829 0.072573 0.015728 -0.422481
argentinean 0.233520 -0.070116 0.135757 0.191594 -0.116171 0.006104 -0.124092 -0.150670
denmark 0.066319 -0.036320 -0.230307 -0.049720 0.236466 0.123963 0.045218 0.003561
