move 0.106776 0.092179 -0.055156 0.261239 0.061450 0.472969 -0.265845 0.049093
tougher -0.040776 0.100405 -0.302510 -0.133048 0.255831 0.185361 0.112033 -0.111107
occasionally 0.160386 -0.221724 0.034966 -0.205517 -0.123855 -0.023359 0.258387 0.078662
argentina 0.103126 -0.279821 -0.093552 0.104787 0.018717 -0.047860 0.014136 -0.268027
danish 0.210284 0.036241 0.219641 -0.169899 0.145181 0.183303 0.023029 -0.062266
fly 0.058265 -0.069865 -0.039319 0.155230 0.014387 0.305445 -0.228532 0.088005
louder -0.089653 0.085630 -0.262209 -0.114616 0.208500 0.137538 0.165171 -0.056530
loud -0.281326 -0.412973 -0.231127 -0.029037 0.113957 -0.196136 0.262530 0.214049
norway 0.069196 -0.276862 -0.190464 0.148998 -0.014802 0.004783 -0.012674 -0.294974
ukraine -0.033726 -0.209963 -0.183031 0.036559 -0.023730 -0.016159 0.023418 -0.236419
professional -0.086022 0.160703 -0.010562 -0.129629 -0.223806 0.009553 0.161073 0.081740
moving 0.189978 -0.103736 -0.183671 -0.134881 -0.069132 -0.021913 -0.084651 -0.003391
tough -0.296650 -0.337057 -0.186370 -0.105762 0.103680 -0.192921 0.178841 0.200380
flying 0.172059 -0.270913 -0.158298 -0.209697 -0.150506 -0.162288 -0.033020 0.103297
professionally 0.169963 -0.190983 0.042313 -0.258875 -0.173482 -0.044196 0.352592 0.041091
norwegian 0.141713 0.053663 0.085035 -0.173934 0.121600 0.102700 0.049795 -0.075572
argentinean 0.151008 0.082529 0.178619 -0.200360 0.149268 0.040392 0.020871 -0.033566
ukrainian 0.057365 0.103358 0.154741 -0.292883 0.118474 0.046836 0.051418 -0.029723
occasional -0.165718 0.052309 -0.013877 -0.093730 -0.179519 0.031758 0.098472 0.096380
denmark 0.058654 -0.254187 -0.041399 0.116928 -0.003042 0.043836 0.031978 -0.279714
