move -0.359878 0.003564 0.135547 0.211095 -0.090577 -0.100806 -0.161026
tougher -0.121799 -0.077737 0.104360 -0.397550 -0.006628 -0.434273 0.154098
occasionally -0.007050 0.073270 -0.077059 -0.013045 0.290213 0.140578 -0.321803
argentina -0.083973 -0.104098 -0.347522 -0.068277 -0.121304 0.072827 -0.248813
danish -0.132014 -0.391592 0.012875 -0.193715 0.206980 -0.092252 0.144498
fly -0.270894 0.045878 0.036752 0.247100 -0.046871 -0.011864 -0.218141
louder -0.085952 -0.075801 0.136272 -0.411078 0.008431 -0.389944 0.189434
loud 0.122797 0.130879 -0.067742 -0.075643 -0.012910 -0.143367 -0.052479
norway -0.124876 -0.016178 -0.344265 -0.057142 -0.242096 0.103363 -0.222338
ukraine -0.048764 0.015061 -0.224445 -0.154129 -0.212069 0.030975 -0.176836
professional 0.159016 0.078870 0.276361 -0.374177 -0.109725 -0.026658 -0.130622
moving -0.254272 0.145233 -0.071523 0.007440 0.134394 0.098578 -0.192987
tough 0.137897 0.132831 -0.023427 -0.081271 0.005807 -0.123340 -0.038935
flying -0.178429 0.197211 -0.146619 0.066525 0.199364 0.189122 -0.314769
professionally 0.039167 0.059394 -0.060621 -0.144908 0.312323 0.114571 -0.336010
norwegian -0.123066 -0.283375 0.006350 -0.273025 0.150674 -0.111689 0.133413
argentinean -0.104569 -0.306411 0.013661 -0.239424 0.207421 -0.074667 0.127758
ukrainian -0.031290 -0.273824 0.099710 -0.351026 0.152832 -0.133704 0.192843
occasional 0.122815 0.113590 0.233121 -0.237740 -0.141820 0.003434 -0.132497
denmark -0.073475 -0.080178 -0.311251 -0.023751 -0.151860 0.127851 -0.214221
