hanoi -0.210137 0.058743 -0.075609 0.080482 -0.156666 0.002158 0.116967 -0.043001 0.153100 0.148818 0.177386 0.442602 0.166108 0.243223 0.008870 0.000832 0.300125 -0.317331 -0.106732 -0.180633
tougher 0.130976 0.351550 0.070260 -0.128998 -0.040566 0.078837 0.259164 -0.223367 0.001635 -0.002265 0.356869 -0.047048 -0.241516 0.068244 -0.023609 0.136864 -0.034761 -0.067232 -0.479554 -0.140466
occasionally -0.184756 0.069095 0.035395 -0.317696 -0.079958 0.103116 -0.077102 0.446448 0.163668 0.120927 0.000025 0.227261 -0.180396 -0.129724 0.102326 -0.166575 -0.004457 0.191287 -0.117718 -0.186470
ukrainian -0.101207 0.335446 0.073490 0.118506 -0.203148 -0.208659 0.032750 0.157749 -0.246133 0.373249 -0.029244 -0.074182 0.136237 0.084745 0.339185 -0.183012 -0.065632 0.071907 -0.102038 0.012438
occasional 0.085696 0.137348 -0.026958 -0.157194 -0.007326 -0.194802 0.052971 0.440344 -0.254713 0.157332 0.284753 -0.034709 -0.266857 -0.015559 0.184079 -0.242769 0.097371 0.118451 -0.011329 -0.303203
norway 0.139612 0.350213 0.082548 0.113242 0.134066 0.299937 -0.218461 0.072538 -0.104294 0.326736 0.156415 -0.158678 -0.089523 0.230089 -0.155633 0.053043 -0.168960 -0.149650 0.240191 -0.059073
baghdad -0.131337 0.099475 0.116880 0.064008 0.177245 0.092514 -0.331394 -0.164709 -0.401576 -0.210302 0.436199 0.289132 -0.208923 0.207252 -0.037050 -0.176014 0.180318 0.061488 -0.217481 -0.012216
illinois 0.146102 -0.108889 0.474322 -0.186283 -0.485856 0.162331 0.054052 0.060583 -0.005733 -0.059221 -0.100540 0.108396 -0.243809 -0.047058 -0.087284 -0.010393 -0.039663 -0.169177 -0.094087 -0.161207
moving 0.130458 0.243946 -0.006069 0.241920 -0.206330 0.295101 -0.075937 0.204147 -0.084202 -0.257765 0.258943 0.082117 0.056502 0.303979 -0.208403 -0.225114 -0.112842 0.063061 -0.049281 0.202301
loud 0.045341 0.231654 -0.291519 -0.091843 -0.064886 -0.052015 -0.265942 0.000598 -0.019409 -0.073835 0.103321 0.418886 -0.055701 -0.033057 0.022261 0.095860 -0.080391 -0.094001 -0.147039 -0.430303
thai -0.165301 0.039134 0.305970 -0.275713 -0.016331 -0.067974 0.084369 0.417115 -0.238505 -0.007930 -0.203427 -0.107590 0.056045 0.332853 -0.057611 0.395511 -0.022613 0.027926 -0.198631 0.001815
croatian 0.048459 0.000491 0.432582 0.064966 0.010690 -0.124430 -0.060669 -0.049623 0.291493 0.197287 -0.008468 0.229017 -0.047230 0.034118 -0.106602 -0.171433 -0.253238 0.373944 -0.098896 -0.247527
argentina -0.123214 -0.023813 0.016518 -0.023425 -0.122609 -0.021943 -0.128256 -0.141623 -0.102790 0.177073 -0.239019 0.137362 -0.226740 0.487223 0.231812 -0.202189 -0.226601 -0.023223 -0.102902 0.065026
vietnam -0.307807 -0.086268 0.090707 0.015400 -0.207417 -0.095075 -0.116716 0.167099 0.198237 0.208140 0.292338 0.113401 0.122102 0.227286 -0.052680 -0.080334 0.209380 -0.326471 -0.119641 -0.088542
norwegian 0.179086 0.354007 0.062956 0.133551 0.178920 0.098352 -0.160439 0.192857 0.005062 0.340872 0.263013 -0.251674 -0.012151 0.277227 -0.173331 0.169989 -0.071603 -0.236516 0.176762 -0.040799
professionally -0.020509 0.233458 0.027420 -0.006668 0.146744 0.310965 -0.129254 0.298301 -0.079443 0.187555 -0.078567 0.349443 -0.035695 -0.109580 0.023776 0.137308 0.031709 -0.247033 -0.139470 0.042547
argentinean -0.013949 -0.051252 -0.095574 -0.145034 -0.116462 0.042778 -0.079744 -0.085247 -0.156395 0.132794 -0.233761 0.073394 -0.433312 0.508815 0.078543 -0.080415 -0.387572 -0.240014 0.018537 -0.012017
louder 0.037371 0.170395 -0.088852 -0.046492 -0.223816 -0.142785 -0.240906 -0.093144 -0.055756 -0.121487 -0.076153 0.384083 0.031164 0.062924 0.041127 0.154983 -0.057150 -0.054695 -0.088123 -0.439570
chicago -0.013656 0.144607 0.378235 -0.231311 -0.329390 0.002883 0.041649 0.097476 0.197995 -0.168681 -0.096987 0.188156 -0.356125 0.073174 0.024050 -0.203470 0.194569 -0.230490 0.221376 -0.068535
move 0.288692 0.116247 -0.016713 -0.007388 -0.224552 0.093791 -0.079288 0.380666 0.029749 -0.193095 0.110848 0.078310 0.095976 0.524299 -0.028821 -0.094496 -0.213066 0.108864 0.109254 0.277779
thailand -0.066396 0.054979 0.259546 -0.154291 -0.043849 -0.239249 0.052010 0.340740 -0.181124 -0.097045 -0.341066 -0.125988 0.179424 0.525400 -0.023637 0.433281 -0.110729 0.012602 -0.148264 -0.067640
ukraine 0.060038 0.436656 0.143372 0.185069 -0.185462 -0.201396 0.105713 0.071233 0.145597 0.155121 -0.122895 -0.048423 0.303162 0.067175 0.391650 -0.043057 0.025766 0.004270 -0.163832 -0.241845
plano -0.234221 0.479350 0.283421 0.149907 -0.283954 -0.149589 -0.200395 0.017772 -0.121021 -0.085934 0.054235 0.021889 -0.058135 -0.232913 0.042559 0.049104 -0.137256 0.080894 0.027801 0.042572
texas -0.153408 0.318280 0.249667 -0.061735 -0.305263 -0.264621 -0.285790 0.063312 -0.054566 -0.065457 0.256453 -0.095635 -0.150990 -0.104777 0.189496 0.149187 -0.372413 0.105043 0.140265 0.016200
tough 0.249604 0.293934 0.125457 -0.181793 -0.132460 0.022758 0.111381 -0.315512 0.058199 0.373970 0.348047 0.203322 -0.137872 0.061301 0.072488 0.162745 0.017658 -0.180084 -0.300459 0.110625
flying -0.120088 0.079604 0.158598 0.451612 0.098619 -0.112013 0.439597 0.164439 -0.044922 0.108652 -0.120381 0.219980 -0.288048 0.071416 -0.060441 0.033990 0.078336 -0.035418 -0.106086 -0.195897
iraq -0.144922 -0.033161 0.276203 0.018732 0.186329 0.046108 -0.174443 -0.013230 -0.266163 -0.082939 0.335839 0.208713 -0.227871 0.129661 0.052178 -0.070756 -0.062002 0.147411 -0.174611 -0.003463
professional -0.174803 0.233175 0.102163 0.010201 0.093508 0.326534 -0.039227 0.345052 -0.161232 0.079200 -0.020625 0.232544 -0.148207 -0.129892 -0.037007 0.094148 0.102540 -0.073384 -0.096387 -0.048167
fly 0.114729 -0.008263 0.248015 0.365441 0.070235 -0.078778 0.246977 0.168608 0.098442 -0.034311 -0.055042 0.234251 -0.320132 0.177008 0.015087 0.003294 0.004226 -0.085157 0.179137 -0.188333
danish -0.017834 -0.123401 0.244015 0.229351 0.020667 0.146743 -0.050318 0.064013 -0.062343 0.168042 0.137680 0.193164 0.027505 -0.134102 0.015403 -0.061438 -0.558526 -0.263813 -0.283480 -0.012955
denmark 0.152853 -0.053934 0.126516 -0.011455 0.090219 0.032707 -0.079911 0.004726 0.043026 -0.114963 0.139334 0.369966 0.162529 -0.022665 0.006364 0.066533 -0.463443 -0.355451 -0.383568 -0.104825
croatia 0.166756 0.143455 0.369011 0.140724 0.083039 -0.282039 -0.183144 0.108804 0.192341 -0.107375 0.042088 0.227664 -0.177578 0.019148 -0.330511 -0.103574 -0.116955 0.227632 0.069985 -0.210219
