move -0.416564 0.271828 -0.086040 0.253116 0.153366
tougher 0.024528 0.050282 0.140764 -0.112724 0.004560
occasionally 0.005933 -0.063688 -0.160039 0.009841 -0.227476
argentina -0.278711 -0.212658 0.040191 -0.186157 -0.239531
danish 0.089055 -0.016273 -0.300741 -0.143127 0.054701
fly -0.374760 0.186329 -0.112306 0.228380 0.091708
louder 0.056609 0.012855 0.133532 -0.063061 0.033472
loud -0.057228 -0.067625 0.232802 -0.019872 -0.087532
norway -0.362346 -0.232759 0.112449 -0.157792 -0.243470
ukraine -0.227667 -0.218447 0.116288 -0.101101 -0.205581
professional 0.109318 -0.233767 -0.097355 0.310771 -0.066025
moving -0.198602 0.067711 -0.046373 0.081372 -0.204532
tough -0.024359 -0.034221 0.201795 0.019451 -0.070005
flying -0.178154 0.022706 -0.032964 0.098995 -0.314762
professionally 0.125930 -0.110215 -0.199788 0.017719 -0.283344
norwegian 0.094864 -0.053145 -0.197995 -0.124455 -0.001561
argentinean 0.128905 -0.046041 -0.218943 -0.110497 0.070451
ukrainian 0.192942 -0.092762 -0.198318 -0.078752 0.060622
occasional -0.016525 -0.176599 -0.043388 0.309517 -0.014060
denmark -0.296537 -0.223411 0.007780 -0.154238 -0.194208
