move -0.285589 -0.117100 0.342353 -0.010165 -0.138667
tougher 0.091389 0.126938 0.156794 -0.219805 -0.080780
occasionally -0.123198 -0.003510 -0.038423 0.109527 0.132816
argentina 0.228635 0.165806 0.214507 0.175657 -0.143828
danish -0.037835 -0.160811 0.133491 -0.137384 0.216635
fly -0.246432 -0.095568 0.268895 0.043771 -0.105209
louder 0.065926 0.145466 0.132203 -0.237516 -0.043815
loud 0.146143 0.208067 0.006079 -0.089095 -0.294535
norway 0.208295 0.235918 0.262777 0.195175 -0.205903
ukraine 0.155838 0.252472 0.210834 0.106476 -0.144939
professional -0.386930 0.190107 -0.028945 -0.010825 0.335097
moving -0.129678 0.042893 0.108230 0.126130 -0.032593
tough 0.101572 0.182497 -0.010906 -0.115219 -0.257825
flying -0.129028 0.073289 0.004299 0.208685 -0.064711
professionally -0.128975 0.011505 -0.128709 0.118185 0.263020
norwegian 0.011802 -0.047436 0.120118 -0.140470 0.176502
argentinean -0.039677 -0.083913 0.099304 -0.184182 0.216552
ukrainian -0.079104 -0.017396 0.074435 -0.210325 0.264950
occasional -0.358349 0.169245 0.029033 -0.010642 0.191740
denmark 0.179781 0.150703 0.235873 0.159772 -0.125268
