move 0.244799 -0.300719 -0.025133 -0.073053 -0.376697
tougher 0.033570 0.095732 -0.147260 -0.071591 0.192928
occasionally -0.179672 -0.041333 0.233367 0.172314 0.088510
argentina -0.085000 0.055800 -0.086423 0.264106 -0.097974
danish -0.249277 -0.193220 -0.120014 -0.052466 0.238790
fly 0.165665 -0.261807 0.030677 0.003147 -0.328603
louder 0.010203 0.120979 -0.120332 -0.090966 0.210739
loud 0.119615 0.168795 0.026210 0.084395 0.120591
norway -0.046854 0.110830 -0.099524 0.265017 -0.185670
ukraine -0.068812 0.142645 -0.056869 0.171908 -0.099012
professional -0.295627 0.215442 0.232799 -0.095987 0.079090
moving -0.016892 -0.056455 0.168420 0.131866 -0.151619
tough 0.113773 0.133159 0.049501 0.050107 0.126351
flying -0.029342 -0.011518 0.268575 0.225192 -0.119130
professionally -0.272406 0.007594 0.289325 0.195007 0.201771
norwegian -0.217405 -0.085882 -0.098459 -0.031484 0.234326
argentinean -0.218257 -0.119845 -0.088027 -0.074150 0.253033
ukrainian -0.272859 -0.027585 -0.071213 -0.103250 0.302764
occasional -0.170747 0.167254 0.194253 -0.076665 -0.015574
denmark -0.091949 0.022590 -0.084959 0.233582 -0.134226
