move -0.348881 0.262047 -0.368712 -0.124994 0.051095
tougher 0.023432 -0.102312 -0.045456 -0.213276 -0.105063
occasionally 0.051705 0.111160 0.055175 0.209809 0.136441
argentina -0.290712 -0.032351 0.203005 0.186290 -0.118099
danish -0.072894 -0.021315 0.079898 -0.068366 0.344242
fly -0.276145 0.251861 -0.292979 -0.051052 0.058728
louder 0.061953 -0.145741 -0.082184 -0.211456 -0.103369
loud 0.109906 0.017469 -0.030929 -0.083423 -0.271056
norway -0.355597 -0.068248 0.153591 0.194342 -0.214320
ukraine -0.225972 -0.127391 0.083458 0.148027 -0.185847
professional 0.097530 -0.352435 -0.336807 0.196446 0.049367
moving -0.096574 0.158933 -0.087072 0.148304 -0.002704
tough 0.128910 0.021455 -0.059119 -0.094285 -0.224607
flying -0.029448 0.203011 -0.052793 0.265266 -0.044484
professionally 0.154949 0.023742 0.076357 0.280871 0.174632
norwegian -0.026269 -0.096711 0.066547 -0.057138 0.227410
argentinean -0.014279 -0.080302 0.059500 -0.089778 0.289131
ukrainian 0.051877 -0.177919 0.002560 -0.073121 0.250684
occasional 0.032151 -0.240964 -0.353299 0.119951 -0.013983
denmark -0.328025 -0.044683 0.173088 0.182542 -0.084501
