move 0.174059 0.030931 0.025055 -0.120555 -0.507055
tougher 0.185808 -0.158221 -0.234446 0.029072 -0.015231
occasionally -0.266714 0.087756 0.030127 0.150629 0.070585
argentina -0.131489 0.184100 0.044204 -0.185262 0.165605
danish -0.040848 -0.194468 0.174055 0.109596 -0.090200
fly 0.104010 0.047372 0.039449 -0.089037 -0.394979
louder 0.231220 -0.149432 -0.215095 0.079995 -0.009136
loud 0.165511 0.004739 -0.286735 0.025152 0.071321
norway -0.099036 0.258292 0.016382 -0.241888 0.172957
ukraine -0.031345 0.195296 -0.017877 -0.117028 0.153607
professional -0.015614 0.206113 0.175958 0.384604 0.013855
moving -0.183750 0.117533 -0.083830 -0.001847 -0.077011
tough 0.169285 -0.016971 -0.271937 0.062922 0.034593
flying -0.273770 0.196490 -0.116976 0.024805 -0.004451
professionally -0.339631 0.078223 0.052456 0.247227 0.143628
norwegian -0.017995 -0.161361 0.105680 0.118129 -0.015483
argentinean -0.007356 -0.176935 0.149539 0.156640 -0.032520
ukrainian 0.030222 -0.160342 0.133355 0.228535 0.006605
occasional 0.060511 0.195486 0.129129 0.277509 -0.041784
denmark -0.099688 0.188715 0.097890 -0.180637 0.146238
