move 0.077338 -0.034467 0.279767 -0.173764 -0.128124
tougher 0.204163 -0.101348 0.046090 0.263594 0.090400
occasionally -0.172617 0.060389 -0.197738 -0.053160 -0.069836
argentina -0.178804 -0.213538 0.087263 0.148728 -0.120779
danish -0.101773 0.116934 -0.019877 0.064601 0.257729
fly -0.019215 -0.003782 0.205991 -0.177751 -0.144773
louder 0.187318 -0.038546 0.018198 0.263320 0.065713
loud -0.059070 0.129272 0.092879 0.242730 -0.206438
norway -0.102091 -0.313263 0.115066 0.146555 -0.173468
ukraine -0.042139 -0.228568 0.047118 0.173611 -0.152639
professional 0.098765 0.029214 -0.362286 -0.011712 -0.157970
moving 0.012571 -0.175568 -0.078780 -0.072514 -0.126982
tough -0.034147 0.147418 0.073197 0.227238 -0.181228
flying -0.096743 -0.120108 -0.127610 -0.084337 -0.214830
professionally -0.184307 0.055714 -0.346495 -0.019813 -0.037042
norwegian -0.039107 0.051022 -0.057476 0.125414 0.193147
argentinean -0.059483 0.152492 -0.058449 0.109065 0.202363
ukrainian -0.002199 0.138303 -0.125260 0.142856 0.193291
occasional 0.085563 0.042345 -0.219210 -0.027473 -0.211056
denmark -0.160283 -0.209909 0.088816 0.119395 -0.111381
