move -0.327909 0.244986 -0.365472 -0.098762 0.032362
tougher 0.013063 -0.098009 -0.064542 -0.187385 -0.094574
occasionally 0.014005 0.091759 0.044019 0.220957 0.143335
argentina -0.308714 -0.027304 0.205340 0.211119 -0.102736
danish -0.086870 -0.009595 0.050365 -0.045760 0.334206
fly -0.273522 0.229672 -0.299014 -0.032723 0.041598
louder 0.052276 -0.144017 -0.110487 -0.193889 -0.089431
loud 0.080202 -0.013416 -0.049602 -0.074438 -0.246695
norway -0.367809 -0.056849 0.157589 0.217274 -0.190338
ukraine -0.249612 -0.111382 0.079135 0.167406 -0.162806
professional 0.093841 -0.333209 -0.328823 0.177250 0.047288
moving -0.112962 0.149408 -0.080075 0.163376 0.002608
tough 0.101023 -0.009296 -0.085536 -0.075648 -0.202422
flying -0.055921 0.187781 -0.028898 0.265969 -0.037835
professionally 0.110039 0.014022 0.076623 0.268971 0.176724
norwegian -0.043680 -0.079194 0.037404 -0.033509 0.222608
argentinean -0.032540 -0.065434 0.045565 -0.064068 0.273402
ukrainian 0.035015 -0.161800 -0.020624 -0.059828 0.248971
occasional 0.030083 -0.235661 -0.351518 0.114879 -0.010153
denmark -0.349557 -0.040872 0.172364 0.198200 -0.053698
