move -0.461712 0.030096 0.223350 0.536406 0.053460
tougher -0.016313 -0.307557 0.137865 0.009451 -0.099144
occasionally 0.240986 0.054583 0.062753 -0.084743 0.099285
argentina 0.129791 0.129610 0.290551 0.186999 -0.132423
danish -0.034972 -0.086256 0.382917 0.377337 0.276036
fly -0.326089 0.042853 0.189702 0.404858 0.048422
louder 0.012347 -0.342327 0.067667 -0.021959 -0.086223
loud 0.149872 -0.270027 -0.125852 -0.161656 -0.234802
norway 0.125121 0.165296 0.233187 0.126266 -0.208540
ukraine 0.140458 0.057120 0.153450 0.062545 -0.159875
professional 0.276123 -0.028382 -0.218934 -0.344738 0.106391
moving 0.046711 0.064893 0.174233 -0.088786 -0.029028
tough 0.089816 -0.285589 -0.058077 -0.143554 -0.175533
flying 0.127842 0.127881 0.139621 -0.203319 -0.062538
professionally 0.346128 0.039224 0.053357 -0.204523 0.145478
norwegian 0.019345 -0.127683 0.309520 0.228624 0.191004
argentinean -0.000914 -0.148670 0.337601 0.284452 0.249422
ukrainian 0.072199 -0.187672 0.241985 0.124603 0.227559
occasional 0.188976 -0.047322 -0.226526 -0.259415 0.034027
denmark 0.112220 0.138227 0.281035 0.243851 -0.089193
