madagascar -0.190729 -0.204046 -0.544613 0.002540 0.041093 -0.510736 -0.146847 -0.161130 -0.006824 -0.149674
short 0.433013 0.483160 -0.305366 -0.372759 0.091525 -0.238891 -0.140263 -0.132942 0.124204 0.164746
decreased 0.300248 -0.565259 -0.053985 0.097876 0.192581 0.507265 -0.002202 -0.506366 -0.476557 0.079239
belarus -0.170732 -0.200608 -0.576619 0.063958 0.160046 -0.606306 -0.230010 -0.268547 -0.181442 -0.147789
tajikistan -0.200152 -0.212251 -0.540274 0.064051 0.099287 -0.632833 -0.219500 -0.268031 -0.191450 -0.041385
antananarivo 0.046108 -0.082037 0.407467 -0.102241 -0.628959 -0.074465 -0.193499 0.422635 -0.052454 -0.071808
chile -0.149502 -0.221028 -0.535152 -0.071177 0.200609 -0.499659 -0.086117 -0.272574 -0.125244 -0.220980
high -0.339030 0.321139 -0.039819 0.433331 -0.449175 0.198380 -0.093042 -0.265731 0.331236 0.598284
paying -0.349178 0.207922 -0.039802 -0.405250 0.311154 -0.002112 0.269109 -0.058156 -0.612841 0.403839
coolest -0.665546 -0.334924 -0.067224 -0.235282 0.156206 -0.294125 0.270007 -0.101569 0.923933 0.031078
safe -0.197326 0.330947 -0.037289 0.561789 -0.342524 0.196140 -0.083562 -0.245021 0.230083 0.529903
santiago 0.029421 -0.126671 0.381568 -0.101151 -0.559971 0.044945 -0.142224 0.317001 -0.070717 -0.121758
cool 0.351602 0.336665 -0.313246 -0.385795 0.166827 -0.293577 -0.146404 -0.159749 0.254756 0.133237
paid 0.203868 -0.298913 0.030792 0.261667 0.001147 0.359651 0.105337 -0.606777 -0.240737 0.145331
decreasing -0.310801 0.085393 -0.094268 -0.443308 0.320410 0.054785 0.276017 -0.048903 -0.712806 0.375836
minsk 0.016607 -0.083954 0.345519 -0.075222 -0.456079 -0.071110 -0.155260 0.395837 -0.219710 -0.122118
safer 0.178777 0.492552 0.140127 -0.099995 0.085971 -0.236600 0.567177 0.098183 0.288948 -0.325029
higher 0.045301 0.448592 0.150190 -0.105208 -0.065257 -0.229483 0.716426 0.098522 0.394015 -0.209653
shortest -0.630301 -0.238629 -0.117868 -0.268842 0.182733 -0.192486 0.187703 -0.162805 0.814844 0.041875
dushanbe 0.012055 -0.032413 0.414106 -0.049856 -0.497950 -0.200037 -0.188139 0.294423 -0.085306 -0.110108
