move -0.100481 0.206892 -0.409672 -0.198982 -0.015116 -0.029339 -0.224574 -0.275073 -0.020125 -0.044903 -0.056246 0.170132 0.118620 0.150287 -0.010179 0.013923 -0.033664 -0.145893 0.229559 0.093563
tougher -0.084027 0.054596 0.058196 0.093910 0.192343 0.067986 0.023425 0.124920 -0.128967 0.036252 -0.007481 -0.233498 0.368673 0.085034 -0.043992 -0.099446 0.000679 0.006029 0.141237 0.154326
occasionally -0.158694 -0.054985 0.010351 -0.029997 0.051885 0.273095 0.093437 -0.197817 0.074232 0.118092 -0.147044 -0.034926 -0.201925 -0.038807 0.051888 -0.076597 0.127563 0.166801 -0.046932 0.076752
argentina -0.052265 0.005042 0.351221 0.103422 -0.103296 -0.031811 -0.152061 -0.129820 -0.018661 0.020892 0.003639 0.071816 -0.002065 -0.080777 -0.010010 -0.017009 0.034817 0.040603 0.196743 -0.249497
danish -0.018104 0.065389 0.023344 0.130860 0.211043 -0.138679 -0.034938 -0.037334 0.161091 -0.065456 -0.094242 -0.076742 -0.272154 0.157942 0.144720 -0.020352 0.016864 -0.260315 -0.059161 -0.007992
fly 0.152880 0.276964 -0.210125 -0.168457 -0.169318 0.132485 -0.039468 -0.086421 0.111192 0.147316 -0.020296 0.120801 0.082527 0.080832 0.025548 -0.005684 0.118655 -0.296239 0.011721 -0.131757
louder 0.204624 -0.041458 -0.054320 0.192298 0.069206 0.065351 -0.085221 0.047785 0.160134 -0.076347 -0.033701 -0.241128 0.298448 0.108185 -0.030516 0.011274 -0.151458 0.194297 0.004844 0.061764
loud -0.123881 -0.046741 0.102107 -0.301768 -0.054600 0.027738 -0.062531 0.137152 0.267022 -0.007736 0.103925 -0.145249 0.094424 0.051495 -0.040747 0.190920 -0.181515 0.229602 -0.020981 -0.159935
norway 0.085128 0.037445 0.179173 -0.038764 -0.054667 -0.152426 -0.213384 -0.135322 -0.134598 -0.108487 -0.037889 0.003805 0.136978 -0.132747 0.002068 0.152755 0.316678 0.120480 -0.057170 -0.163713
ukraine -0.016717 0.163668 0.158009 -0.055725 -0.204829 -0.188159 -0.050102 -0.016085 -0.116025 -0.016419 0.020507 0.055677 0.130485 -0.213036 0.145063 -0.120011 -0.003397 0.178852 -0.170878 0.012575
professional 0.101932 -0.164892 -0.288302 0.107552 -0.092482 0.000785 -0.103717 0.392432 -0.064431 -0.002381 0.109526 -0.048989 -0.220274 -0.140109 -0.027146 -0.033654 0.088654 0.110363 0.138780 0.018052
moving -0.140542 -0.294158 -0.074804 0.092731 -0.183106 -0.023442 0.034744 -0.102729 -0.124732 0.066922 -0.054703 0.048490 0.136872 -0.003365 -0.079976 0.133862 -0.063964 -0.148414 -0.061211 0.013229
tough -0.086277 0.153757 0.170706 -0.263998 0.109885 0.074888 0.108933 0.285899 -0.013483 0.006385 -0.048057 0.003536 0.010057 -0.011102 -0.012496 0.271666 -0.129729 0.082471 0.094284 0.043004
flying -0.085942 -0.093760 -0.006596 0.098080 -0.207473 0.242601 0.201552 -0.023628 -0.174661 -0.085038 -0.039089 0.119515 0.058371 -0.090162 0.034739 0.165316 -0.033819 -0.143305 -0.147590 -0.208635
professionally -0.034364 -0.237111 -0.046027 -0.095366 0.195621 0.147113 0.084059 -0.056477 0.080570 -0.035795 -0.113584 -0.112196 -0.182838 -0.362348 -0.064481 -0.192934 0.027615 0.038085 -0.055855 -0.079569
norwegian 0.164033 -0.135655 0.006854 -0.051254 0.246787 -0.157457 0.085523 -0.136520 -0.024415 0.020966 0.128074 -0.026489 -0.082137 0.107494 0.029803 -0.002715 0.060129 0.015492 -0.081595 0.081901
argentinean 0.110336 -0.097332 0.097452 0.081663 0.093056 -0.134357 0.164829 -0.030579 0.204127 -0.006820 0.148254 0.090907 -0.164654 0.123489 0.010672 -0.069381 -0.146727 -0.068200 0.188685 0.069666
ukrainian -0.000342 0.098480 -0.084456 0.143422 0.203002 -0.216468 0.234312 0.131788 0.071046 0.002787 0.110497 0.087801 -0.112245 0.096270 -0.064449 -0.118645 -0.050853 0.086869 -0.162089 -0.016642
occasional 0.099076 -0.025173 -0.079403 0.003128 -0.128813 0.134358 -0.210259 0.310131 -0.036235 0.014922 0.077526 0.165050 -0.160584 0.029613 -0.012396 -0.025967 0.049685 0.097722 -0.096525 0.170821
denmark 0.036758 0.182975 0.224809 -0.050576 -0.206620 -0.118553 -0.131024 -0.113194 -0.109421 -0.125996 -0.106889 -0.232979 -0.157676 -0.044303 -0.047133 -0.045917 0.073884 -0.030567 0.062686 -0.104053
