move -0.075714 0.197646 -0.426609 -0.196489 -0.049099 -0.021705 -0.209503 -0.266582 -0.036531 -0.058913 -0.026485 0.112047 0.087679 0.138036 -0.014120 0.045743 -0.008159 -0.156299 0.225988 0.073707
tougher -0.073412 0.060574 0.058116 0.116634 0.195770 0.087487 0.024145 0.124034 -0.115390 0.027448 -0.010779 -0.219728 0.347294 0.094965 -0.105877 -0.107155 -0.008561 0.025570 0.168960 0.163383
occasionally -0.137931 -0.013131 0.018449 -0.017493 0.032376 0.281460 0.061250 -0.194488 0.076825 0.071487 -0.157936 -0.041462 -0.211098 -0.055028 0.057161 -0.047722 0.110125 0.173859 -0.031048 0.067073
argentina -0.065504 0.011303 0.332311 0.044160 -0.111119 -0.044839 -0.179086 -0.102934 -0.003916 0.029984 0.010233 0.078203 -0.009442 -0.094962 -0.019194 -0.012193 0.032645 0.004437 0.187969 -0.272690
danish -0.031185 0.030701 0.015219 0.188025 0.193963 -0.176379 -0.013051 -0.038599 0.148671 -0.088071 -0.095640 -0.134132 -0.278632 0.102844 0.129195 -0.037866 -0.009773 -0.244234 -0.051426 0.039222
fly 0.151477 0.269647 -0.233010 -0.146109 -0.143145 0.107582 -0.047230 -0.084609 0.118175 0.115823 -0.031843 0.071127 0.083746 0.115973 0.073652 -0.035495 0.130294 -0.298386 -0.031218 -0.138634
louder 0.168596 -0.073445 -0.059984 0.185416 0.051102 0.038233 -0.088975 0.057728 0.190087 -0.050652 -0.023141 -0.227450 0.298768 0.115653 -0.064367 0.030072 -0.164690 0.202790 0.036445 0.028229
loud -0.137474 -0.054795 0.103737 -0.298630 -0.032386 0.023313 -0.050875 0.155950 0.257798 -0.007636 0.139347 -0.124258 0.084224 0.083571 -0.018238 0.206245 -0.161429 0.185550 -0.066405 -0.142597
norway 0.110546 0.027968 0.186512 -0.068371 -0.039733 -0.156062 -0.230611 -0.115268 -0.155599 -0.115262 -0.042027 0.001069 0.150618 -0.126728 0.064321 0.135418 0.269643 0.126965 -0.034277 -0.165019
ukraine -0.045686 0.151886 0.156503 -0.066589 -0.199312 -0.171646 -0.048294 -0.009497 -0.131813 -0.026300 0.006205 0.055147 0.159602 -0.177458 0.152008 -0.108881 -0.053190 0.186559 -0.126479 0.025615
professional 0.082764 -0.180744 -0.272009 0.095358 -0.096993 0.012021 -0.087059 0.405709 -0.062113 0.027629 0.119375 -0.020454 -0.216677 -0.176137 -0.042800 -0.037903 0.117021 0.119470 0.116040 0.001434
moving -0.160245 -0.269584 -0.082584 0.090484 -0.167845 0.024165 0.054948 -0.108842 -0.157482 0.041741 -0.052697 0.035427 0.137835 -0.006708 -0.138222 0.139591 -0.011983 -0.138596 -0.074025 0.016581
tough -0.064696 0.139863 0.181824 -0.283275 0.126423 0.084878 0.131923 0.277935 -0.003318 -0.009376 -0.041752 0.003325 0.005294 0.019484 0.007727 0.267067 -0.110709 0.044696 0.080663 0.045980
flying -0.036892 -0.078279 -0.000457 0.094890 -0.146933 0.247924 0.204768 -0.034105 -0.192883 -0.046067 -0.060945 0.057670 0.061156 -0.129230 0.034839 0.170614 -0.020499 -0.129644 -0.165376 -0.224333
professionally -0.070885 -0.212223 -0.068699 -0.116535 0.199348 0.141873 0.111348 -0.028464 0.103360 -0.019868 -0.093909 -0.090953 -0.162902 -0.372802 -0.091940 -0.199660 0.032810 0.072947 -0.075939 -0.078733
norwegian 0.164838 -0.169890 0.014081 -0.038258 0.233335 -0.161809 0.075163 -0.131619 0.016421 0.047052 0.113555 -0.006857 -0.082860 0.095401 0.046419 -0.031741 0.059348 0.026036 -0.063940 0.108643
argentinean 0.081014 -0.112364 0.107500 0.089453 0.066572 -0.123276 0.179289 -0.030165 0.232852 0.010894 0.142786 0.094515 -0.171023 0.106409 -0.002706 -0.078193 -0.124522 -0.106840 0.177840 0.053324
ukrainian 0.005303 0.098834 -0.070364 0.165504 0.172022 -0.232637 0.249807 0.092009 0.066195 -0.021040 0.096423 0.127650 -0.125205 0.123137 -0.039491 -0.126933 -0.020133 0.111190 -0.151168 -0.007991
occasional 0.117549 -0.011487 -0.086192 0.012831 -0.125635 0.151478 -0.213052 0.296288 -0.040781 0.001190 0.066265 0.189424 -0.156430 0.024264 0.019401 -0.042865 0.033599 0.093868 -0.125539 0.152305
denmark 0.094598 0.163444 0.212589 -0.077406 -0.188059 -0.131867 -0.134848 -0.109506 -0.135734 -0.105215 -0.077904 -0.241210 -0.150511 -0.087856 -0.060851 -0.051016 0.041051 -0.021593 0.066397 -0.104514
