move 0.037060 -0.026872 0.024353 0.018334 -0.123800 0.018032 0.079955 -0.052805 0.008084 -0.003196 -0.230349 -0.132255 0.020378 -0.036003 0.021312 -0.190886 -0.137422 -0.000432 0.294363 -0.165198 -0.015946 0.012324 0.005309 0.027019 -0.289129 -0.016354 -0.102669 0.009784 -0.024338 -0.070698 -0.040971 0.009899 0.031714 -0.008634 -0.183797 -0.013295 -0.004444 0.087032 -0.025108 -0.239786 0.034299 0.108970 0.039514 -0.018657 -0.079501 0.007947 0.006856 0.026558 -0.208731 0.005191
tougher -0.181350 0.025131 0.023621 0.040859 -0.112541 -0.009092 0.069165 -0.124492 -0.029103 -0.007750 0.027915 0.030694 -0.116294 0.023572 -0.011278 -0.065922 0.246275 0.018168 0.075739 0.066482 0.014768 -0.038828 -0.012202 0.007791 -0.093907 0.024786 -0.007119 0.011323 -0.067234 0.019618 -0.004825 -0.041746 0.009136 0.052140 0.096558 -0.019901 0.028947 -0.153726 -0.030407 -0.266742 0.001606 -0.090740 -0.003624 0.033290 -0.121330 0.004304 0.036192 0.009813 0.316004 0.000114
occasionally 0.027253 0.065154 -0.018369 -0.010086 -0.081119 -0.020928 0.106121 -0.051745 -0.019468 0.004244 -0.129927 -0.080879 0.180904 0.036449 -0.005507 0.058541 -0.029741 0.012599 0.016593 -0.110890 0.038040 -0.012115 0.011519 -0.000357 0.191786 0.028416 -0.017076 -0.012686 0.034975 0.066770 0.010001 -0.160305 -0.049145 -0.020117 0.233211 0.013100 0.008292 0.068592 0.013624 0.166424 -0.087411 0.171230 0.057416 0.002841 -0.105167 -0.036878 -0.032923 -0.026957 0.033420 -0.002815
argentina -0.250874 0.077780 0.013706 -0.039726 0.328836 0.060874 -0.065408 -0.041223 0.053042 0.023757 0.086511 0.042979 -0.023878 -0.028598 0.053887 0.056560 -0.099135 0.000871 0.027539 0.021071 -0.014063 -0.017414 -0.065701 0.040555 -0.010721 -0.008338 0.031909 -0.003684 -0.026377 0.026140 -0.028740 0.013920 -0.040414 -0.065115 -0.164562 -0.029077 -0.039646 -0.021992 -0.013375 0.153300 -0.047103 0.183093 -0.011627 -0.082809 -0.165893 0.028715 -0.058529 0.021995 0.036355 -0.010078
danish 0.058389 -0.091090 0.032532 0.001659 0.111669 0.052333 0.013038 0.136652 -0.022198 -0.014536 0.110096 -0.103701 0.101579 0.004093 -0.008520 -0.026496 0.079729 -0.022160 0.022940 0.005166 0.010404 -0.012636 -0.090973 0.030936 0.294480 0.000490 -0.088601 -0.000933 0.017899 -0.142320 -0.025581 0.056548 -0.012867 -0.026411 0.078564 -0.024862 -0.129076 0.116053 0.002851 -0.259256 -0.000647 0.071987 -0.133846 0.010009 0.011762 -0.061016 -0.034915 -0.021366 -0.157236 0.049603
fly 0.004230 0.113115 -0.001901 -0.019839 -0.096227 0.014828 0.050048 0.210829 0.025123 -0.007193 0.117222 -0.152608 0.062963 -0.019422 0.033414 -0.183168 -0.134045 0.017348 0.272585 -0.031340 -0.005540 -0.014101 0.026480 0.028360 -0.239089 0.010234 -0.009720 -0.011850 0.024561 -0.091453 -0.007739 0.233780 -0.038478 -0.026020 0.076117 -0.016783 -0.056724 0.056148 -0.016872 0.014119 -0.071178 0.060246 0.093471 -0.013508 -0.009885 0.024063 -0.031876 0.013732 -0.210869 -0.035817
louder -0.282918 -0.129991 0.000592 -0.011246 -0.150552 -0.003310 -0.042696 -0.032338 0.014240 -0.005014 0.029940 0.309759 -0.050976 0.012857 0.037518 -0.009788 0.042989 -0.005001 -0.048108 -0.080245 0.021559 0.000387 -0.068389 0.019769 -0.046939 0.015023 0.026382 0.005844 -0.020323 0.037108 -0.000517 -0.006585 -0.024755 -0.046618 0.117531 -0.021424 0.020599 -0.006737 0.064299 -0.220064 0.033680 -0.146509 0.231688 -0.040809 0.028981 0.019508 -0.034891 0.030527 0.093289 -0.033886
loud -0.070741 0.078121 0.003834 -0.007388 -0.095472 -0.021197 0.029385 -0.040070 0.002406 -0.008432 -0.130509 0.206314 -0.014939 -0.008330 0.009305 0.011165 -0.365816 0.002598 -0.231522 0.211695 0.004670 0.028612 -0.049332 -0.028937 0.047473 -0.021687 0.028327 -0.030970 -0.049127 -0.036651 0.045563 0.156560 -0.004905 -0.008974 -0.034127 0.025361 0.098695 0.034225 -0.011934 -0.037829 0.023847 -0.016343 0.105859 -0.006969 -0.082821 0.011412 0.005544 -0.001069 0.113864 0.002992
norway -0.074928 -0.038072 0.008029 0.002338 0.346165 0.020236 -0.117699 -0.038730 -0.014195 -0.001406 0.053416 0.026753 0.124900 0.037754 0.001080 0.206042 -0.146086 0.002637 0.046364 0.086214 0.035219 0.017568 -0.079363 0.022963 -0.302055 0.004220 -0.017166 0.014918 0.061339 0.006114 0.007520 -0.082729 0.008604 -0.025138 0.006973 -0.035259 -0.002843 0.010771 -0.006673 0.035183 -0.061887 -0.099419 0.055571 0.014631 -0.107641 0.003794 -0.009904 0.000423 0.051702 -0.012013
ukraine 0.094037 -0.106748 -0.008896 -0.021932 0.057219 0.066563 -0.174180 0.030677 0.027390 0.017439 0.107303 0.109337 0.089426 -0.022751 0.017755 0.021029 -0.072064 -0.011405 0.088176 0.153583 -0.020617 0.046300 0.042500 0.002625 -0.179800 -0.035718 0.000626 0.004364 -0.069866 0.134398 -0.014324 -0.119677 0.025731 -0.044795 -0.101545 -0.008945 0.006499 0.083859 0.001682 0.166864 0.072106 0.028595 -0.059309 -0.020050 -0.035248 0.028298 -0.013893 0.002681 0.243745 -0.004458
professional 0.116815 -0.208884 -0.030983 0.000413 0.062888 -0.087378 0.093751 -0.069220 0.024184 0.020974 0.032976 -0.067133 -0.116157 -0.007249 -0.001594 -0.118427 -0.053581 -0.021880 -0.150295 -0.310898 0.002640 -0.005936 -0.010431 -0.000623 0.061148 0.024970 0.026955 -0.012586 0.080533 -0.009983 -0.021870 0.025582 -0.039580 -0.002262 -0.105440 0.031352 -0.050513 -0.182486 0.006456 0.235043 -0.000137 -0.298199 0.014528 -0.030651 0.123848 0.010822 -0.010136 0.004656 0.074264 -0.038441
moving 0.113630 -0.035537 0.004102 -0.022351 0.098376 -0.037546 0.080932 -0.141141 -0.025930 0.011432 -0.035159 0.042074 -0.220082 0.008705 -0.000085 0.008688 0.107180 0.011086 0.059793 0.149473 -0.011068 -0.003314 0.149809 0.006309 -0.070681 -0.028917 0.017722 0.001420 -0.015494 0.052229 0.034475 -0.061962 -0.036107 -0.002446 0.027170 -0.011398 0.079493 -0.096581 0.010804 0.037489 0.089965 0.101036 0.208116 0.015945 0.026809 -0.013740 0.012460 -0.033389 -0.180316 0.038291
tough 0.032351 0.157269 -0.018030 -0.031386 -0.079105 0.035378 -0.049745 -0.071919 0.008854 -0.000490 -0.151082 -0.049589 -0.207907 -0.025498 0.003281 -0.047660 -0.152052 -0.023043 -0.252659 0.162162 -0.013047 0.024255 -0.037348 -0.011352 -0.050133 -0.012779 0.004688 -0.021129 -0.048438 -0.027208 0.010336 0.120649 -0.012624 -0.040160 0.149495 0.018970 0.011897 0.067889 0.034312 -0.073029 -0.103556 0.002825 -0.209218 -0.016884 -0.005254 -0.009623 -0.028650 -0.007125 0.193180 -0.006956
flying 0.030117 0.129207 0.037303 0.030692 0.092078 -0.001652 0.126353 -0.118615 -0.034876 -0.027845 0.042607 -0.044352 -0.128482 0.028714 0.007106 0.060600 0.101704 -0.010572 -0.055625 0.207390 0.014472 -0.003793 0.117765 0.010955 -0.118513 0.011735 -0.100610 -0.020557 -0.040600 -0.027788 -0.002298 0.024535 0.012948 0.016475 0.156440 -0.020338 -0.039584 0.125655 -0.027480 0.330713 0.087535 0.001279 0.152734 0.031449 0.061487 -0.017864 -0.010781 0.004555 -0.171196 0.027744
professionally -0.057974 -0.127872 0.026902 0.021720 -0.061462 -0.129782 0.081556 -0.018260 -0.000456 0.013040 -0.073605 -0.120412 0.243481 0.025519 0.009435 -0.091825 0.094810 0.022036 -0.242186 0.021109 0.018203 -0.029189 0.000420 -0.017190 0.128455 0.019721 0.130617 -0.008023 0.047264 -0.152147 -0.007038 -0.211374 -0.002456 0.023621 0.128363 -0.028707 0.083660 -0.062765 -0.053407 0.285431 0.017170 0.047603 -0.012461 -0.006497 -0.093033 0.035244 -0.001043 0.009463 -0.041876 -0.001204
norwegian 0.028637 -0.020680 0.003924 -0.006954 -0.072842 -0.071036 -0.117388 -0.022628 0.034842 0.027929 -0.041234 0.009310 0.181393 -0.009086 0.013915 0.213122 0.095882 -0.005363 0.036471 -0.016222 -0.005231 -0.019594 -0.019907 0.011371 0.117413 0.002135 0.089842 0.017999 0.035078 -0.038883 -0.024215 0.040548 -0.001283 -0.009829 -0.008081 0.006739 0.057659 -0.086032 -0.057142 -0.139221 -0.029957 -0.097821 -0.155604 -0.035749 0.012495 0.001237 -0.004150 0.008028 -0.128334 -0.013921
argentinean -0.046929 0.055672 -0.017564 0.015743 -0.112752 0.037826 -0.126230 0.064217 -0.003826 -0.005147 0.051338 0.040679 -0.049214 -0.009889 -0.039498 -0.029383 0.104439 -0.012386 -0.044946 -0.005223 -0.007168 0.004916 -0.079052 -0.007233 0.284566 -0.001640 0.020073 0.018377 0.006358 0.002723 -0.019238 0.067242 0.034373 0.026497 -0.222398 0.033623 -0.002914 -0.070930 0.039419 -0.083540 -0.086301 0.046428 -0.138225 0.017811 0.014778 -0.057291 0.019907 -0.007921 -0.203398 0.023700
ukrainian 0.101166 0.020464 -0.028108 -0.021486 -0.108648 0.024161 -0.072317 0.185556 0.001395 0.012657 0.062886 -0.033221 0.181530 0.007477 -0.015321 0.068523 0.174027 -0.007888 -0.185606 -0.015773 -0.007483 0.032268 0.118108 -0.047585 0.112884 -0.035945 -0.020305 -0.011810 0.007219 0.087230 0.041665 0.074964 0.013551 -0.012175 -0.160676 0.014182 -0.026271 -0.031633 0.047477 -0.146097 0.033374 -0.002662 -0.077532 0.008304 0.201323 0.026340 0.006854 -0.023353 0.030659 -0.006172
occasional 0.135944 -0.009150 -0.012170 -0.016571 -0.073587 0.001195 -0.026392 0.115812 -0.001368 -0.008255 0.060635 -0.039948 -0.215772 -0.014331 -0.016702 0.075717 -0.192247 -0.000169 0.032518 -0.285034 -0.013037 0.007477 0.003409 0.013199 0.018941 -0.017922 0.028240 0.020303 0.043363 -0.077447 -0.015431 -0.084058 0.024852 0.004704 0.001397 -0.009735 0.014286 -0.048710 0.010446 0.164819 0.065058 -0.116519 -0.020545 0.024727 0.160109 -0.020203 0.006140 -0.018920 0.134243 0.022598
denmark -0.050926 -0.045353 -0.010578 -0.005821 0.359438 0.014363 0.073680 0.096956 0.037994 -0.009164 -0.013884 0.044049 0.066030 -0.019976 0.004077 -0.098368 -0.043089 -0.039069 0.139398 0.070162 -0.000383 -0.008912 -0.228720 -0.014628 -0.056829 0.013668 0.074909 0.009498 0.071085 0.054050 -0.004624 -0.024085 -0.015937 -0.007160 -0.063242 0.037975 -0.063698 0.195894 0.013297 0.080344 -0.061805 -0.015596 -0.135613 -0.041681 -0.035320 0.003957 0.005325 0.024257 0.072655 -0.026927
