fly -0.070312 -0.057416 0.187273 0.390580 -0.093982 -0.166755 0.230171 0.095580 -0.065730 0.025941 -0.076052 -0.131825 -0.093228
loud 0.024691 -0.153173 -0.256057 -0.149400 -0.173079 -0.015400 0.243910 0.008093 0.215981 -0.149124 -0.069635 0.008396 -0.018233
tough -0.095548 0.021842 -0.203495 -0.194791 -0.037934 0.003180 0.315024 0.083395 0.037606 -0.156923 -0.103367 -0.001740 -0.011166
occasionally 0.138239 0.024366 0.139094 -0.169840 -0.065279 -0.069656 0.139661 -0.016773 -0.216205 -0.047318 0.157899 0.140930 0.189207
moving -0.014254 0.212094 0.023664 -0.089289 -0.096276 0.056068 0.015462 -0.094177 0.016629 0.028604 0.140219 -0.394461 0.169875
professionally -0.053854 -0.129910 0.201123 -0.176808 0.141270 -0.116727 0.075042 0.024270 -0.097200 -0.141088 0.146087 0.182688 0.207602
professional 0.037589 -0.126559 -0.005973 -0.078580 0.208506 0.108563 -0.254191 0.299971 -0.047981 -0.093739 -0.215676 -0.140427 0.159795
norwegian -0.001799 -0.051084 0.059246 0.105022 -0.115024 0.197614 -0.182529 -0.168023 -0.066101 -0.122846 -0.004131 0.141821 -0.135107
tougher 0.078041 0.182344 -0.205040 0.037608 0.221524 0.098107 0.019783 0.032221 -0.207639 -0.176387 0.177113 -0.084118 -0.225979
ukraine 0.070561 0.290080 -0.090635 -0.079235 -0.038194 -0.144044 -0.073114 0.095291 0.026798 0.137425 -0.089118 0.120437 -0.055943
move -0.127136 -0.051392 -0.064893 0.383399 -0.164648 -0.178364 -0.058662 0.086341 -0.010473 -0.193618 0.143310 -0.212688 0.001594
occasional 0.173289 -0.066173 -0.009709 0.002318 -0.035885 0.015691 -0.160264 0.273071 -0.108486 0.004765 -0.221648 -0.112123 0.182573
ukrainian 0.035605 -0.034909 -0.073979 0.062997 0.077016 -0.119460 -0.272671 -0.294970 -0.154594 0.012143 -0.081805 0.127268 -0.072892
flying 0.004182 0.093453 0.167098 -0.068953 -0.009707 -0.008179 0.232485 -0.141521 0.025312 0.154927 -0.085552 -0.292146 0.062844
danish -0.093251 -0.225713 0.056432 0.000118 -0.027026 0.094083 -0.117751 -0.228648 -0.201060 0.118401 0.036150 0.017992 -0.138721
norway -0.056415 0.261580 0.074819 -0.033305 -0.150377 0.175175 -0.070276 0.158223 0.199703 0.051088 0.048341 0.085613 -0.070194
argentina -0.055998 0.117019 -0.102756 0.128490 -0.049011 0.080144 0.063504 0.120144 0.218498 0.260291 0.153164 0.198597 0.135737
louder 0.302552 -0.007450 -0.265481 -0.029845 0.173020 0.024891 0.011998 -0.090898 0.008833 -0.058065 0.259569 -0.059935 -0.215195
argentinean -0.075671 -0.120871 -0.167335 0.159707 0.079937 0.080698 -0.082321 -0.266303 -0.137611 0.086389 0.030744 0.163193 0.106822
denmark -0.094062 0.089333 0.074124 -0.046817 -0.081207 0.047797 -0.031464 0.199650 0.034724 0.328110 0.069915 0.029252 -0.112534
