move -0.064147 -0.022604 0.025923 -0.487818 -0.115135 0.251483 0.241217 0.136862 0.129058 -0.237399 -0.577899 -0.170713 0.098306
tougher 0.095669 -0.086060 0.233825 -0.018089 -0.025135 0.175984 0.197430 0.050072 0.017417 -0.083387 0.030334 -0.161460 -0.316126
occasionally -0.169005 -0.379036 0.100920 0.274202 -0.014499 -0.110915 -0.199764 0.109139 0.232272 0.201261 0.168986 0.361973 0.200080
argentina -0.235707 -0.002925 0.194352 0.141403 0.028717 -0.228200 0.150717 -0.191811 -0.045781 -0.071953 0.117267 0.086127 -0.341911
danish -0.212891 -0.069774 -0.116107 0.033846 0.460793 -0.013359 -0.035510 0.084756 0.324196 -0.037767 0.328438 0.128187 -0.216916
fly -0.096917 -0.002190 0.014816 -0.193881 0.149591 0.079249 0.078729 0.214154 0.151395 -0.164786 -0.296389 0.247674 0.086369
louder 0.129341 -0.143548 0.275419 0.023361 0.085392 0.181571 0.143259 0.141435 0.143825 -0.033182 0.107682 -0.021260 -0.141975
loud 0.326992 0.035562 0.053648 -0.093818 -0.139737 0.019159 0.038501 0.004434 0.041741 -0.127243 -0.154390 -0.082680 0.016184
norway -0.226550 -0.049067 0.328356 0.151585 0.058667 -0.190937 0.180092 -0.258028 -0.012816 -0.055802 0.088980 0.202273 -0.343597
ukraine -0.127140 0.007346 0.404108 0.099196 -0.254798 -0.061391 -0.014805 -0.042483 -0.004074 -0.019740 0.007677 0.141183 0.106626
professional 0.030386 0.105261 0.215586 0.153065 -0.558581 0.400062 -0.266944 -0.005113 -0.015156 0.238199 -0.217394 -0.162994 0.501392
moving -0.045464 -0.127334 -0.044378 0.022535 -0.305735 0.148652 0.011165 -0.309369 -0.271494 -0.152769 -0.158654 -0.060018 -0.140424
tough 0.295211 0.133029 -0.024691 -0.008904 0.090710 0.026190 0.027338 0.044296 0.158189 -0.058734 -0.083948 0.092045 -0.067318
flying -0.059127 -0.141581 -0.104304 0.153792 -0.384085 0.083915 -0.200779 -0.313393 -0.342002 -0.111578 -0.124210 0.070734 -0.023703
professionally -0.105510 -0.346931 0.014359 0.175832 -0.405968 -0.039967 -0.249160 -0.155032 -0.165259 0.076180 -0.009060 -0.196438 0.040271
norwegian -0.123553 -0.044077 -0.036368 0.003123 0.332517 0.054923 -0.006858 0.000702 0.239242 -0.028622 0.245853 0.042837 -0.236645
argentinean -0.109976 0.033736 -0.099142 -0.038376 0.115804 0.133200 -0.114350 0.034733 0.158237 -0.061641 0.196006 -0.080408 -0.075856
ukrainian -0.062814 0.035215 0.016163 0.006793 -0.052217 0.190467 -0.269271 0.129821 0.167332 0.021855 0.211981 -0.001201 0.120520
occasional 0.017108 0.074948 0.273626 0.188804 -0.232207 0.293320 -0.213173 0.163149 0.248709 0.262576 -0.067431 0.250252 0.597396
denmark -0.226761 -0.021400 0.227683 0.090067 0.037240 -0.210861 0.171537 -0.159714 -0.030681 -0.053030 0.077258 0.060775 -0.238525
