fly -0.422543 -0.022087 -0.109150 0.275056 0.063046 0.017908 -0.016289 -0.009285 -0.205614 -0.032313 0.138184 0.176092 0.108352
loud -0.001772 0.047372 -0.254120 0.212478 -0.093811 -0.019692 0.090133 -0.114780 -0.167648 -0.051839 0.134362 0.293250 -0.150289
tough 0.000739 0.020033 -0.105123 0.156948 -0.121405 -0.092799 0.117723 -0.012905 -0.110763 0.008189 0.171781 0.305346 0.028036
occasionally -0.061654 0.163645 0.199925 -0.095740 -0.080952 0.125215 -0.002057 -0.030371 -0.053262 0.044282 0.064818 0.020592 0.288020
moving -0.116600 -0.029660 0.020299 0.113857 0.100145 0.094591 0.218325 0.211280 -0.088441 -0.138854 0.047843 0.016163 0.102011
professionally -0.018997 0.259101 0.136196 -0.125994 0.001486 0.086475 -0.069065 -0.136885 -0.050026 0.067421 -0.018035 -0.004155 0.258937
professional -0.034666 0.312037 -0.473386 0.116678 0.210445 -0.080945 -0.060386 0.053429 0.157711 -0.103671 -0.195139 -0.025064 0.022716
norwegian -0.010514 -0.024884 -0.079514 0.037315 -0.061188 0.260343 -0.241134 -0.001041 0.058005 0.084227 0.024463 0.036748 -0.049129
tougher 0.025757 -0.108223 0.014290 -0.165187 0.031838 -0.055500 -0.122369 0.163649 -0.052073 0.259834 0.120207 -0.237695 -0.091071
ukraine -0.095453 -0.063588 0.040174 0.196034 -0.267918 -0.060058 -0.013446 0.124846 0.215540 0.018827 -0.077508 0.172718 0.077474
move -0.347359 -0.109113 -0.299351 0.118355 0.142709 0.060402 -0.027845 0.028244 -0.249760 0.025339 0.038135 0.058533 -0.108853
occasional -0.141200 0.216431 -0.380094 0.158141 0.127807 -0.071255 -0.046236 0.046510 0.108560 -0.120118 -0.137754 0.026639 0.080124
ukrainian -0.031210 0.127024 0.050582 0.013149 -0.028229 0.219370 -0.311176 0.166483 0.093709 0.167909 -0.061995 0.023453 -0.031283
flying -0.185502 0.067695 0.091695 0.235228 0.039629 0.081937 0.173513 0.159565 -0.054705 -0.141385 0.126078 0.211075 0.197117
danish -0.026993 0.114401 0.030500 0.046193 0.024184 0.303927 -0.284417 -0.014458 0.049151 0.062744 0.086210 -0.032661 0.025918
norway -0.052340 -0.166140 -0.069941 0.309057 -0.170011 0.037357 0.059696 -0.020900 0.204918 -0.056539 -0.098962 0.089379 -0.002790
argentina -0.100287 -0.124210 -0.025001 0.221994 -0.139123 0.076095 0.066861 -0.186305 0.103004 -0.104185 -0.189355 0.080809 -0.176333
louder 0.104272 -0.050311 -0.026297 -0.162254 0.052935 0.003362 -0.086535 0.050440 -0.027800 0.232876 0.107895 -0.271864 -0.251469
argentinean -0.035144 0.123622 -0.038550 -0.029411 0.004570 0.289714 -0.218082 -0.008402 -0.026475 0.041806 -0.100653 -0.005794 -0.207457
denmark -0.137136 -0.112302 0.016963 0.278982 -0.176185 0.067426 0.013777 -0.088856 0.262607 -0.073981 -0.004619 0.066134 0.120718
