hanoi 0.062172 -0.172299 -0.154462 0.184002 0.251972 0.154507 -0.340102 -0.194605 -0.128917 -0.211236 -0.481302 0.115827 0.028406 0.016774 0.207442
tougher -0.434793 -0.018745 0.281655 0.071495 0.179126 0.017632 -0.067280 -0.011322 0.260584 -0.203040 -0.108773 0.227657 0.089869 0.324143 0.269124
occasionally -0.095180 0.001712 0.072388 0.106569 0.339486 0.174837 -0.111025 -0.138716 -0.079436 -0.388950 0.157836 -0.099634 0.119641 -0.236104 -0.391161
ukrainian -0.422488 0.233195 -0.353804 0.070797 0.140103 0.182073 0.331649 0.031415 -0.169152 -0.002253 -0.118333 0.250854 -0.160130 0.051746 -0.114558
occasional -0.231595 0.271644 -0.157853 0.030138 0.281342 0.087601 -0.015313 -0.046273 -0.029871 -0.362711 0.075138 -0.049917 0.046738 -0.084104 -0.293892
norway -0.053466 0.219654 0.013346 0.354469 0.106768 0.061957 0.293886 0.081346 0.380156 0.054055 -0.213209 -0.285081 -0.222430 0.097662 0.020036
baghdad -0.039378 -0.086481 -0.243482 -0.074509 0.174689 -0.182710 -0.285305 0.308770 0.181762 -0.396410 -0.117975 -0.144668 -0.196879 0.478533 -0.144255
illinois 0.039972 0.211806 0.482462 -0.050019 0.179236 0.378037 -0.108409 0.120124 -0.178043 -0.314190 0.136712 -0.015623 0.013521 0.077822 0.111163
moving -0.137580 0.031764 -0.053424 0.543245 -0.292431 0.088807 -0.084010 0.134764 -0.041096 -0.135112 -0.023075 -0.159862 -0.005432 0.498034 -0.147924
loud -0.119182 -0.325304 0.245523 0.214688 0.251713 -0.191034 -0.089862 0.054494 -0.078394 -0.241329 -0.284655 0.019623 -0.248330 -0.101529 -0.226142
thai 0.265591 0.407985 0.127546 0.016055 0.077345 0.342634 0.027322 0.056256 0.086721 -0.057738 -0.012169 0.501742 -0.068292 0.000908 -0.248838
croatian -0.060496 -0.181091 -0.053124 0.053973 0.209325 0.208631 0.206884 0.399129 -0.085011 -0.319660 0.168040 -0.106867 0.123079 -0.165301 0.198400
argentina -0.115396 -0.092880 -0.206279 0.073784 0.012320 0.291311 0.036051 -0.020726 0.132047 -0.164367 0.210888 0.173176 -0.580019 0.024014 0.027944
vietnam 0.057532 -0.096328 -0.198879 0.011630 0.098725 0.473556 -0.175046 -0.186121 -0.037788 -0.196810 -0.448798 -0.045692 0.031984 0.020488 0.023666
norwegian 0.022970 0.252253 -0.049730 0.344211 0.068586 0.163129 0.309364 0.025402 0.433105 0.063913 -0.369747 -0.190935 -0.034451 -0.013390 0.068152
professionally 0.015278 0.060060 0.111472 0.277092 0.537705 0.040451 -0.014163 -0.012359 0.018233 0.208173 -0.124839 -0.042221 -0.132123 0.173092 -0.271095
argentinean 0.078823 -0.059141 0.093735 0.220597 -0.034481 0.163604 -0.010802 -0.044923 0.312558 -0.268954 0.237828 0.159335 -0.618447 -0.005999 0.075995
louder -0.021579 -0.268249 0.209239 0.117913 0.143071 -0.076659 -0.049263 0.154633 -0.147108 -0.303612 -0.278298 0.157227 -0.230073 -0.217184 -0.115484
chicago -0.138604 0.358383 0.343095 0.087335 0.119153 0.268388 -0.354911 0.223210 -0.213595 -0.166997 0.019887 -0.162637 -0.215164 -0.115050 0.150181
move 0.030880 0.163232 -0.025171 0.552628 -0.402603 0.239686 0.045455 0.014209 -0.038193 -0.195399 0.074086 -0.023062 -0.141939 0.231704 -0.179768
thailand 0.416351 0.338798 0.083441 0.098643 -0.093479 0.358391 0.144222 0.122704 0.045184 -0.113223 -0.063762 0.611908 -0.139723 -0.144717 -0.137476
ukraine -0.235903 0.174327 -0.160560 0.206451 0.180980 0.061399 0.340942 0.085870 -0.295787 -0.130191 -0.278769 0.357502 0.092282 -0.165586 0.182962
plano -0.312585 0.000088 0.061302 -0.035713 -0.035674 0.020224 0.136954 0.455024 0.101426 -0.210573 -0.220110 0.063979 0.213922 -0.062484 -0.270826
texas -0.377002 -0.092166 0.155846 -0.135536 -0.240037 0.263658 0.253719 0.357798 0.237600 -0.246211 -0.166302 0.077539 0.069894 -0.099063 -0.372537
tough -0.395029 -0.125974 0.222967 0.062740 0.233234 0.115117 0.047521 -0.161656 0.296611 -0.201436 -0.264803 0.048254 0.025706 0.217751 0.326164
flying -0.084467 -0.006826 -0.236595 0.210299 0.353010 0.181550 -0.293545 0.300553 0.099457 0.124364 0.108525 0.271640 0.171910 -0.146255 0.151005
iraq 0.012296 -0.061619 -0.180240 -0.117396 0.197777 0.000056 -0.125272 0.338354 0.232293 -0.331154 0.067890 -0.008501 -0.057992 0.328912 -0.151249
professional -0.018467 0.160010 0.078930 0.249697 0.460603 -0.070958 -0.152276 0.078870 0.093453 -0.005353 -0.021257 -0.009842 0.050490 0.095036 -0.320454
fly -0.007234 -0.018764 -0.058589 0.281973 0.140294 0.281302 -0.267533 0.398476 0.028426 0.123029 0.123331 0.080036 0.021236 -0.129172 0.177427
danish 0.154003 -0.378243 0.037865 0.146409 0.314853 0.209699 0.311841 0.097231 0.065022 -0.114774 0.064124 0.068297 0.120469 0.351860 -0.001276
denmark 0.187055 -0.497319 0.299181 0.189730 0.242277 0.181261 0.185308 0.071333 -0.103011 -0.056768 -0.103563 0.172914 -0.062936 0.384632 0.005685
croatia -0.023505 -0.099345 0.078055 0.126278 0.069052 0.224764 0.038275 0.609912 -0.099730 -0.111167 0.044672 -0.260935 0.053324 -0.161009 0.030301
