hanoi -0.096855 0.140471 0.150611 -0.064534 -0.030859 0.159073 0.142388 0.260240 0.062879 0.077364 -0.099552 -0.052167 -0.039598 -0.210761 0.137451 0.075341 -0.049401 -0.020462 -0.165895 -0.160091 -0.109233 -0.048386 -0.141528 -0.156811 0.222080 0.151637 0.193758 -0.135249 0.144377 -0.173616 -0.077893 -0.073149 -0.008929 0.100978 -0.271423 -0.052073 -0.001500 -0.047692 -0.212045 -0.192552 -0.183128 -0.033130 0.090648 -0.014665 -0.134269 0.197195 0.297644 0.001369 0.129196 -0.048624 0.016496 0.109108 -0.097455 -0.291152 -0.083221
tougher -0.053993 0.127712 0.127111 0.245860 0.004226 -0.012098 0.000174 -0.146361 0.037381 -0.112641 0.027675 -0.131851 0.143302 -0.054238 0.256232 -0.004554 0.108975 -0.052814 0.235574 -0.193402 -0.148800 0.120514 -0.113914 0.007034 0.000678 -0.020281 0.043967 -0.013676 0.005979 0.300682 -0.190444 0.017305 0.095292 0.226012 0.084231 0.113006 -0.075763 0.147589 -0.078862 -0.130479 0.011057 0.099494 -0.002805 -0.180649 0.203120 -0.106129 0.244817 -0.037267 -0.129410 -0.050475 0.023269 -0.195014 -0.019368 0.158332 0.127764
occasionally 0.049565 -0.191652 -0.061125 -0.020401 -0.273158 -0.047928 -0.171572 0.015860 -0.002703 0.132122 0.031185 -0.152972 0.261658 0.033024 -0.151199 -0.110796 -0.119809 0.102356 0.108823 -0.159129 0.030763 -0.226681 -0.077764 0.230404 0.051756 -0.162847 0.053599 -0.078798 -0.117318 0.080163 -0.032207 0.049439 0.111195 0.125968 -0.100781 -0.058293 -0.034212 -0.241875 -0.115100 -0.046277 -0.106093 -0.142960 -0.052893 -0.219030 -0.241970 0.124956 -0.173417 -0.035841 0.004077 -0.137691 -0.213690 0.098457 -0.153204 -0.108262 -0.075499
ukrainian -0.052956 -0.071846 0.166028 -0.202284 0.089413 0.193922 0.022697 0.102627 -0.118108 -0.098795 0.074648 -0.040262 -0.031532 -0.075441 0.124077 0.034011 0.084207 -0.172355 -0.120887 -0.312518 -0.074022 0.035155 0.042894 0.163572 -0.000216 0.102277 -0.135507 -0.019686 -0.227464 0.075455 -0.108362 0.087180 -0.080324 0.003265 -0.141523 0.032887 -0.222820 -0.141375 0.019948 0.067595 -0.177123 -0.015906 0.256775 -0.049275 -0.087932 -0.091654 -0.050122 0.021100 -0.234892 -0.138941 0.042307 0.004712 -0.173356 0.035841 -0.028337
occasional -0.022647 -0.092671 0.142325 -0.099468 0.070754 0.025084 0.055093 -0.016243 0.081267 -0.091168 0.068917 -0.117048 -0.001542 -0.029736 0.190527 -0.030661 -0.212452 -0.085188 0.092920 0.008978 0.074986 -0.206032 -0.056767 0.058042 0.389252 -0.087650 -0.067091 -0.084114 -0.017752 0.040185 -0.019063 0.112234 -0.005295 0.043863 -0.126544 -0.270475 -0.145401 -0.209404 -0.090446 0.101648 -0.164110 0.002056 -0.070781 -0.310463 -0.182309 -0.239920 -0.070797 0.022541 -0.125262 -0.107239 -0.098240 0.082274 -0.154307 0.026037 -0.124939
norway 0.048409 0.190295 0.159374 -0.032129 -0.056956 0.083298 -0.000643 -0.115442 0.075708 0.131488 0.216423 0.062316 -0.167430 -0.008988 0.159190 0.000122 0.040902 0.012606 -0.020717 -0.014345 -0.141576 -0.031631 0.021309 -0.072229 0.092864 0.019276 0.239011 0.074259 -0.021618 0.318379 0.165359 0.076684 0.170144 -0.076322 -0.103314 0.137956 -0.009823 -0.014762 -0.065785 -0.060071 -0.068157 0.093705 0.182206 0.129666 -0.060548 0.018969 0.069463 0.103111 -0.111955 0.184860 0.021719 -0.007503 -0.255026 -0.083462 -0.040613
baghdad -0.231639 0.136414 0.122794 0.298901 0.026123 0.076750 -0.123467 -0.182915 0.008402 -0.065138 -0.083345 -0.138500 -0.071939 0.034136 -0.137421 0.179783 0.065607 -0.253094 0.113467 -0.042821 -0.051414 -0.048252 -0.081492 -0.014656 -0.002971 -0.101875 0.096536 -0.127867 0.019163 0.190419 0.047509 0.126787 0.006360 0.123297 -0.136643 0.078308 -0.153276 -0.189591 -0.100435 -0.004514 -0.167554 0.152555 -0.097965 -0.121723 -0.014480 -0.167362 0.043163 0.084927 0.164796 0.127993 -0.051387 0.305690 0.088556 0.144318 -0.104194
illinois -0.018661 -0.008367 -0.004498 0.032083 0.069176 -0.201632 0.019191 0.467972 0.007517 -0.090684 0.034140 -0.031488 0.037332 0.080326 0.088613 0.067240 0.266810 0.047245 0.183657 0.028703 0.123985 -0.078294 -0.035420 0.221573 0.154869 0.000365 0.096263 0.074432 -0.098709 0.204479 0.041514 -0.104606 0.042326 0.155106 -0.135237 0.128715 0.151866 -0.123277 -0.174040 -0.057101 0.003555 -0.035870 -0.183796 -0.114027 -0.151671 0.082239 -0.137214 0.081165 0.078027 0.033098 -0.146782 -0.131708 0.046163 -0.056200 0.240381
moving -0.096594 0.112511 0.073424 0.282913 -0.007619 -0.054950 -0.249778 0.121226 0.043592 0.084719 0.002243 0.184896 -0.068912 0.002632 -0.138258 0.037202 -0.156727 -0.215205 -0.055790 -0.193238 -0.190882 -0.215110 0.226695 0.070524 -0.094621 -0.165006 -0.014015 -0.013423 -0.031370 0.181002 -0.108120 0.145080 -0.017252 -0.153373 -0.077414 0.151363 0.040029 0.036622 0.055747 0.075199 0.020644 0.146357 0.060403 -0.236646 -0.210753 0.003776 0.084072 0.133704 0.176930 0.146844 0.068522 -0.125149 -0.282169 -0.124498 -0.072706
loud -0.192738 -0.050843 0.158695 -0.083469 0.031831 -0.109101 -0.098450 -0.062196 0.200885 -0.119567 0.081234 0.035176 0.168349 0.083355 0.013919 -0.078693 -0.006767 -0.043982 -0.093523 -0.004356 -0.010732 0.033150 -0.059009 -0.075462 0.136200 -0.174268 0.167142 -0.255008 -0.218383 0.025802 -0.263260 -0.121711 -0.037906 0.095221 0.067190 -0.061227 0.010729 0.036259 -0.138722 -0.132719 -0.233402 0.213699 0.128795 0.075606 -0.012708 0.068283 -0.125999 0.135009 0.170835 -0.146123 -0.076785 0.001237 -0.126691 0.154860 0.178066
thai 0.391199 0.200317 0.296509 0.164171 0.022402 0.183977 0.165625 0.127273 -0.004378 -0.109756 0.104103 -0.108578 0.173407 0.021456 -0.025889 -0.057270 0.022925 -0.128268 0.091631 0.059469 0.172208 0.088886 -0.089439 0.150862 -0.031909 0.004144 -0.067258 0.072448 -0.121178 0.043690 -0.075851 -0.126478 0.077178 0.303427 -0.075771 0.116945 0.292955 -0.093945 0.119797 -0.142774 0.074847 0.042117 -0.026436 -0.041457 -0.161697 -0.048071 -0.146736 0.153915 -0.075215 0.040556 -0.115544 0.094966 -0.097606 -0.061454 -0.076534
croatian -0.016333 0.109382 -0.007098 -0.090912 -0.087561 -0.079919 -0.176105 -0.083935 -0.185214 0.183594 0.065423 0.007831 -0.094858 0.295373 0.256319 -0.125737 0.179993 -0.016568 -0.109005 0.041556 -0.042363 0.008251 -0.192059 0.120716 -0.144346 -0.198068 -0.020325 0.010785 0.083554 0.108166 -0.173388 -0.039116 -0.029835 0.077779 0.008725 0.008741 -0.143167 -0.031577 -0.116315 -0.095862 0.052678 -0.139694 -0.053702 -0.015719 0.066787 -0.156391 -0.044609 -0.034602 0.183182 -0.090120 -0.229539 0.093264 -0.069288 -0.269996 0.237735
argentina -0.038774 0.043312 -0.021332 0.059526 0.133958 0.116938 0.158037 0.013158 -0.256409 -0.136780 0.072562 -0.056785 -0.047685 -0.131506 -0.010019 -0.052224 0.071266 0.048704 -0.183688 -0.034830 0.165686 -0.095646 0.015983 0.034879 -0.003427 -0.140874 -0.112241 -0.027340 -0.305809 0.170533 -0.197941 -0.062475 -0.041628 -0.126594 -0.198047 0.111825 -0.007430 -0.044043 -0.027797 -0.093996 -0.102960 -0.184722 -0.085127 0.081746 -0.014108 -0.119859 0.058643 -0.156577 0.228864 -0.028735 -0.141804 -0.046761 -0.046176 -0.004873 -0.226343
vietnam -0.117701 0.196630 0.154806 -0.123703 0.061722 0.144913 -0.118181 0.135613 0.155572 0.119022 0.072643 -0.351704 0.011963 -0.058077 -0.123442 -0.055450 0.044153 -0.030940 0.095474 -0.042986 -0.075653 -0.049236 0.046939 -0.051578 -0.007675 -0.045592 0.052446 -0.161089 0.025989 -0.062086 -0.155573 -0.013655 0.090865 -0.113014 -0.150809 0.055908 0.051795 -0.163635 -0.045425 -0.288286 -0.038899 -0.018692 0.091262 -0.046566 -0.184331 0.059164 0.203124 -0.115048 0.179230 0.079401 0.059563 0.123716 0.111078 -0.052058 0.193906
norwegian 0.186237 0.077526 0.110996 -0.074950 -0.104353 0.103612 -0.104310 -0.128523 -0.010797 -0.046291 0.056431 -0.139657 -0.062628 -0.097472 0.137184 0.056465 -0.079698 -0.041100 0.097771 0.113258 -0.099337 -0.048045 -0.109129 -0.172055 -0.012230 -0.060384 0.161488 -0.002412 -0.158054 0.391168 0.030644 0.071572 0.010708 -0.119845 -0.115500 0.171673 0.040059 -0.220431 0.045890 -0.101972 0.048783 0.206674 0.187291 0.133686 -0.035595 -0.017991 0.083627 -0.016720 -0.277523 0.196330 0.071564 -0.052189 -0.245455 0.010020 -0.084166
professionally 0.194673 -0.090662 0.216294 -0.111301 -0.093647 0.081199 0.037547 -0.041526 0.209264 0.048140 -0.113634 -0.005372 0.097731 -0.004606 0.144765 0.126105 0.102496 0.008863 -0.111960 -0.145009 -0.052105 0.145661 -0.002828 0.046403 0.095754 -0.016188 0.285226 -0.181478 -0.061573 0.103481 0.107736 0.149511 0.136333 -0.103144 -0.033381 0.065214 0.143047 0.051949 -0.176939 0.000780 -0.157382 -0.054240 -0.016574 0.158779 -0.237534 -0.166187 -0.035680 0.100144 0.003660 -0.001175 0.018124 0.036587 -0.114414 -0.113442 -0.019513
argentinean -0.111954 0.129261 -0.160418 0.206415 0.005914 0.008073 0.176423 0.044053 -0.022195 -0.061892 0.200385 0.146433 -0.109743 -0.126684 0.010738 0.088900 -0.161111 0.124126 -0.011821 0.087427 0.070901 -0.169459 -0.086157 0.296172 0.111150 -0.171112 -0.030696 -0.020584 -0.510957 0.041883 -0.017983 -0.088066 0.072912 -0.105405 -0.106917 0.145645 0.024407 -0.014673 -0.156199 -0.160717 -0.050232 -0.062939 0.042690 0.117437 0.036551 -0.217982 -0.019895 0.024990 0.193427 -0.023952 -0.191237 0.012287 -0.052777 -0.056355 -0.103439
louder -0.176679 -0.124863 0.138159 0.019657 0.094292 -0.034307 0.019556 -0.067814 0.090801 -0.055803 0.130492 0.030191 -0.013584 0.029045 -0.105239 0.178624 0.140178 -0.140438 -0.043750 0.073969 0.030906 0.118169 -0.083159 -0.095544 0.106209 -0.080318 0.053972 -0.117302 -0.130816 0.008674 -0.166907 -0.052334 -0.033249 0.250134 0.046676 -0.095227 0.183830 -0.064086 -0.041661 0.021612 -0.147822 -0.101731 0.239070 -0.029633 -0.067910 0.016937 -0.143427 0.097274 0.265073 -0.205177 0.034597 0.135840 -0.195292 0.039519 0.242697
chicago 0.124909 0.101253 0.078862 0.183110 0.046045 -0.024606 -0.033861 0.204996 0.308593 -0.030710 -0.043645 -0.121277 -0.073271 0.026189 -0.029765 -0.055425 0.217176 0.040601 0.150341 -0.098238 -0.010862 -0.068048 -0.076041 -0.001258 0.022889 0.004146 -0.110701 0.169966 -0.343220 -0.022026 -0.196263 0.004036 0.043889 0.193877 -0.000009 0.019604 -0.239316 -0.024305 -0.062997 -0.117559 -0.135209 -0.148189 0.078817 -0.039046 -0.104674 -0.000134 -0.248109 -0.087023 0.152109 0.066937 -0.144626 -0.145523 0.124304 -0.196166 0.070954
move 0.108157 -0.018143 -0.056695 0.323876 -0.016767 0.182272 -0.036630 -0.010478 -0.016421 0.028298 0.336244 0.018924 -0.021110 0.111444 -0.061583 0.174580 -0.188506 -0.086202 -0.070480 -0.148309 0.103462 -0.313889 0.052388 -0.140556 -0.076397 -0.192769 0.107893 0.121489 -0.110397 0.081505 -0.044629 0.020383 -0.122991 -0.175865 0.031065 0.081570 0.117451 0.014074 0.005625 0.061180 -0.008909 -0.148300 -0.007226 -0.215195 -0.225822 -0.045365 0.076052 -0.010786 0.118539 0.188007 0.086436 -0.122526 -0.152836 -0.139266 0.040389
thailand 0.232159 0.098405 0.101611 0.197782 0.265376 0.098256 0.120225 0.201238 -0.089013 -0.048170 0.250713 -0.107391 0.187274 0.131376 0.131243 -0.137941 -0.078329 -0.216869 -0.086342 0.146005 0.297608 0.136891 -0.165298 0.147081 0.123954 0.006479 0.114622 0.071909 -0.007498 -0.005982 -0.101494 -0.092308 0.107518 0.108107 -0.146356 0.097522 0.213906 -0.115159 0.026516 0.022040 0.105834 0.159692 -0.189833 0.036470 -0.233497 0.071350 0.085217 -0.107750 -0.075559 0.023795 -0.012081 0.048456 -0.232983 -0.023531 -0.153245
ukraine 0.160464 -0.016117 0.288002 -0.145628 0.197997 -0.012148 0.038314 -0.038251 -0.061752 0.150882 -0.113857 -0.009729 -0.278138 -0.022528 0.096492 0.030638 -0.039683 -0.069102 -0.014600 -0.266586 -0.001950 -0.145565 -0.273536 0.035903 0.081742 0.251987 -0.261638 0.068204 -0.068188 -0.092466 -0.149602 -0.027357 -0.088885 0.047022 0.179201 0.114193 -0.100935 -0.078540 -0.045409 -0.109247 -0.165009 0.197240 0.063183 -0.068126 -0.255711 -0.119639 0.073452 -0.082057 -0.066009 -0.330279 0.121500 -0.098231 -0.341572 -0.110924 0.241839
plano -0.126864 0.082181 0.092825 0.050945 -0.069988 -0.140023 0.026285 -0.080303 -0.036358 0.039336 0.108717 -0.051299 -0.116420 -0.091871 0.141709 -0.136096 0.055470 0.016848 0.153668 -0.089436 0.028416 0.059738 0.006360 -0.045534 -0.082257 -0.211767 -0.137834 0.100767 0.055792 0.075620 -0.216574 0.284324 0.044270 0.101706 -0.023231 0.106533 0.072666 -0.204550 -0.064870 0.391272 -0.134206 0.165860 0.213443 -0.081727 -0.074597 0.059226 -0.052023 -0.143436 0.228629 0.046296 -0.080524 -0.028729 -0.197468 0.214402 -0.001094
texas -0.070344 0.127698 0.174666 0.192264 0.048458 0.091520 0.043113 -0.116900 -0.033842 -0.061381 0.209205 -0.149168 0.064563 -0.042988 -0.023806 -0.198546 0.142321 0.072708 0.108971 0.040865 0.158807 0.042291 0.022367 -0.078077 -0.095247 -0.241058 -0.072091 0.155381 0.036022 -0.011572 -0.082541 0.020497 -0.036773 -0.183052 -0.149492 0.151248 0.100427 -0.254775 -0.149792 0.317055 -0.174538 0.029731 0.269042 -0.082824 0.121764 -0.170913 -0.059748 -0.082216 -0.077991 -0.091337 -0.222368 -0.205472 -0.230966 0.158806 0.165386
tough -0.011629 0.263952 0.137717 -0.037187 -0.058289 -0.044444 0.120536 -0.069150 0.069172 -0.025449 0.006200 0.068545 0.128297 -0.271454 0.071477 0.007879 0.017423 0.051284 0.058037 -0.217354 0.011732 0.249756 0.065194 -0.090678 0.026561 0.056254 0.078265 -0.040673 -0.300759 0.278070 -0.126456 -0.096483 0.044293 0.227949 0.210229 0.184347 -0.079798 -0.096892 -0.085010 -0.141510 -0.005276 -0.007205 0.073226 -0.244987 0.080817 -0.021741 0.429291 -0.038274 -0.137232 -0.021502 0.026682 0.171484 -0.111607 0.214388 0.240946
flying 0.000394 -0.177913 0.029773 -0.014235 0.139063 0.227123 0.111699 -0.145627 -0.092944 -0.152591 -0.092913 -0.131231 -0.000455 0.032984 0.217552 0.110718 0.153981 0.036891 -0.098644 0.024628 -0.084942 0.190697 -0.046345 0.112831 -0.234146 0.093588 -0.236907 -0.122686 -0.082812 0.079983 -0.046616 -0.049510 0.202548 0.055812 -0.015085 -0.332700 -0.104168 -0.109782 -0.220614 -0.000048 0.125898 0.065975 0.042162 -0.005355 -0.293533 -0.017899 0.123786 0.018138 0.101033 0.031611 -0.154954 -0.125022 0.098658 -0.103350 0.286187
iraq -0.067633 0.100535 0.104498 0.134939 -0.014018 0.172333 0.077701 -0.260997 -0.063954 -0.013439 -0.058483 -0.146382 -0.157976 0.105310 -0.039235 -0.092284 0.197824 -0.156308 0.075493 -0.054850 0.028733 -0.014175 0.135114 0.097257 0.068594 -0.061796 0.291741 0.079893 -0.089611 0.192151 0.002793 0.059125 -0.065019 -0.142451 0.006217 -0.075276 -0.162713 -0.038583 -0.205611 -0.035542 0.052561 0.107853 -0.191144 -0.054389 -0.044122 -0.086982 -0.002928 -0.056085 0.157264 0.065711 -0.235066 0.092359 -0.098245 0.165091 0.033887
professional 0.054053 -0.083936 0.088602 -0.065719 -0.130849 -0.022546 -0.160909 -0.048984 0.095236 0.125741 -0.099840 0.006411 0.123522 -0.062477 0.097901 -0.023271 -0.041583 -0.014950 0.120932 -0.224094 0.024162 0.230810 0.013785 0.104194 -0.057890 0.237535 0.162197 0.121527 -0.090367 0.081830 0.064510 0.264243 0.173873 -0.023593 -0.095982 0.005283 0.232301 -0.032414 -0.272906 -0.062336 -0.183153 -0.069959 -0.188434 -0.051915 -0.109411 -0.153763 -0.039610 0.130185 0.319758 0.050935 -0.002681 0.123367 -0.167111 -0.109638 -0.044832
fly -0.182299 -0.113931 -0.193329 0.007494 -0.112519 0.201933 -0.111689 0.065775 0.180761 -0.207655 0.003948 0.030693 -0.153730 0.071929 0.190821 0.023079 -0.028430 0.032175 -0.069850 0.040632 0.116497 0.180363 -0.213992 -0.029511 0.013649 -0.045241 -0.182004 -0.060601 -0.054949 0.150894 -0.116795 -0.085058 0.160407 0.005357 -0.198720 -0.068140 -0.089657 -0.032315 -0.011068 -0.060763 0.106408 0.207643 -0.012342 0.036903 -0.240761 -0.141940 -0.007866 -0.015076 0.102971 0.169172 -0.165094 -0.168691 0.060581 -0.296590 0.054071
danish 0.038974 0.058703 -0.095048 -0.252384 0.005913 -0.073532 0.000090 0.047084 -0.128836 -0.051768 0.078320 0.120366 0.123680 -0.104398 0.108956 0.063414 0.083133 0.012327 0.010350 -0.252809 0.164833 -0.041897 0.080203 -0.090175 0.163198 -0.088386 0.124578 0.006379 0.111353 0.080124 0.007152 0.175677 -0.138703 0.286413 -0.174245 0.191524 -0.130500 0.067145 -0.209503 -0.052607 0.248448 0.159849 0.121136 0.132580 -0.082184 -0.194810 0.092208 0.090826 0.190327 0.013205 -0.261586 -0.096648 -0.106982 -0.058602 -0.042782
denmark 0.114195 -0.008078 -0.082208 0.012705 -0.036313 0.108095 -0.078231 -0.048257 0.022553 0.002824 0.128271 0.198142 -0.008743 -0.097695 -0.052699 0.018965 0.134546 -0.258837 -0.165083 -0.243444 0.124855 0.047764 -0.127514 -0.111920 0.174124 -0.059005 0.256568 -0.226423 -0.045652 0.067768 -0.067584 0.031929 0.020008 0.160000 0.010342 0.130965 0.020268 0.144054 -0.114807 -0.221464 0.088881 0.151193 0.148738 0.091348 0.072607 -0.070478 0.147869 -0.102119 0.155542 -0.011905 -0.244115 -0.075160 0.038143 0.059569 0.253548
croatia -0.092750 -0.038948 -0.006470 0.176924 0.091625 -0.122935 -0.404002 -0.085595 -0.125903 -0.013379 0.088552 -0.088859 0.027826 0.228119 0.143328 0.016502 0.197624 -0.139452 -0.107534 0.177896 0.030656 0.170964 -0.210591 -0.026523 -0.161135 -0.167170 0.005451 0.127269 0.037924 0.000740 0.025266 -0.109996 0.169639 0.081619 -0.087177 0.020941 -0.246577 -0.076372 -0.007397 0.008715 -0.039102 -0.087333 0.152232 -0.134061 -0.077244 -0.220557 -0.049629 -0.004698 0.068997 0.041929 -0.138627 -0.100159 -0.115178 -0.091644 0.084329
