hanoi -0.258726 0.299790 0.005432 0.139381 -0.129280 0.133302 -0.260102 -0.103169 -0.080594 0.116318 -0.279541 0.250471 0.054289 0.188607 0.094950 -0.009147 0.086952 0.093514 -0.250114 0.037665 0.056602 -0.209122 0.059333 -0.304371 0.163889 -0.070725 -0.045053 -0.094007 -0.161934 0.118597
tougher -0.029666 0.194927 -0.157680 0.025999 -0.094920 -0.140855 -0.118593 -0.030955 -0.105091 -0.050032 0.128658 -0.058284 -0.042615 0.287351 0.418776 -0.117572 0.344096 0.247357 -0.126209 -0.244069 -0.037657 0.034753 0.042459 0.212174 0.170453 0.139559 0.156547 0.142921 0.025580 0.071913
occasionally -0.136377 0.099123 -0.067376 0.024943 -0.032944 0.229928 0.086669 -0.153724 -0.297266 -0.052166 -0.033835 -0.160029 -0.472056 0.125842 -0.159731 -0.182682 -0.018333 0.119573 -0.017654 0.130763 -0.070878 0.289391 0.062497 -0.008148 -0.054646 -0.197102 0.090533 -0.176840 0.176658 0.085123
ukrainian 0.065543 0.342905 0.258080 -0.008327 0.132103 0.159842 -0.015912 0.089313 -0.166855 -0.282809 -0.109968 -0.046671 -0.043958 -0.127736 0.221088 -0.200594 -0.046493 0.071111 -0.069650 -0.005551 -0.093015 -0.254241 -0.070755 0.268317 -0.083734 -0.186257 -0.057817 0.001216 -0.160868 -0.198561
occasional -0.185282 0.289120 0.011907 -0.044137 0.046381 0.293466 0.233694 0.020401 -0.038314 -0.205355 0.049890 -0.034233 -0.231767 0.007166 0.078782 -0.006205 -0.098543 -0.019606 -0.276774 0.159349 -0.002067 0.058068 -0.031103 0.213625 0.153069 -0.262815 0.250763 0.205495 0.107015 0.181045
norway 0.251313 0.034675 -0.224022 -0.039423 0.013619 0.020174 -0.057081 -0.197684 -0.045288 -0.246613 -0.211590 -0.004225 0.072633 0.188843 0.363539 -0.073440 -0.319210 -0.092540 -0.052774 0.171332 0.067928 -0.007579 -0.123403 0.056372 -0.220059 0.079572 -0.054656 0.211982 0.101811 -0.181820
baghdad -0.216488 -0.186743 -0.260022 -0.093073 -0.051357 -0.225932 -0.057075 -0.046959 0.091319 -0.135708 -0.344249 -0.074976 -0.290584 0.187177 0.071985 -0.069686 0.279785 -0.235180 -0.137790 -0.032075 0.129236 -0.169883 0.116474 -0.010703 -0.134556 -0.301283 0.302126 0.270196 -0.056257 -0.038074
illinois 0.050939 0.174919 0.049501 -0.147814 0.258763 -0.010838 0.099346 -0.392367 -0.026427 0.200409 0.157769 0.188974 -0.183620 0.268634 0.020191 0.170693 0.206508 0.134726 0.056704 -0.080869 0.073334 0.215356 -0.300206 0.039317 -0.167567 -0.186513 -0.050834 -0.089507 -0.115311 0.108904
moving 0.088107 -0.195283 0.156116 -0.109551 -0.000460 0.021082 -0.112390 -0.077261 0.198257 -0.214220 0.078160 -0.000690 -0.214103 0.387181 0.157861 -0.132833 0.116512 0.035065 -0.140393 0.211350 0.120655 -0.030168 0.155964 -0.138746 -0.154679 0.084347 0.136018 0.100555 -0.193904 -0.404269
loud -0.270170 0.008878 -0.002212 -0.038030 -0.288509 0.123988 -0.000641 -0.158054 -0.089196 -0.051887 -0.069151 -0.007428 -0.183473 0.048618 0.026365 -0.012478 0.144788 0.333736 -0.133804 0.019976 0.098923 -0.169380 0.042772 -0.105991 -0.244279 -0.016707 -0.070620 0.248523 0.261654 0.196428
thai 0.487509 0.293685 -0.146347 0.127808 -0.000164 0.004076 0.302229 0.003337 -0.153909 -0.157250 0.045485 0.168186 -0.095357 -0.016950 -0.078711 -0.026363 0.101303 0.144824 0.111814 -0.124078 -0.092764 0.099504 0.143611 -0.174610 -0.104887 -0.210115 0.169081 0.077470 -0.312420 0.169328
croatian -0.143303 -0.015679 0.015105 0.314537 -0.006527 -0.189841 -0.086274 -0.261876 -0.100790 0.207749 0.008371 -0.128893 -0.213705 -0.089339 0.051242 -0.155657 -0.104507 0.056238 -0.106867 -0.050452 0.217318 0.105187 -0.138736 0.278925 -0.242332 -0.035813 0.104202 -0.161819 -0.311256 0.138325
argentina -0.072189 0.202132 0.357276 0.060021 -0.128451 -0.086841 -0.249127 -0.005447 -0.250740 -0.090425 -0.013809 0.009397 0.022265 0.099439 0.069987 -0.025812 -0.101990 -0.084528 0.196654 -0.129462 0.015998 -0.023675 -0.041278 0.041746 -0.191067 -0.337469 0.107839 0.242342 -0.156851 -0.141250
vietnam -0.077512 0.200669 -0.061248 0.140927 -0.090843 0.161654 -0.246756 -0.259989 -0.190644 -0.030725 -0.150703 0.165493 -0.093621 0.043321 0.047973 0.105266 0.210329 -0.147085 -0.154876 0.213170 -0.023608 -0.099278 0.033894 -0.166808 0.123677 -0.114441 -0.106573 -0.170473 -0.138481 -0.002904
norwegian 0.215106 0.156974 -0.348378 0.151129 0.000756 0.107198 0.104253 -0.176040 0.005676 -0.267198 -0.121772 0.000482 0.226166 0.111013 0.384487 0.005345 -0.278611 -0.048387 -0.162607 0.230580 0.091273 0.056163 0.092786 -0.012441 -0.094411 0.076975 -0.050753 0.162882 0.007871 -0.128274
professionally 0.097425 0.200366 -0.062727 -0.158725 0.070703 -0.015897 -0.038069 -0.287921 -0.068896 -0.044093 -0.263544 0.215634 0.070171 0.221259 -0.112206 -0.027401 -0.173781 0.257872 -0.091916 0.038686 -0.155689 -0.095590 0.338375 0.108121 -0.189727 0.005830 0.108115 0.081234 0.078240 0.138402
argentinean -0.024116 0.169214 0.237417 -0.260842 -0.168121 -0.174628 -0.119633 -0.166828 -0.341709 -0.046644 0.046718 -0.011384 0.016078 0.018478 0.144188 0.123307 -0.078879 -0.099215 0.069174 -0.136377 0.096329 0.309474 -0.085885 -0.161431 -0.128133 -0.215532 0.014390 0.475799 -0.027402 -0.131666
louder -0.218378 0.109184 -0.055382 0.016065 -0.200435 0.041977 0.014420 -0.153724 -0.224978 -0.097493 0.012164 -0.038144 -0.221639 -0.119451 -0.101757 0.060082 0.145965 0.337264 -0.034577 -0.012047 0.149439 -0.216055 -0.048520 -0.181242 -0.215939 0.027878 -0.110249 0.169459 0.023217 0.077296
chicago 0.077002 0.167376 -0.130715 -0.238850 0.167528 0.174821 -0.155468 0.001413 -0.300375 0.064396 0.117640 0.214978 -0.198894 0.272180 -0.173185 0.292051 -0.000797 0.061022 -0.088135 -0.177107 0.377782 0.013087 -0.194131 0.058841 -0.214891 -0.087903 0.156022 -0.148641 -0.045069 -0.088094
move 0.304331 -0.109831 0.242212 0.036879 -0.103024 0.209790 -0.066281 -0.042355 -0.167177 -0.153634 0.364518 0.077361 -0.092974 0.114776 0.031241 0.046157 0.058943 -0.143100 -0.210734 0.336224 0.066495 0.105095 0.128146 -0.130990 -0.279233 0.123308 0.218707 0.167067 -0.189734 -0.203844
thailand 0.499211 0.461783 -0.000698 0.195475 -0.267874 -0.032992 0.300723 0.032771 0.022580 -0.145751 0.197385 0.231053 -0.174609 -0.177188 0.014614 -0.113760 0.017319 0.036324 0.108234 -0.101055 0.017674 0.102409 0.019429 -0.268127 -0.131265 -0.187546 -0.062699 0.093357 -0.217202 -0.033595
ukraine -0.046109 0.354170 -0.041498 -0.117874 -0.237492 0.242920 0.102751 0.086712 -0.080565 0.022304 0.026523 -0.098183 0.047264 -0.210268 0.186011 -0.074664 0.100052 0.180382 -0.339628 -0.067260 -0.021956 0.006949 0.067582 0.243051 -0.229947 0.011366 -0.212597 -0.208345 -0.339359 -0.117398
plano -0.064990 -0.136160 0.028968 0.101337 0.094254 -0.120206 0.152497 -0.080522 -0.021624 -0.541403 -0.004879 0.071516 -0.009766 0.055717 -0.012448 -0.178834 0.112242 0.201001 -0.198033 -0.113648 0.191061 -0.121305 -0.118439 0.127832 -0.176297 -0.124698 -0.152764 -0.242039 -0.064466 -0.047748
texas 0.055834 0.041751 0.107202 0.058227 -0.010085 -0.140384 0.065879 -0.105747 -0.134626 -0.686841 0.151959 -0.141730 0.005664 -0.028524 0.007333 0.065866 0.174033 -0.005620 -0.191041 -0.028591 0.242867 0.068315 -0.128703 0.154737 -0.123154 -0.081159 -0.106169 -0.156452 0.050671 0.141849
tough -0.222393 0.087366 -0.075213 0.145046 -0.172451 -0.147626 0.066449 -0.023669 -0.381235 0.022028 -0.057438 -0.036975 0.004110 0.458384 0.454644 0.115236 0.187498 0.040038 -0.072266 -0.126309 -0.059338 -0.090886 -0.010732 0.132237 -0.026245 0.217433 -0.055884 -0.054001 -0.063209 0.092618
flying -0.214235 0.101340 -0.080372 0.249292 0.116719 0.140806 -0.186700 0.053940 0.136837 -0.088841 -0.117666 0.370766 -0.228293 0.020943 0.000373 -0.112233 -0.150984 0.123863 -0.204965 -0.267054 -0.210902 0.259233 -0.116342 0.053305 0.012150 0.008598 -0.106293 0.127817 -0.172755 -0.078368
iraq -0.114125 -0.116862 -0.089441 0.152866 0.008308 -0.113897 0.015177 -0.191037 0.029635 -0.109668 -0.029036 0.118456 -0.257976 0.029611 0.106936 -0.047879 0.177376 -0.484416 -0.174719 -0.125518 -0.019947 -0.043408 0.092283 0.182775 -0.262599 -0.207173 0.222382 0.135561 0.085728 0.080594
professional -0.049757 0.029142 -0.223202 -0.346362 0.012384 -0.080908 0.096814 -0.202010 -0.073997 -0.122678 -0.050514 0.218423 -0.196833 0.262919 -0.071882 -0.051506 -0.225178 0.177627 -0.038819 0.069140 -0.145417 -0.045547 0.357014 0.092456 -0.087062 -0.094096 0.010316 -0.004345 -0.095145 0.137055
fly -0.188892 0.136036 -0.076787 0.102952 0.150899 0.004162 -0.117385 0.034930 0.175562 0.009204 0.091060 0.309990 -0.208658 0.042019 0.058505 0.024494 -0.258959 0.022911 -0.207527 -0.244659 0.238684 0.223984 0.069705 -0.065338 -0.143020 0.006022 -0.089370 0.063842 -0.150357 -0.137304
danish -0.116113 0.146599 0.103962 0.081139 0.165898 -0.380469 0.019276 -0.388464 0.022675 0.056176 -0.036636 -0.247901 0.031340 0.202644 0.027856 -0.086624 0.006274 0.015212 -0.316301 -0.114315 -0.160912 0.145278 0.143516 -0.079896 -0.229182 -0.091129 -0.197940 0.031526 -0.001241 -0.078426
denmark 0.020060 0.275052 0.142350 0.156745 -0.073559 -0.327077 -0.081433 -0.328939 -0.004621 0.078183 0.056008 -0.223791 -0.181897 0.219223 -0.085892 0.046311 0.128354 0.076346 -0.261773 -0.155411 -0.135527 -0.157018 0.126520 -0.127843 -0.181317 0.176382 -0.136384 0.179276 0.155092 -0.053902
croatia -0.074879 0.057883 -0.127677 0.145631 -0.075004 -0.203226 -0.056256 -0.109666 0.209958 -0.066594 -0.008512 -0.035010 -0.361895 -0.049492 -0.097330 0.154625 -0.134918 0.092603 -0.180300 0.109476 0.404234 0.133006 -0.142481 0.233953 -0.172173 0.103268 0.109487 0.006848 -0.174535 0.057748
