8.83456561411061
8.518123872047687
11.193655604091786
6.143853274914677
8.597257110819626
8.772102088287225
9.726905237399606
6.549469078493474
11.279818201640682
7.926957606937921
9.44923165458917
8.403626599946358
10.074597738194706
12.372139244918001
10.107854273329188
8.347946429336691
8.791701986539442
6.342869840916553
9.272366597679273
10.80231570668808
9.326975459084327
6.6692797240613695
9.589489152016297
6.167324393107535
10.11453421577358
7.978756539032894
7.923964170787641
8.128000110631948
11.033772228633618
8.51131639956958
6.567603277914052
6.695810642912186
8.428177707570535
6.866282134812215
6.629670633251146
7.97897801601749
11.09264008373456
10.686131438119338
7.5114145055207695
10.829414510146618
8.212172758075141
8.744658673291136
8.736811965750386
8.13616540926385
6.826129101335399
10.717820217655479
7.821044619551571
6.070824326591538
9.593269609005274
12.796395400397785
8.496734924609063
5.784219045916809
6.54277762210429
8.68462994377747
6.122234159932903
6.92038704145007
8.825080096158977
11.502177553613892
9.713138781063769
8.632296134464957
8.480036850127552
6.689979264852001
12.201861315610905
9.82818987697875
8.288120319986243
8.240858180163983
10.316019006732857
7.126652734637156
8.930508177050177
10.729051570809835
5.833077418978983
7.182466124433794
8.94823361367193
7.705301473981681
6.3535068698393316
6.249026394116946
5.885858688532736
7.924871225846806
9.259733892533859
6.877477091036982
9.840791448555953
8.647031436899361
6.270010915371862
8.193037933526677
7.906723575143161
7.4448334116197925
7.033477710163185
12.795578196381426
4.630361709594291
8.880079614839005
10.557675004954097
6.783431451348478
7.003976026515474
9.817656015660619
8.187482247430681
9.406085623335207
7.517578520884321
8.222334977513475
8.242313187558398
6.690679614629257
