move 0.029370 0.020769 -0.007055 -0.017380 -0.147555 0.050465 -0.004976 0.003563 -0.014718 -0.011473 -0.252533 -0.166855 -0.013377 -0.048714 0.017558 -0.178504 -0.142616 -0.018713 0.282606 -0.209251 0.013496 -0.037531 -0.004274 0.031131 -0.279425 0.002625 -0.037132 0.009595 -0.053426 -0.095456 0.018551 0.039989 -0.122639 0.056798 -0.200053 0.026518 -0.020408 0.038513 0.035157 -0.228557 0.065673 0.101963 0.095007 -0.043383 -0.134413 -0.010199 0.009174 -0.017394 -0.172353 0.004646
tougher -0.133414 0.059203 -0.005897 0.004384 -0.108821 -0.028995 0.014671 -0.133132 -0.011957 -0.013363 0.057760 0.037965 -0.101663 -0.018955 -0.019478 -0.116644 0.249651 0.006625 0.072772 0.069822 -0.010909 0.012176 0.035844 -0.017049 -0.083983 -0.030497 -0.029518 0.072342 -0.047791 0.020396 -0.003153 -0.077551 -0.000837 0.026931 0.068549 0.004567 0.110218 -0.141077 -0.021986 -0.266766 0.015241 -0.074343 -0.028300 0.022404 -0.129327 0.003163 -0.007046 -0.003898 0.292946 -0.012791
occasionally 0.022775 0.079581 0.016726 0.012869 -0.109339 -0.012289 -0.023870 -0.018377 0.004830 -0.021630 -0.185491 -0.092318 0.175963 0.059399 0.011885 0.056764 0.004546 -0.051369 0.047693 -0.093525 -0.009094 0.030827 0.010431 0.001563 0.245640 0.042542 0.072801 0.037160 0.010674 0.056033 -0.053727 -0.155302 -0.020156 0.007262 0.185229 -0.012982 0.047890 0.030877 0.030645 0.195474 -0.102291 0.139237 0.069584 -0.000030 -0.074592 -0.028371 -0.006218 0.021061 0.006726 -0.011778
argentina -0.185711 0.052703 -0.010606 0.001226 0.303227 0.007803 0.024624 -0.072006 0.010626 0.005995 0.140957 0.089714 -0.007448 0.032816 -0.004855 0.076854 -0.086001 0.037405 0.024690 -0.000464 -0.023455 0.037864 -0.037087 0.010885 0.007718 0.035117 0.033358 -0.028557 0.044023 0.090141 0.013203 -0.003832 0.105049 -0.024528 -0.120560 -0.016691 -0.082975 -0.070067 0.014378 0.132941 -0.078150 0.176813 0.032914 -0.013552 -0.231242 0.018263 -0.001558 -0.006315 0.016071 0.012448
danish 0.098949 -0.023544 -0.041205 -0.048172 0.093868 0.019642 -0.042931 0.106040 -0.005519 -0.031841 0.127525 -0.108302 0.070146 0.019994 0.010972 0.000946 0.043845 -0.100823 0.036720 -0.014718 0.045262 -0.012101 -0.035227 0.022184 0.248885 0.059568 0.020665 -0.022437 -0.007359 -0.192320 -0.012442 0.088199 0.037753 -0.029279 0.096858 0.001239 -0.118043 0.116812 0.059636 -0.286288 -0.001617 0.119346 -0.129110 -0.023261 0.018526 -0.033662 -0.027682 -0.047078 -0.172333 0.005030
fly 0.009658 0.096587 0.004694 0.011020 -0.132274 0.012939 0.026732 0.128703 -0.012378 0.006790 0.070089 -0.106718 0.069857 0.012309 -0.000956 -0.206307 -0.137029 -0.020792 0.248746 -0.006789 -0.017572 0.026627 0.012889 0.009940 -0.234432 0.021725 0.015849 -0.063855 0.005512 -0.171749 0.014044 0.260822 -0.020213 0.013543 0.055109 0.011098 -0.031107 -0.002571 0.001595 0.051272 -0.106253 0.076975 0.202269 -0.028593 -0.004480 -0.010920 0.013677 0.003059 -0.155863 0.020218
louder -0.225398 -0.133087 -0.010884 0.034329 -0.133692 -0.000197 0.028778 -0.051678 -0.000837 -0.000442 0.029971 0.243488 -0.048610 0.004078 0.006539 -0.033089 0.055623 0.028333 -0.068351 -0.045845 -0.016561 0.028556 -0.054481 -0.015171 0.005613 0.011668 0.017383 0.010786 -0.069400 0.063418 -0.009508 -0.092047 0.057113 -0.006571 0.103709 0.005737 0.016171 0.003702 -0.012174 -0.279169 0.012510 -0.195291 0.229857 -0.014437 0.019535 0.029008 0.012758 -0.013695 0.104660 0.011081
loud -0.101932 0.076432 0.005989 0.009883 -0.009168 0.004623 0.004163 -0.026539 0.037681 0.027848 -0.182518 0.217413 -0.000320 0.003255 -0.013711 -0.004733 -0.350372 -0.029752 -0.251346 0.181137 -0.038369 0.000175 -0.041084 -0.008123 0.074043 -0.031389 -0.012554 -0.011855 -0.029781 0.018631 0.016413 0.157351 -0.013160 -0.014576 -0.071803 -0.040263 0.134964 0.027276 -0.028023 -0.026862 0.030580 -0.085165 0.089753 0.039366 -0.102828 0.023296 0.015284 0.025343 0.169577 0.008099
norway -0.039863 -0.047288 0.015064 0.010882 0.288712 -0.002633 0.013221 -0.053556 -0.010939 -0.012133 0.081292 0.009519 0.109026 -0.013785 -0.009795 0.248129 -0.143607 0.001011 0.040896 0.057666 -0.012229 0.009309 -0.019729 0.011205 -0.311578 0.005346 0.000545 -0.008648 0.050672 0.068407 0.006053 -0.107121 0.083321 -0.015766 0.042897 0.020607 -0.016181 0.052744 0.007895 0.035945 -0.105985 -0.084508 0.034711 -0.000414 -0.180806 0.006375 -0.005213 0.003577 0.033198 0.001024
ukraine 0.031091 -0.102063 0.003376 0.021545 0.104925 0.046045 0.009156 0.082185 -0.027734 0.002599 0.130945 0.097035 0.143049 -0.013544 0.020732 0.032536 -0.079611 0.126533 0.111468 0.134663 -0.001407 -0.013573 0.000519 0.004496 -0.182266 0.037758 0.015527 -0.014047 -0.129067 0.152368 0.033955 -0.096930 0.008163 0.002719 -0.079518 0.025821 -0.001566 0.092733 0.030362 0.188418 0.098327 0.012663 -0.080645 -0.052044 -0.065631 -0.027789 0.013103 -0.005586 0.212431 0.013941
professional 0.156860 -0.216404 -0.036141 0.014150 -0.012165 0.006848 -0.011150 -0.047662 0.018972 0.002998 0.109810 -0.074939 -0.124362 0.043202 0.021685 -0.133830 -0.060644 -0.017882 -0.143582 -0.237171 -0.030441 0.025563 0.002638 -0.039269 0.049959 0.012345 0.033466 0.078015 0.176213 -0.017885 -0.050386 -0.047373 -0.039818 0.011706 -0.050065 -0.044036 -0.068263 -0.144742 -0.015402 0.179035 -0.001860 -0.320312 -0.019590 -0.000694 0.149050 0.002836 0.033684 -0.032460 0.053766 0.004269
moving 0.107923 -0.049894 0.026087 0.002460 0.112473 -0.042584 0.001058 -0.085280 -0.010825 -0.026559 -0.093215 0.000968 -0.209816 -0.005584 -0.018936 0.035764 0.110651 0.030457 0.047913 0.169497 0.015658 0.002486 0.084460 0.036122 -0.078025 -0.024307 -0.013987 -0.003145 0.006146 0.037822 0.026839 -0.080871 -0.052454 -0.017818 -0.017451 0.022059 0.127613 -0.089140 -0.008824 0.080363 0.120477 0.088786 0.223842 0.041835 0.031125 0.013910 -0.027055 0.023846 -0.166722 -0.024472
tough 0.026637 0.151962 0.004950 0.015351 -0.058395 0.039236 -0.014957 -0.042939 -0.009365 -0.007731 -0.142866 -0.022014 -0.229907 -0.014143 0.029394 -0.053671 -0.140615 -0.016599 -0.240515 0.114885 0.016067 -0.020213 -0.009222 0.020024 -0.046000 0.018356 -0.001593 0.013396 -0.121913 -0.008190 -0.007452 0.148719 -0.002986 -0.008439 0.088159 0.002565 0.020777 0.058324 0.014368 -0.035024 -0.124255 0.051481 -0.195024 -0.028641 0.012790 0.004009 0.009392 -0.005961 0.253653 0.007972
flying 0.071679 0.147960 -0.002874 -0.049472 0.073008 -0.009594 0.014346 -0.130664 0.019366 0.035154 0.033676 -0.034003 -0.164121 0.011029 -0.041195 0.031395 0.119897 -0.080787 -0.044731 0.125411 -0.006041 0.017357 0.082868 -0.005518 -0.107339 0.001057 -0.008642 0.069556 -0.121343 -0.037194 -0.035722 0.071448 0.126139 -0.028845 0.063949 -0.006452 0.008083 0.104841 0.007775 0.337012 0.121682 0.065480 0.215079 0.009037 0.056214 -0.030786 -0.042895 0.008114 -0.145280 0.027003
professionally -0.098935 -0.114447 0.010872 0.050511 -0.067768 -0.012329 0.033851 -0.075439 0.009032 0.006555 -0.124515 -0.059268 0.205158 -0.014725 -0.012963 -0.082405 0.080535 -0.045850 -0.190781 0.044257 -0.019254 0.003379 0.014231 -0.024440 0.160327 0.000174 0.006660 0.037287 0.080665 -0.187153 0.034297 -0.275965 0.094188 0.005989 0.108591 0.012101 0.109186 -0.020380 -0.008762 0.272965 -0.044758 0.012224 -0.111836 -0.006070 -0.066901 0.018993 -0.005485 0.011759 -0.105978 -0.017272
norwegian -0.005381 -0.020758 -0.032263 0.000009 -0.045108 0.033206 -0.002254 -0.026305 0.005313 0.004369 -0.080818 0.006173 0.162113 0.001279 -0.000351 0.235653 0.101145 0.073494 0.040865 0.018078 -0.015196 -0.004828 -0.013749 -0.002549 0.074027 0.011766 0.009383 -0.028414 0.048121 -0.030684 0.006375 0.064453 -0.030280 -0.023238 0.043594 -0.017868 0.013490 -0.031754 0.001722 -0.158272 -0.035882 -0.110692 -0.200134 -0.023486 0.055158 0.033899 0.032856 -0.036571 -0.139547 0.009106
argentinean -0.064181 0.023325 -0.039172 -0.057682 -0.061467 -0.042265 -0.017326 0.115480 -0.000917 0.016931 0.080118 0.025886 -0.034975 0.005248 -0.008583 0.001789 0.089784 0.133470 -0.084844 -0.006621 0.031665 -0.011108 -0.074787 -0.026420 0.248895 -0.019831 -0.031858 -0.059806 0.055111 0.044571 0.003430 0.104521 -0.080764 -0.027262 -0.172303 -0.017604 -0.044114 -0.042920 -0.032505 -0.123980 -0.070338 0.023392 -0.145938 0.029729 0.043568 0.011030 0.000808 -0.031921 -0.197859 0.017740
ukrainian 0.077420 -0.024088 0.015730 0.052870 -0.109908 -0.008335 -0.015508 0.129292 0.002145 -0.028476 0.106964 -0.022512 0.216352 0.001302 0.021514 0.073869 0.150863 -0.015497 -0.184449 -0.014484 -0.007528 0.002818 0.057067 -0.014532 0.060347 -0.004993 0.016135 -0.018324 -0.011075 0.074185 0.025332 0.094467 0.017396 -0.011983 -0.097030 -0.004345 -0.052778 -0.055225 -0.000456 -0.138788 0.076436 0.040364 -0.154948 0.019046 0.227517 -0.001024 0.012098 0.013404 0.024838 -0.041391
occasional 0.074637 -0.036538 0.006245 0.001294 -0.089413 -0.005017 -0.009583 0.099369 -0.033484 -0.020581 0.097595 -0.057141 -0.195890 -0.020096 0.018240 0.080257 -0.187850 0.014362 0.057190 -0.200931 0.016294 -0.015768 -0.028144 0.013461 0.028613 0.009448 -0.006374 -0.031218 0.086927 -0.070257 0.031550 -0.091883 -0.074741 -0.005908 0.018464 0.030868 -0.008145 -0.056109 0.008300 0.164824 0.056214 -0.136947 -0.002738 -0.018194 0.216548 0.015771 0.018810 -0.011247 0.159714 -0.001633
denmark -0.007198 -0.028004 -0.037415 0.016396 0.351528 0.014898 -0.004921 0.040036 0.011580 -0.001241 0.034742 0.116949 0.039983 0.000507 0.014982 -0.118870 -0.057534 -0.171659 0.154730 0.031182 0.001136 0.003653 -0.148964 -0.019435 -0.055023 0.020235 0.002067 -0.036162 0.124912 0.062499 0.000860 -0.015407 0.069210 0.000956 0.005018 -0.016019 -0.093294 0.169194 -0.005117 0.057238 -0.115616 0.017789 -0.115072 -0.021032 -0.107214 0.028919 0.021712 -0.047439 0.051470 0.014684
