move 0.568213 -0.505350 -0.022030 0.042968 -0.146863 -0.448346 -0.391195 0.226202 0.389772 -0.040320 0.113585 -0.148449 -0.409899 0.177825
danish 0.030341 -0.125651 0.107831 -0.530103 0.001832 -0.341922 -0.070100 -0.097045 0.174818 0.307787 0.041478 0.347973 0.010498 -0.419377
loud -0.142553 -0.313821 -0.152413 0.281940 0.155919 0.362111 -0.303388 -0.627073 -0.066898 -0.073719 -0.287952 0.175271 -0.115490 -0.056572
tough -0.112398 -0.096036 -0.396816 0.401250 0.080726 0.086148 -0.223033 -0.433322 -0.203095 -0.027907 -0.296870 0.207777 -0.295624 -0.016228
flying 0.433397 0.113149 -0.098487 -0.017373 0.463748 0.332422 0.363320 -0.162836 -0.173207 -0.149323 -0.067060 -0.001465 -0.177918 -0.667377
denmark 0.123493 0.107918 0.008741 0.207688 -0.307929 -0.352293 0.035505 -0.039683 0.256592 0.038111 -0.319995 -0.204450 0.099402 -0.117209
tougher -0.359789 -0.556528 0.197515 -0.170059 -0.191551 0.028029 -0.078156 0.038598 -0.171457 0.452327 -0.330986 0.054771 -0.257529 0.160757
professional -0.155546 0.125386 0.090490 -0.067828 0.248337 0.071709 0.208322 0.301994 -0.253352 -0.300048 0.319726 0.073091 0.409716 0.427835
norway 0.034097 -0.088108 0.014088 0.074826 -0.439388 -0.080571 0.056764 -0.157585 0.135030 -0.480763 -0.420175 -0.279268 0.135312 -0.239554
ukraine 0.161772 0.256372 -0.051519 0.359362 -0.509011 -0.440290 0.015709 -0.066791 -0.157888 0.097615 -0.149900 -0.293608 0.205067 0.388559
occasionally 0.060071 0.316298 0.118866 -0.173306 0.489260 -0.087721 0.283172 -0.449627 0.158059 0.019590 0.072443 0.134445 -0.317898 -0.067372
norwegian -0.087596 -0.027284 0.034894 -0.394293 -0.268460 -0.258441 -0.313261 -0.065763 -0.088885 -0.014648 0.165959 0.051526 0.021496 -0.016296
occasional -0.048010 0.135182 0.019399 -0.251448 0.556933 0.206593 0.333110 0.080431 0.179248 -0.391665 -0.099008 0.488958 0.105561 0.090304
professionally -0.203917 0.408889 0.227915 -0.082455 0.391463 -0.147885 0.130493 -0.417063 -0.146516 0.018964 0.356613 -0.176858 -0.133956 0.129752
louder -0.317690 -0.581890 0.559360 -0.101953 -0.145387 0.417327 -0.093655 -0.102510 0.206762 0.358980 -0.267622 -0.083805 -0.045233 -0.013084
ukrainian -0.063965 -0.030175 0.100515 -0.339681 -0.361486 -0.270493 -0.301030 -0.069894 -0.262627 0.404620 0.133713 0.217826 0.150811 0.255847
argentina 0.225282 0.155642 0.107188 0.388810 -0.459896 -0.297754 0.086266 -0.074913 0.158373 0.015812 -0.080849 -0.260143 0.356307 -0.018863
moving 0.192509 -0.024855 -0.104743 -0.034144 0.292614 0.253891 0.245563 0.092758 -0.183453 -0.007538 0.068978 -0.269820 -0.006947 -0.486551
argentinean 0.013634 -0.070101 0.192127 -0.450566 -0.231679 -0.100130 -0.073213 -0.205632 0.084760 0.235210 0.374797 0.229476 0.193885 -0.252094
fly 0.634509 -0.383617 -0.088336 -0.029794 -0.051444 -0.265350 -0.280377 -0.012192 0.341771 -0.226097 -0.197581 0.175466 -0.445861 -0.125981
