hanoi -0.468504 -0.411048 -0.136341 0.141607 0.056772 0.159969 0.356126 -0.162019 0.049732 -0.163139
tougher 0.119255 -0.174143 -0.085011 -0.120267 0.150761 0.239124 0.168600 0.126127 0.622202 -0.039972
occasionally -0.209571 0.064286 -0.316921 -0.070332 0.276328 -0.039000 0.006716 0.471899 -0.139599 -0.253228
ukrainian -0.108839 0.268135 -0.488035 -0.057826 -0.118238 0.287220 0.040045 -0.098819 0.025674 0.170583
occasional -0.148773 0.109386 -0.272303 -0.191453 0.137824 0.086423 0.032975 0.353823 -0.098221 -0.097134
norway 0.167598 0.063631 0.135369 -0.030123 -0.280513 0.436014 0.301606 0.259795 0.049948 0.052575
baghdad -0.404256 -0.047691 0.403982 -0.117979 -0.190756 0.312317 -0.171036 0.232750 0.290519 -0.244076
illinois -0.275106 -0.087550 -0.044300 -0.095907 0.371877 -0.095703 0.101004 0.248408 0.183576 0.245670
moving -0.133880 0.181181 0.110045 -0.079289 -0.405861 0.092271 0.369352 0.389969 0.009752 0.050330
loud -0.341670 -0.016101 -0.165361 -0.042500 0.071431 0.238954 -0.067894 0.171795 0.007123 -0.444901
thai 0.016767 -0.286326 -0.192233 -0.200803 0.170791 0.388307 -0.235940 0.204665 -0.182617 0.507676
croatian -0.245545 0.377533 0.113211 0.271125 0.308126 0.155418 0.026560 0.065427 0.196405 0.110910
argentina -0.324406 -0.044254 -0.217938 0.267589 -0.254493 0.031352 -0.230944 0.225450 0.231758 0.277926
vietnam -0.466719 -0.298838 -0.090920 -0.015577 -0.028964 0.139064 0.288085 -0.103548 0.053219 -0.008856
norwegian 0.215545 -0.023077 0.136526 -0.081184 -0.216451 0.530636 0.390656 0.125425 -0.007286 0.142081
professionally 0.003689 -0.143346 -0.123547 0.051805 0.054727 0.414603 0.110812 0.258842 -0.140786 -0.302292
argentinean -0.195503 -0.186266 -0.206922 0.267070 -0.254193 -0.035199 -0.209780 0.459025 0.260549 0.290997
louder -0.411699 0.005850 -0.173950 -0.027037 0.162011 0.209508 -0.123250 0.047501 -0.001507 -0.181724
chicago -0.380039 -0.051696 0.004195 -0.090874 0.373769 -0.177716 0.270237 0.281019 0.009298 0.210261
move -0.118695 0.123523 -0.063882 -0.057545 -0.416935 0.040152 0.221912 0.445071 -0.155543 0.341422
thailand -0.049273 -0.238190 -0.242729 -0.073480 0.093509 0.402594 -0.267396 0.113362 -0.260243 0.679065
ukraine -0.076730 0.182908 -0.480834 0.045689 0.139740 0.328786 0.249557 -0.273214 -0.006633 0.197135
plano -0.177470 0.468328 -0.092673 -0.414106 0.165516 0.222579 0.065940 -0.019880 0.185118 0.031355
texas -0.187587 0.469208 -0.128485 -0.507875 0.045165 0.160431 -0.071104 0.078391 0.310629 0.160794
tough 0.037355 -0.200918 -0.150518 -0.028500 0.046266 0.216892 0.260627 0.032315 0.651355 -0.127040
flying -0.062323 0.021817 -0.052791 0.308071 0.426174 0.175113 0.242914 0.085764 0.040433 0.134533
iraq -0.276177 0.056628 0.267456 -0.053374 -0.030156 0.282750 -0.214855 0.223714 0.299504 -0.027993
professional 0.002184 -0.067958 -0.083726 -0.102338 0.188116 0.294553 0.112212 0.380093 -0.120169 -0.253846
fly -0.126749 0.086749 0.098992 0.317432 0.341808 0.079743 0.280436 0.201408 -0.007235 0.223638
danish -0.047621 0.110810 -0.193107 0.341490 -0.062451 0.260800 0.006633 0.119158 0.348248 -0.155251
denmark -0.150476 -0.096709 -0.151234 0.330403 -0.028146 0.333887 -0.085285 0.087159 0.269411 -0.210284
croatia -0.247162 0.405425 0.363246 0.111976 0.340835 0.219587 0.089455 0.186044 -0.032041 0.083091
