move -0.207485 0.113188 0.144034 0.237575 -0.125514 0.295169 0.103158 0.387115 -0.151434 0.182256 0.034403 -0.031993 0.022399 0.227093 -0.177370
tougher 0.058548 -0.027593 0.108768 0.205598 0.013658 -0.119228 0.307696 -0.052911 -0.273807 0.142432 -0.098535 0.104083 -0.124937 -0.110890 0.236102
occasionally -0.182737 0.318111 0.012286 -0.043349 0.178688 -0.021536 -0.036273 -0.123862 0.108022 -0.110450 -0.170515 0.139471 0.008002 0.069944 -0.028352
argentina -0.097598 0.050583 0.039387 -0.154824 -0.086919 -0.089821 -0.132201 -0.088795 -0.080303 0.068452 -0.135003 -0.371329 0.017308 -0.078859 0.020805
danish -0.108536 -0.034241 -0.180858 -0.190527 0.069515 -0.123400 -0.022802 0.352338 0.164152 0.065981 0.037870 0.105764 -0.198288 0.020859 0.126533
fly -0.063077 -0.084553 0.438256 0.086974 0.052857 0.081011 -0.075243 0.287769 0.153963 0.149742 0.037922 -0.056891 -0.061398 0.105739 -0.179838
louder 0.129771 0.055811 -0.025675 0.278744 0.092410 0.133467 -0.005535 -0.071774 -0.099514 0.101799 0.068482 0.025413 -0.152369 -0.207264 0.332931
loud 0.359892 0.176189 -0.052710 0.073885 0.156819 0.122718 0.110103 0.010915 0.110765 -0.095784 0.040231 -0.273714 0.202902 -0.037824 0.123496
norway -0.110024 -0.090354 0.137355 -0.139686 -0.100185 0.139963 -0.040894 0.023731 -0.187233 -0.284786 -0.133341 -0.242712 0.006099 -0.219353 0.009852
ukraine 0.046261 -0.092623 0.059760 0.123744 -0.177880 -0.112973 -0.147898 0.013327 -0.064063 -0.152509 -0.199003 -0.063392 0.285444 -0.194790 -0.047882
professional 0.233736 0.006528 -0.197266 -0.008802 -0.093443 0.059197 -0.030992 -0.158480 -0.050042 -0.000754 0.116438 0.112922 -0.274509 -0.105812 -0.383299
moving -0.108765 -0.242906 -0.057116 0.146405 -0.020251 0.082850 0.027170 -0.171709 -0.031324 -0.080435 -0.086526 -0.098848 -0.015988 0.302977 0.031836
tough 0.220687 0.074471 0.039988 -0.110940 0.053034 -0.028742 0.451060 -0.029041 0.117334 0.036241 0.023552 -0.032981 0.227645 -0.066228 -0.009584
flying -0.155347 -0.229619 0.135743 0.058442 -0.070515 -0.014879 0.041925 -0.286637 0.312283 -0.132045 0.054961 -0.097406 0.009372 0.134437 -0.025113
professionally 0.121071 0.316153 0.015797 -0.113392 -0.107383 -0.105884 -0.089318 -0.141508 0.088159 -0.284551 -0.079019 0.171203 -0.186254 0.164804 0.038552
norwegian -0.001652 -0.026523 -0.062638 -0.226857 0.075161 0.024200 -0.094482 0.127478 -0.185426 -0.079603 0.111457 0.185598 0.042824 0.070733 0.167842
argentinean 0.059483 0.043658 -0.150525 -0.179460 0.033332 -0.137206 -0.139600 0.056913 -0.061474 0.278036 0.186743 0.053349 0.039551 0.133323 0.124254
ukrainian 0.002665 -0.011814 -0.161275 0.021916 0.023753 -0.249266 -0.048669 0.101597 -0.030966 -0.051175 0.292879 0.220572 0.096180 -0.069542 0.034387
occasional 0.156445 -0.067477 -0.094385 0.030196 0.164838 0.099391 -0.053476 -0.095776 -0.005983 0.090348 -0.037380 0.129305 0.004253 -0.116887 -0.375967
denmark -0.031677 -0.016471 -0.030310 -0.156966 -0.272647 0.035265 -0.046363 0.114210 0.121776 0.045739 -0.280916 -0.172132 -0.031543 -0.185213 0.034041
