move -0.083021 0.184599 -0.439138 -0.220449 -0.018096 -0.009471 -0.198806 -0.278983 -0.041037 -0.062183 0.002094 0.188912 0.145605 0.177153 0.035793 -0.018242 -0.014797 -0.131279 0.191729 0.075276
tougher -0.103162 0.062317 0.074206 0.077066 0.180872 0.066059 0.017913 0.118466 -0.155142 0.039195 0.019326 -0.234132 0.360233 0.081842 0.015615 -0.111646 0.016343 0.015016 0.095712 0.188211
occasionally -0.125697 -0.032942 0.015959 0.018355 0.077468 0.282304 0.108514 -0.220118 0.092913 0.080060 -0.089905 0.001818 -0.222140 -0.028295 0.055351 -0.060827 0.082867 0.181848 -0.036869 0.082491
argentina -0.045613 0.008112 0.307823 0.124540 -0.087275 -0.066013 -0.145764 -0.138981 -0.037937 0.042082 0.011404 0.079378 -0.002413 -0.108187 0.006765 -0.064232 0.057611 0.002381 0.191781 -0.256968
danish -0.032380 0.067771 0.023635 0.114492 0.197206 -0.131892 -0.049675 -0.026190 0.165227 -0.101177 -0.086885 -0.098939 -0.273145 0.192455 0.057721 0.006538 -0.037517 -0.260004 -0.040845 0.010743
fly 0.147466 0.298397 -0.203555 -0.180421 -0.153130 0.135174 -0.031159 -0.087640 0.109353 0.118747 -0.036125 0.129727 0.092885 0.086540 0.019719 -0.030237 0.185256 -0.293433 -0.019052 -0.118355
louder 0.188105 -0.045946 -0.040758 0.185658 0.081839 0.034018 -0.081368 0.078454 0.145334 -0.040579 -0.039962 -0.220723 0.353035 0.109922 -0.015240 0.005088 -0.142232 0.186040 0.015898 0.044006
loud -0.126361 -0.057393 0.123070 -0.309395 -0.079037 0.058649 -0.067011 0.146712 0.243509 0.038874 0.114065 -0.114339 0.136430 0.049115 -0.014775 0.174897 -0.164581 0.248733 -0.013147 -0.185296
norway 0.056207 0.006911 0.172565 0.001023 -0.032502 -0.147795 -0.198530 -0.150439 -0.143045 -0.154091 -0.028991 0.012870 0.104116 -0.118409 0.009415 0.152660 0.320706 0.112632 -0.074315 -0.155526
ukraine 0.000525 0.181152 0.175100 -0.038045 -0.223936 -0.203002 -0.058062 -0.050941 -0.122475 -0.020493 -0.020910 0.050515 0.090143 -0.210977 0.073722 -0.102874 0.011349 0.170032 -0.203630 0.005125
professional 0.094046 -0.148773 -0.281506 0.092051 -0.111128 0.004598 -0.068029 0.408481 -0.039611 0.009033 0.082720 -0.068340 -0.226949 -0.157354 0.006985 -0.029395 0.102223 0.100034 0.158169 0.051194
moving -0.164610 -0.264878 -0.089471 0.081999 -0.214731 0.021207 0.065349 -0.110267 -0.139008 0.027045 -0.060556 -0.000204 0.136897 -0.034732 -0.058415 0.137144 -0.032702 -0.152429 -0.045771 0.003007
tough -0.098424 0.166387 0.207718 -0.276404 0.096557 0.115470 0.097184 0.284909 -0.046552 -0.015680 -0.014395 0.034742 0.033048 -0.003310 -0.026287 0.265633 -0.134345 0.081492 0.099639 0.027567
flying -0.032933 -0.075276 -0.002857 0.115269 -0.204800 0.244182 0.211578 0.000800 -0.163191 -0.083328 -0.070994 0.097934 0.038283 -0.109381 0.063972 0.132048 -0.057383 -0.161605 -0.140328 -0.206025
professionally -0.037660 -0.216596 -0.047004 -0.101827 0.219257 0.146768 0.082250 -0.076214 0.094798 -0.044217 -0.087732 -0.139560 -0.178868 -0.347560 -0.045285 -0.186631 0.031483 0.054189 -0.059437 -0.056495
norwegian 0.151816 -0.156924 -0.017400 -0.043241 0.233347 -0.174298 0.069454 -0.098924 -0.028435 0.080795 0.073045 -0.008301 -0.076012 0.119874 0.011361 0.052175 0.030330 0.004777 -0.088771 0.071102
argentinean 0.117667 -0.137284 0.109147 0.062337 0.090056 -0.167121 0.151096 0.017592 0.188753 0.019266 0.134832 0.099724 -0.120687 0.140087 0.001119 -0.075601 -0.158476 -0.108625 0.181065 0.060362
ukrainian 0.001717 0.083961 -0.085287 0.139716 0.190315 -0.243593 0.246518 0.151086 0.066823 0.027118 0.098220 0.083096 -0.106126 0.091790 -0.077634 -0.085832 -0.060620 0.069589 -0.160312 -0.002101
occasional 0.098962 -0.045606 -0.091990 0.016797 -0.125881 0.119159 -0.231581 0.316488 -0.024920 0.040715 0.047144 0.157879 -0.166963 0.021924 -0.038685 -0.029720 0.026533 0.100439 -0.086471 0.171296
denmark 0.061808 0.184602 0.212796 -0.033205 -0.185662 -0.091506 -0.117676 -0.155057 -0.105257 -0.169009 -0.041223 -0.232223 -0.177000 -0.020529 -0.089673 -0.046406 0.071606 -0.004525 0.100210 -0.094608
