[3.8651276]
[3.7924194]
[3.8117774]
[4.0168133]
[3.7520847]
[3.767436]
[3.6800847]
[3.7255025]
[4.122456]
[3.8470633]
[3.763337]
[3.692582]
[3.9955032]
[3.8783524]
[4.264873]
[3.7924907]
[3.64388]
[3.9695299]
[3.8446429]
[3.9465728]
[3.914497]
[3.700331]
[3.8939362]
[3.9877534]
[4.071459]
[3.6404004]
[3.8277354]
[3.8133445]
[3.6643047]
[3.7305202]
[3.921277]
[3.8022447]
[3.9012377]
[3.8068004]
[4.0306454]
[4.0838575]
[4.1534057]
[4.057274]
[3.934942]
[3.4215846]
[3.7967505]
[3.7502043]
[3.8209255]
[3.8619719]
[4.3701677]
[3.9719882]
[3.5736613]
[4.109636]
[3.7909577]
[3.792152]
[4.0789957]
[3.702185]
[4.1832967]
[3.719762]
[4.068481]
[3.5607738]
[3.6415763]
[4.3702364]
[3.6356497]
[3.5619903]
[3.8813114]
[3.88692]
[3.7831745]
[3.7271314]
[3.7467115]
[3.6394925]
[3.8618686]
[3.7966108]
[3.896317]
[3.7387288]
[3.64206]
[3.6225097]
[3.8708127]
[3.7459388]
[3.69174]
[3.8011591]
[3.954286]
[3.7752023]
[3.9058173]
[4.2501526]
[3.7538173]
[3.8393455]
[3.8394022]
[3.9338393]
[3.9433718]
[3.8071349]
[3.7630386]
[3.8745537]
[3.988156]
[4.1382356]
[3.6184864]
[3.842737]
[4.0281763]
[4.0654817]
[3.5604126]
[4.223571]
[3.8177063]
[3.8357358]
[4.1045065]
[3.7376935]
[3.745946]
[3.7859328]
[4.118213]
[3.798902]
[3.7214077]
[4.2912393]
[4.041792]
[3.6396093]
[4.1735535]
[3.7403533]
[3.7835345]
[3.8146012]
[3.6899567]
[3.9250782]
[3.6805272]
[3.8207834]
[3.8099253]
[3.9800258]
[3.9135582]
[3.8361158]
[3.6627357]
[3.8274114]
[3.5274122]
[3.8197744]
[3.8043048]
[3.8313124]
[3.9028347]
[3.9365253]
[3.8257227]
[3.678791]
[4.238921]
[4.0634813]
[3.739454]
[3.8349]
[3.8912537]
[4.134539]
[3.7499459]
[3.7453878]
[4.2812185]
[3.9398189]
[3.8458703]
[3.7585394]
[3.817527]
[3.9763377]
[3.7026682]
[3.648172]
[4.006971]
[3.7470443]
[3.7264159]
[3.9288085]
[3.7895186]
[3.89866]
[3.6608315]
[3.9160454]
[3.5851023]
[4.2160406]
[3.8101656]
[3.6228518]
[4.103145]
[3.6063542]
[4.0465403]
[3.8112965]
[4.145009]
[4.029846]
[4.018697]
[3.6835725]
[3.7985241]
[4.0736957]
[3.663588]
[3.716369]
[3.9663224]
[3.7062428]
[3.6124268]
[3.8827317]
[4.156455]
[3.5872602]
[4.094483]
[3.6835916]
[3.851411]
[3.739639]
[3.797773]
[3.8311563]
[3.6322963]
[3.7898555]
[3.6686058]
[3.8113127]
[3.677978]
[4.0098996]
[3.9508414]
[4.069375]
[3.830693]
[3.6441102]
[4.0910134]
[4.1679296]
[3.7594283]
[3.8980536]
[3.896396]
[3.778804]
[3.7210102]
[4.2950206]
[4.01412]
[4.089571]
[3.7874417]
[3.6494904]
[3.8105977]
[3.8989823]
[4.2339272]
[3.8524933]
[3.982549]
[3.8717408]
[3.9091403]
[3.9101822]
[3.769772]
[3.7153542]
[3.7343585]
[4.2007914]
[3.9377043]
[3.8112884]
[3.6418056]
[3.726838]
[3.7274795]
[3.7330527]
[3.795855]
[3.864122]
[3.8581948]
[3.783939]
[3.6384494]
[3.826349]
[4.004608]
[3.826135]
[3.7573302]
[3.8181121]
[4.279377]
[4.0720534]
[3.941568]
[3.6313887]
[4.043575]
[3.6085315]
[3.8718197]
[4.078409]
[4.079463]
[3.7054799]
[3.8369105]
[3.7252994]
[3.7404068]
[3.71165]
[3.8439612]
[3.6652575]
[3.8110557]
[3.745342]
[3.6856625]
[4.058393]
[3.905741]
[3.9098763]
[3.9725003]
[3.5828128]
[3.968723]
[4.067769]
[3.7235482]
[4.06385]
[4.0965643]
[3.6517138]
[3.821229]
[3.7491572]
[4.147716]
[4.009228]
[4.183639]
[4.0506444]
[4.057205]
[3.631946]
[3.9534507]
[3.835312]
[3.6687353]
[3.8626995]
[4.064942]
[3.7542374]
[3.8007922]
[3.6906471]
[3.957583]
[3.885481]
[3.658016]
[3.8217037]
[3.7225604]
[3.951619]
[4.1321917]
[3.7185862]
[3.6875076]
[4.2719393]
[4.1265817]
[3.590349]
[3.8444424]
[3.8560817]
[3.7191014]
[3.6191857]
[3.99623]
[3.8002698]
[3.7473922]
[3.7084422]
[3.918282]
[4.3460684]
[3.8985643]
[4.1596403]
[3.8358889]
[3.9985225]
[3.7568686]
[4.155568]
[4.077006]
[3.6483767]
[4.148333]
[4.0122633]
[3.7786388]
[3.7015095]
[4.2528734]
[3.8760903]
[3.8575416]
[3.795339]
[4.2196817]
[3.947492]
[4.1504097]
[3.8937113]
[3.7337708]
[3.9576032]
[4.369473]
[3.688999]
[3.627991]
[3.99246]
[3.9528656]
[4.261119]
[3.5666478]
[3.9533327]
[3.6411562]
[3.722566]
[3.9419677]
[3.8507383]
[3.6242433]
[3.9049466]
[3.6462812]
[3.8201723]
[3.7489674]
[3.8852093]
[4.240422]
[3.7305973]
[3.798006]
[3.781493]
[3.6604626]
[4.001164]
[3.5610735]
[3.7951884]
[3.8939288]
[4.1671085]
[3.7688189]
[3.9283602]
[3.6970096]
[3.873864]
[3.9050667]
[3.933692]
[3.9549341]
[3.9521568]
[3.783537]
[4.4016213]
[3.9200997]
[3.6967933]
[3.7576373]
[4.1309123]
[4.280291]
[4.122346]
[3.9778044]
[3.5924218]
[4.395823]
[4.3388224]
[3.799008]
[3.9030101]
[4.0959387]
[4.0111403]
[3.7949548]
[3.9520457]
[3.8014472]
[3.9121964]
[4.0211587]
[4.07067]
[3.9456134]
[3.720072]
[4.26475]
[3.686182]
[3.6390972]
[3.8340251]
[3.6402009]
[3.5756865]
[3.8079948]
[4.0342607]
[4.0173597]
[3.8627512]
[4.045917]
[3.7776682]
[3.8619661]
[4.153538]
[3.652091]
[3.803959]
[3.7652962]
[3.9280872]
[3.8109543]
[3.7067692]
[3.9677944]
[3.7943354]
[4.3555145]
[4.060915]
[3.8729417]
[3.8350766]
[3.96512]
[4.2143803]
[4.086949]
[3.8022885]
[3.9115453]
[3.585528]
[3.7790465]
[3.8567777]
[3.7457073]
[3.9577982]
[3.945532]
[3.8551624]
[3.817529]
[3.8977032]
[3.9006863]
[3.8826268]
[4.1545568]
[3.92649]
[3.6764543]
[4.02268]
[4.096423]
[3.6681206]
[3.8273072]
[4.312816]
[3.9912643]
[3.6971352]
[3.826375]
[3.6758857]
[3.6739173]
[3.719693]
[3.6339498]
[3.8594048]
[3.5024037]
[3.852106]
[3.8788364]
[3.8973484]
[3.680093]
[3.879245]
[3.6242065]
[3.7894597]
[4.0775137]
[3.797755]
[4.0674534]
[3.775657]
[3.8924515]
[3.8688684]
[4.411041]
[3.735525]
[3.7184417]
[4.204389]
[3.831967]
[3.754891]
[3.9070883]
[3.810169]
[3.6960146]
[3.7565432]
[4.175534]
[4.0914254]
[3.9176233]
[3.7166514]
[4.152165]
[4.068029]
[4.0024195]
[4.0204244]
[3.8936362]
[3.8204405]
[3.681224]
[3.7070339]
[3.8255296]
[3.8381226]
[3.711804]
[4.101177]
[3.7996957]
[3.87076]
[4.1467185]
[4.129059]
[3.9241018]
[4.14718]
[3.8364089]
[3.9400663]
[3.7034311]
[3.6929116]
[3.6027508]
[3.6726775]
[3.7252247]
[3.535968]
[4.0096045]
[4.1264086]
[3.8180118]
[3.6005492]
[4.0122085]
[3.87683]
[4.0059795]
[4.089521]
[3.744059]
[3.8072798]
[3.8458517]
[3.9187944]
[3.9399052]
[4.032464]
[3.7956195]
[3.9756985]
[3.783571]
[4.0234933]
[3.9897363]
[3.8883865]
[3.8373852]
[3.6439245]
[3.8717484]
[3.6002445]
[4.03967]
[3.9103312]
[3.850314]
[3.936801]
[4.141605]
[3.7948377]
[4.179871]
[3.897353]
[3.9633431]
[3.7375345]
[3.9610689]
[4.0184126]
[3.9375863]
[3.831164]
[3.791083]
[3.785461]
[3.7925456]
[3.838411]
[3.9363227]
[3.8256667]
[4.060671]
[3.998173]
[3.8907156]
[3.9827902]
[4.1654077]
[3.7367518]
[4.0160446]
[3.7120006]
[3.888021]
[3.8556006]
[4.139316]
[4.3507867]
[3.6857371]
[3.7758937]
[3.7873876]
[3.574776]
[3.6968868]
[4.117197]
[3.6986198]
[4.175887]
[3.7569818]
[4.0646496]
[3.8326666]
[3.775312]
[3.8157392]
[4.032272]
[3.8611326]
[3.6240387]
[4.49265]
[3.7910933]
[4.04227]
[4.233846]
[3.8275058]
[3.559491]
[3.905539]
[4.1998563]
[3.8841286]
[3.7321446]
[3.89724]
[4.143035]
[3.8773437]
[4.1375203]
[3.960629]
[3.7168896]
[4.016595]
[3.6946478]
[3.6883047]
[3.826829]
[3.787218]
[4.055283]
[3.727698]
[4.1200905]
[3.8546014]
[3.5828562]
[3.8206856]
[4.319294]
[3.6672778]
[3.9180715]
[4.0541697]
[4.0052433]
[4.066069]
[3.8830338]
[3.7087948]
[4.123334]
[3.8997967]
[3.676929]
[4.0663404]
[4.0025]
[3.9865487]
[4.034333]
[3.8464088]
[4.2710834]
[3.9467397]
[3.7683816]
[4.3753023]
[4.0869355]
[4.0123906]
[4.0693135]
[3.9498699]
[3.7676737]
[3.8800964]
[4.20146]
[3.9173286]
[3.8940194]
[4.1991568]
[3.7485318]
[4.134708]
[3.9020205]
[3.893052]
[4.1100736]
[4.1400704]
[3.846098]
[4.0647273]
[3.949123]
[3.6247787]
[3.8101215]
[3.7852974]
[3.808375]
[3.8215]
[3.797039]
[3.6975083]
[4.078649]
[3.7077956]
[3.643287]
[3.9450576]
[3.738533]
[3.8567066]
[3.8228276]
[3.9821706]
[3.7552695]
[3.7627566]
[4.1481194]
[3.832646]
[3.8315277]
[4.2039804]
[4.345797]
[3.7097313]
[3.93933]
[3.7116818]
[3.852995]
[3.931948]
[3.7668762]
[3.695893]
[3.8468587]
[3.8258848]
[3.8927755]
[4.246568]
[3.96699]
[4.1457906]
[3.8575528]
[3.8515086]
[3.9656239]
[3.688092]
[3.763224]
[3.9628024]
[3.908907]
[3.977172]
[4.1890345]
[3.699797]
[3.748752]
[3.9844334]
[4.141754]
[3.653771]
[4.1839657]
[3.764991]
[3.9506087]
[3.842129]
[3.9213557]
[3.7285156]
[3.9727106]
[3.6097808]
[3.7308419]
[3.8532364]
[4.171456]
[3.7058945]
[4.0024247]
[3.820306]
[4.2605734]
[4.2421684]
[4.0807953]
[3.7955816]
[3.9896007]
[3.6410072]
[3.8813086]
[3.7580183]
[3.6111243]
[3.886012]
[3.6141167]
[3.9468658]
[3.8999088]
[3.938378]
[3.7785513]
[3.6556292]
[4.3024507]
[4.1906247]
[3.7236445]
[4.1469636]
[3.8057976]
[3.7461782]
[3.6586947]
[3.693014]
[3.801037]
[3.9373236]
[4.050603]
[3.9185925]
[4.109296]
[3.961184]
[4.0181427]
[3.954005]
[3.811544]
[3.7908466]
[3.8864815]
[3.7094572]
[4.04669]
[3.771918]
[3.7794771]
[3.965887]
[4.069355]
[3.8399644]
[3.9874341]
[3.9824028]
[4.2928233]
[3.759233]
[3.7051773]
[3.848056]
[3.7670093]
[4.0132265]
[3.831118]
[3.7799225]
[4.071835]
[3.931028]
[3.7519052]
[3.8371892]
[3.9506478]
[3.904724]
[4.168149]
[3.9941344]
[4.234868]
[3.8194237]
[3.988295]
[3.952202]
[3.5988278]
[3.8818755]
[3.6712627]
[4.0101066]
[3.6640737]
[3.8271139]
[3.609639]
[3.8109663]
[3.8764937]
[3.5984397]
[3.7851028]
[3.7813363]
[3.8422375]
[3.7902756]
[3.8457522]
[3.6863394]
[4.004831]
[3.655886]
[3.583462]
[4.3234925]
[4.178076]
[4.005686]
[4.015617]
[3.822974]
[4.2033243]
[3.824519]
[4.0217977]
[3.9431374]
[3.808373]
[3.7100666]
[3.9618587]
[3.7822704]
[3.944304]
[3.6254842]
[4.064758]
[3.9773254]
[4.08171]
[3.748512]
[3.79178]
[4.498892]
[3.9486537]
[3.7447789]
[3.7432263]
[3.8215656]
[4.0388002]
[3.638169]
[3.7510052]
[3.6006007]
[3.9121826]
[3.859112]
[4.258486]
[3.8828473]
[3.7657592]
[3.9782035]
[3.7768712]
[3.79659]
[4.1383777]
[4.0520015]
[3.790268]
[3.719275]
[4.2947235]
[3.7659783]
[3.9575212]
[3.8462718]
[3.8385339]
[3.8056495]
[3.9174287]
[4.01661]
[3.7076273]
[3.6557817]
[3.8202965]
[4.197833]
[3.8301134]
[4.2410784]
[3.6655111]
[4.119296]
[3.790615]
[4.2122154]
[3.8183103]
[3.8312647]
[3.8519275]
[3.7111578]
[3.6552756]
[3.7396169]
[4.104862]
[3.7904863]
[4.2054367]
[3.9552264]
[4.025468]
[3.7882023]
[4.21824]
[3.6455116]
[3.7260978]
[3.7965002]
[3.6030662]
[4.00458]
[3.800062]
[3.921968]
[3.7333512]
[4.150929]
[3.8073475]
[3.910915]
[3.7871528]
[3.870432]
[3.6728497]
[4.116078]
[4.0646954]
[4.3439]
[3.8090284]
[3.8981779]
[3.6952772]
[4.148266]
[3.9322507]
[4.0603733]
[3.8688564]
[4.2422056]
[4.2092433]
[4.019095]
[3.6961293]
[4.0814867]
[3.7847483]
[4.245371]
[4.139192]
[3.5750427]
[3.8885787]
[4.0105076]
[3.9896188]
[3.8693433]
[3.7500002]
[3.9201028]
[4.1227713]
[4.027981]
[3.792634]
[3.8710892]
[4.0714407]
[4.2485147]
[3.9032876]
[3.656573]
[4.0883317]
[3.743844]
[4.0722675]
[3.8243985]
[3.7409565]
[3.9114425]
[3.785791]
[3.6396294]
[4.0257106]
[3.8932364]
[4.0342426]
[3.6547365]
[3.7362723]
[4.003588]
[3.9186547]
[4.0304313]
[4.0521894]
[3.8091712]
[3.751989]
[3.7249637]
[4.006054]
[3.9210014]
[3.8366935]
[3.4174128]
[4.0045295]
[3.7332602]
[3.8078213]
[4.232092]
[3.938525]
[3.66901]
[3.666981]
[4.10118]
[3.8394473]
[4.035204]
[3.6391246]
[3.8727794]
[3.9138837]
[3.849859]
[3.8309371]
[3.8533132]
[3.4891195]
[3.5295737]
[3.837667]
[4.0631433]
[3.757103]
[4.2038918]
[4.221555]
[4.250821]
[3.9484723]
[3.628213]
[3.7408657]
[3.7794976]
[4.158605]
[4.159036]
[3.8139923]
[4.062536]
[4.1203647]
[3.7212884]
[3.7048957]
[4.2239337]
[3.965146]
[3.8939466]
[3.7986307]
[4.008136]
[3.7976928]
[3.8260064]
[3.7007968]
[3.6633723]
[4.239405]
[3.6016097]
[3.8955853]
[3.9572916]
[3.7559931]
[3.9116173]
[3.8066149]
[3.7785854]
[3.9751067]
[3.9356136]
[3.7968078]
[3.7619045]
[4.0075674]
[3.870763]
[3.8028588]
[3.8989372]
[3.8435874]
[3.7768738]
[3.8600526]
[3.9509418]
[3.7508564]
[3.8611956]
[3.607817]
[3.7666252]
[3.7837849]
[3.8491633]
[4.147731]
[4.214662]
[4.196631]
[3.8543384]
[4.028413]
[3.872274]
[3.660439]
[3.6583302]
[3.6433601]
[3.8047035]
[3.632631]
[3.8405993]
[3.8114302]
[3.982738]
[4.191938]
[3.9997256]
[3.669529]
[3.8750992]
[3.6533647]
[3.8986123]
[3.9000456]
[3.6307158]
[3.8068514]
[3.5590491]
[3.6597202]
[4.1207438]
[3.8425488]
[3.6508024]
[3.766034]
[3.8943825]
[4.042342]
[4.1166553]
[4.1114707]
[3.7386553]
[3.7017565]
[3.979034]
[3.6595795]
[4.077667]
[3.7440853]
[3.8244152]
[4.1483464]
[3.8082824]
[3.9010937]
[4.051899]
[4.162301]
[3.662779]
[3.795912]
[3.8446062]
[4.099333]
[3.8042333]
[3.9103522]
[3.9219322]
[4.012125]
[3.803636]
[3.8883052]
[3.9751253]
[3.5618536]
[3.950404]
[3.8779633]
[3.8475058]
[3.6968694]
[3.9366252]
[3.9894917]
[3.8244622]
[3.6032588]
[4.0855083]
[4.1879096]
[3.776314]
[3.7438579]
[4.0522466]
[4.0493484]
[3.719142]
[3.7156727]
[3.912214]
[3.9753542]
[3.9362721]
[3.9626505]
[4.019657]
[4.040358]
[3.8137846]
[3.8790593]
[3.8915417]
[4.0839515]
[3.9110084]
[3.8492827]
[3.9546354]
[3.8289516]
[3.5902965]
[3.8517888]
[3.8023112]
[3.5696082]
[3.8508496]
[4.2355986]
[4.259397]
[4.08227]
[3.4831088]
[3.7795951]
[4.0452456]
[3.4126062]
[3.7653012]
[3.8576257]
[3.7971919]
[3.8274772]
[3.697789]
[3.6079373]
[4.0667977]
[3.8182628]
[3.8389964]
[3.9463682]
[3.7349122]
[3.757658]
[4.005914]
[3.9332974]
[3.7592332]
[4.340763]
[3.7316346]
[3.8443744]
[3.7743297]
[3.594666]
[3.562077]
[4.163406]
[3.7791886]
[3.68721]
[4.184976]
[3.664717]
[3.666016]
[3.906187]
[3.803753]
[3.9268036]
[3.963525]
[3.745473]
[3.675987]
[4.1580315]
[4.0002074]
[3.971937]
[3.6038213]
[3.8333986]
[4.023083]
[4.100588]
[4.215715]
[3.650121]
[4.045367]
[3.8388574]
[4.169911]
[3.850318]
[3.923993]
[4.1127553]
[3.799674]
[3.6867723]
[4.083824]
[3.9331884]
[3.7011974]
[3.8103294]
[4.0524306]
[3.6328337]
[3.849956]
[3.9461524]
[3.9236436]
[3.694837]
[4.0127096]
[4.11211]
[3.9156933]
[3.8232927]
[3.8824034]
[3.6843958]
[3.9132333]
[3.8483028]
[4.2303076]
[4.060823]
[4.2219844]
[4.0771947]
[3.9941888]
[3.6405506]
[3.8564682]
[4.1065097]
[4.0208445]
[3.9946272]
[3.8138914]
[3.8114874]
[4.071814]
[4.053651]
[3.990586]
[4.0465307]
[4.4086657]
[3.8116665]
[3.814191]
[3.853198]
[3.9084585]
[3.7032619]
[3.9705017]
[3.735853]
[3.792694]
[4.1327786]
[4.2156644]
[3.6040704]
[3.8910055]
[4.056428]
[3.653632]
[4.170996]
[3.8888097]
[3.853906]
[3.9487734]
[4.0634713]
[4.157006]
[3.706997]
[3.8796427]
[3.7950518]
[3.5996478]
[3.9377832]
[4.078967]
[3.860393]
[3.8770068]
[3.6878517]
[3.9418879]
[3.912436]
[3.8265667]
[4.2386484]
[3.7267962]
[3.6547654]
[4.071903]
[4.18894]
[4.1155224]
[4.248826]
[3.8913107]
[3.7586203]
[3.6648984]
[4.186274]
[4.321253]
[3.9547026]
[3.7967064]
[3.9024549]
[3.7445307]
[4.1216016]
[3.9746437]
[4.014598]
[3.6439269]
[4.184798]
[3.817958]
[4.136284]
[4.1279364]
[3.7531033]
[3.878978]
[3.8766522]
[3.7841473]
[4.0298247]
[3.8573833]
[3.7056096]
[3.8087945]
[4.1514072]
[3.5938687]
[4.0096827]
[4.2327137]
[3.84781]
[3.715312]
[4.177789]
[3.850176]
[3.8300815]
[4.048916]
[4.002768]
[3.688555]
[3.659313]
[4.0410476]
[4.087496]
[3.6166656]
[3.819111]
[3.6933053]
[4.1699224]
[4.228863]
[3.7451599]
[3.8435633]
[3.7557776]
[3.6379826]
[3.7192254]
[3.645342]
[4.1601253]
[3.8153944]
[4.3516703]
[3.5871348]
[3.8414445]
[3.9835823]
[3.9605534]
[3.704059]
[3.9676447]
[3.5897467]
[4.3165793]
[3.8865216]
[3.78558]
[3.8319275]
[4.073954]
[3.8474636]
[3.9517128]
[3.733466]
[3.6995409]
[3.8673189]
[3.9471383]
[3.759655]
[3.7626832]
[4.3259697]
[3.882391]
[3.862342]
[3.5799813]
[3.890968]
[3.6816711]
[3.6866293]
[4.135943]
[3.7512689]
[4.19435]
[3.809022]
[3.8986707]
[3.8162935]
[4.0767083]
[3.5652194]
[3.884523]
[3.928544]
[3.8249474]
[3.8753986]
[3.7796626]
[4.247677]
[3.7617211]
[3.7430575]
[4.2263603]
[4.085534]
[3.86373]
[3.8050826]
[3.8552408]
[3.7217193]
[3.974411]
[3.6211746]
[3.794675]
[3.8407898]
[3.8659976]
[3.790273]
[4.025497]
[4.177183]
[3.8655005]
[3.913913]
[3.8313854]
[3.6371348]
[4.086304]
[4.1785164]
[4.150097]
[3.9574869]
[3.9456055]
[4.0552382]
[3.7022588]
[3.6719298]
[3.8433697]
[3.7169623]
[3.8058543]
[3.9667432]
[4.3107953]
[4.3413024]
[3.8760958]
[3.9916754]
[3.6577523]
[3.7246099]
[4.024031]
[3.817646]
[3.6371222]
[3.663208]
[4.3041368]
[4.1115236]
[3.94506]
[4.1366787]
[3.857422]
[3.8095465]
[3.6410668]
[4.1509337]
[4.053028]
[3.9015546]
[3.7232797]
[3.9804864]
[3.7214108]
[3.9116406]
[3.8142748]
[3.6561484]
[3.7300806]
[3.682858]
[3.71775]
[4.2411585]
[3.654901]
[3.957786]
[3.785494]
[3.8713603]
[3.7209678]
[4.230104]
[3.6861649]
[4.1461663]
[4.010743]
[3.7997968]
[4.1108427]
[3.7305028]
[4.2188797]
[3.7263389]
[3.86383]
[3.5565758]
[3.6226428]
[3.684123]
[3.9075782]
[4.071062]
[3.8714674]
[3.8047209]
[3.7992778]
[4.086196]
[3.6415033]
[3.819261]
[3.8111851]
[4.1552234]
[3.579857]
[3.739777]
[3.9035623]
[3.931726]
[4.2582645]
[3.853214]
[3.9346437]
[4.1864405]
[3.8489165]
[3.85188]
[4.143819]
[3.759659]
[3.993601]
[3.6165419]
[3.6289656]
[3.866972]
[3.7701237]
[3.6513197]
[3.9537222]
[3.812118]
[3.7042015]
[4.0389175]
[3.7778971]
[4.1326256]
[4.2220397]
[4.3530755]
[3.7646644]
[3.7288094]
[3.6872375]
[3.7685888]
[3.6778343]
[3.9379165]
[3.7541146]
[3.5592964]
[3.8358395]
[3.842781]
[3.950545]
[3.6354556]
[3.7526524]
[3.706125]
[3.7052107]
[3.8748636]
[3.5958836]
[3.9318712]
[3.8411572]
[3.6050713]
[4.0411415]
[4.2251678]
[3.956581]
[3.6548688]
[4.1066623]
[3.831662]
[4.2202888]
[3.6793945]
[4.098049]
[3.6369982]
[3.94592]
[3.5202956]
[3.7216022]
[3.9437222]
[3.6860352]
[3.8167186]
[3.9499903]
[3.7183318]
[4.0199456]
[3.680514]
[3.8378818]
[3.7799375]
[3.97379]
[3.6225562]
[3.9711497]
[3.8706472]
[3.9528244]
[3.6332982]
[3.6259265]
[3.660886]
[3.639723]
[4.2234373]
[3.6324353]
[4.060184]
[3.8143733]
[3.7942066]
[4.1643877]
[4.069307]
[4.012629]
[3.7388992]
[3.7284753]
[4.061836]
[3.7872655]
[4.242161]
[4.122669]
[4.0498824]
[4.234122]
[4.027647]
[4.1271324]
[4.139304]
[4.1057277]
[3.9022553]
[3.8607948]
[3.7930946]
[4.148834]
[3.8422828]
[4.14399]
[3.751872]
[4.312391]
[3.7974439]
[4.376009]
[3.7999415]
[3.5742564]
[3.780094]
[4.2309523]
[3.9401765]
[4.158082]
[3.7727954]
[3.613688]
[4.020096]
[3.811182]
[4.118523]
[3.8404052]
[3.8459284]
[3.7217019]
[3.943183]
[3.814606]
[3.7863383]
[4.0629683]
[3.9394047]
[4.286253]
[4.131114]
[4.2581196]
[3.588798]
[4.2376432]
[3.8777995]
[3.8087912]
[3.626141]
[3.944309]
[4.01203]
[4.1732254]
[4.109788]
[3.9292855]
[3.8224494]
[3.8082707]
[3.7295616]
[4.1453304]
[4.2644544]
[3.7481499]
[3.714901]
[3.6732519]
[3.970555]
[3.8416042]
[4.170169]
[3.744343]
[3.8020444]
[3.9230757]
[3.9524128]
[4.386699]
[4.018232]
[3.7420292]
[3.8396204]
[4.065399]
[3.7229066]
[4.3489714]
[3.7215185]
[3.6956177]
[3.7957366]
[3.9873757]
[3.733166]
[3.8662543]
[3.9489331]
[3.6213925]
[3.7583027]
[4.3883896]
[4.1748285]
[4.165538]
[3.7707388]
[4.012584]
[4.041438]
[4.0249453]
[3.8284497]
[3.945863]
[3.5993986]
[4.1025076]
[3.6758008]
[4.2172413]
[4.1405597]
[3.6474245]
[3.938012]
[3.636671]
[3.8370266]
[3.7981675]
[3.6514988]
[3.8817844]
[4.207987]
[3.70799]
[3.7637942]
[3.7288573]
[4.022697]
[3.9361997]
[4.0140815]
[3.7153037]
[3.7724078]
[4.0574365]
[4.27127]
[4.029136]
[4.421038]
[4.2029943]
[3.8742352]
[3.878512]
[3.9602265]
[4.0548167]
[3.8903952]
[3.8781579]
[4.072717]
[3.8857107]
[3.851605]
[3.9700856]
[3.611335]
[3.7968104]
[3.980352]
[3.7198098]
[3.9628875]
[4.2441583]
[3.9469852]
[3.6037855]
[3.9509723]
[4.311351]
[3.83132]
[3.741921]
[3.8186038]
[3.5908382]
[3.7931862]
[3.6695385]
[3.9084728]
[3.8129587]
[3.76258]
[3.8974216]
[4.2123523]
[3.8477643]
[3.6692052]
[3.9461894]
[3.7948627]
[3.8059905]
[4.0203576]
[3.7742355]
[4.1362576]
[3.8159778]
[3.7994025]
[3.6854513]
[3.5984933]
[3.804851]
[4.0898204]
[3.8613863]
[3.6351206]
[3.722264]
[3.748596]
[3.5602481]
[3.9352415]
[4.0129905]
[3.5935845]
[4.11397]
[4.0156894]
[4.0070314]
[4.225381]
[4.0374174]
[3.9409316]
[3.8716047]
[3.674882]
[4.267637]
[3.7359447]
[3.8264043]
[3.8023853]
[3.7478569]
[3.8180757]
[4.0774784]
[3.9132729]
[3.7782629]
[3.7071905]
[4.30905]
[3.7031238]
[3.983983]
[3.766146]
[3.7106478]
[4.1073394]
[3.768609]
[4.0606737]
[3.7540298]
[4.042968]
[3.6430569]
[3.9533823]
[4.02016]
[3.8905106]
[4.028763]
[4.2179537]
[3.8518088]
[3.9654922]
[3.724902]
[3.749674]
[4.337418]
[3.88381]
[3.8403094]
[4.0599117]
[3.9877188]
[3.7978668]
[3.776712]
[3.973488]
[3.611926]
[4.1407394]
[4.226225]
[3.811775]
[4.2861867]
[3.7737694]
[4.0027003]
[3.800601]
[3.6941216]
[4.269861]
[4.1785126]
[3.7587357]
[3.7310338]
[3.8985667]
[3.9156575]
[3.893219]
[4.1140237]
[4.0600595]
[3.7153172]
[3.9073167]
[3.7605922]
[3.9533246]
[3.9627252]
[3.8732328]
[4.2110624]
[3.955171]
[3.4853556]
[3.8843968]
[3.5687919]
[3.9227252]
[3.7955258]
[3.6865945]
[3.7655644]
[3.991757]
[3.8450873]
[3.8040302]
[4.014134]
[3.9663866]
[3.9492807]
[3.732882]
[4.058307]
[3.7052727]
[4.0875525]
[3.788918]
[3.9716403]
[4.042686]
[3.7480175]
[3.755442]
[3.8472824]
[4.176202]
[3.6542125]
[4.2886763]
[3.5934882]
[3.9947727]
[3.5384784]
[3.9620323]
[3.6232774]
[3.743722]
[3.592854]
[4.32693]
[3.9143047]
[3.887805]
[3.7753565]
[3.8811302]
[3.8118649]
[4.1141624]
[3.6891463]
[4.266127]
[3.5568304]
[3.7598784]
[3.7404006]
[3.7162845]
[3.6497788]
[3.7947376]
[3.896156]
[3.9612193]
[4.0509553]
[3.8657184]
[4.1111774]
[3.7182682]
[3.9609642]
[3.7450752]
[3.7155905]
[4.0882397]
[3.770517]
[4.0973673]
[3.6918995]
[3.6866078]
[3.7638116]
[3.823681]
[3.6761336]
[3.6717331]
[3.785246]
[3.8082979]
[3.724806]
[4.4769077]
[4.11198]
[3.7332158]
[3.8726394]
[4.1195583]
[3.8027925]
[3.8302412]
[4.029678]
[3.7869186]
[3.5860138]
[4.026849]
[4.0507183]
[3.822036]
[3.8572192]
[4.025953]
[3.6012964]
[3.7420077]
[3.7261848]
[3.658029]
[4.0421867]
[3.694351]
[3.9175847]
[3.7071774]
[3.773246]
[4.06659]
[3.7085578]
[3.9204342]
[3.809887]
[3.8688874]
[4.3208065]
[3.6604571]
[3.6263635]
[3.7215478]
[3.7493014]
[3.812901]
[3.9599075]
[3.9889908]
[3.7765272]
[3.8852434]
[4.2959213]
[3.8099701]
[3.9205523]
[3.6107633]
[3.808666]
[3.8326778]
[4.057651]
[3.5567153]
[4.0849695]
[3.929754]
[3.704022]
[3.6058989]
[3.649178]
[3.6565177]
[3.776978]
[3.93614]
[3.829083]
[4.167989]
[3.94625]
[4.0389295]
[4.3262806]
[3.7078137]
[4.081552]
[3.6368153]
[4.016121]
[4.0250063]
[3.6462088]
[4.1590786]
[3.9864962]
[3.714849]
[3.7827723]
[4.040989]
[4.095681]
[3.9698963]
[3.802635]
[3.6815937]
[4.2126455]
[4.184912]
[3.962039]
[4.2755623]
[3.6711001]
[3.801699]
[3.7716455]
[3.8309023]
[4.014279]
[3.6793156]
[4.090094]
[3.8177383]
[3.8545487]
[4.2075663]
[3.8696558]
[3.7400923]
[3.9221907]
[3.7601829]
[3.9807005]
[3.929695]
[3.8927248]
[3.6419866]
[4.0136824]
[4.1098375]
[3.7657828]
[3.8292537]
[4.2523875]
[3.6268818]
[4.103781]
[4.0736837]
[3.9289854]
[3.9075785]
[3.7585614]
[3.812296]
[3.6856556]
[4.3648176]
[4.0480957]
[3.843239]
[3.7173524]
[3.7273822]
[3.7205868]
[3.8725677]
[4.1005454]
[3.7852035]
[4.042834]
[3.814976]
[3.8514538]
[3.7624683]
[3.664993]
[3.86236]
[4.1223016]
[3.916757]
[4.1063404]
[3.866762]
[4.023393]
[3.9449458]
[4.116504]
[3.8378072]
[3.7263997]
[3.576293]
[3.6374035]
[3.852613]
[4.212229]
[4.2513423]
[3.6252613]
[4.0303655]
[3.723043]
[4.0954003]
[3.8676186]
[3.969834]
[3.7385542]
[3.76726]
[3.983984]
[3.9248893]
[3.9396477]
[4.102694]
[3.7070527]
[3.7805204]
[3.6555543]
[3.876074]
[3.8364558]
[4.013144]
[3.8084757]
[3.752622]
[3.6919787]
[3.8003006]
[4.198743]
[3.954763]
[4.205962]
[3.7170782]
[3.9542196]
[3.5926297]
[4.4029083]
[4.2294617]
[3.6240542]
[3.7382798]
[3.7858126]
[4.0338497]
[3.9997907]
[3.8043199]
[4.117829]
[3.9341419]
[4.160412]
[4.364745]
[3.7804184]
[3.792688]
[3.999168]
[3.717956]
[3.6539164]
[3.9385898]
[4.3579187]
[3.6919332]
[3.5911322]
[3.665358]
[3.7730377]
[3.6310663]
[3.798894]
[4.0718117]
[3.7620976]
[4.0602427]
[3.8018045]
[3.7278883]
[3.9474792]
[3.9962666]
[4.290066]
[3.769829]
[3.796166]
[4.0039763]
[3.6230261]
[3.9483018]
[3.6545215]
[4.1674542]
[3.75952]
[3.621253]
[3.6885905]
[4.0624366]
[4.0218263]
[4.043476]
[4.127232]
[4.4312315]
[3.8759]
[4.0893407]
[3.8525677]
[4.1833267]
[3.815647]
[3.952811]
[3.5951545]
[3.8511388]
[3.8155951]
[3.8774626]
[3.8559654]
[3.5546043]
[3.74308]
[3.8028784]
[3.9590125]
[3.8630934]
[3.4248173]
[3.8332732]
[3.7894857]
[3.9282417]
[4.1533914]
[4.0363593]
[3.6898892]
[3.8082707]
[3.9015708]
[3.955526]
[3.868925]
[4.1782484]
[3.7190762]
[3.6235368]
[4.0305443]
[3.778834]
[4.193955]
[3.6192365]
[3.9019165]
[3.641198]
[3.418055]
[4.0781307]
[4.051815]
[3.8517628]
[3.75673]
[3.8097546]
[3.6544163]
[3.7030058]
[3.7861967]
[3.7810118]
[3.8998833]
[3.570774]
[3.8933027]
[4.2230306]
[3.875741]
[3.7906432]
[3.8124406]
[4.328875]
[3.8569918]
[4.005177]
[4.0519533]
[4.2397213]
[3.6129165]
[4.025014]
[3.9933224]
[3.721561]
[4.065643]
[3.8528302]
[3.8072073]
[3.7970908]
[3.8535848]
[3.91695]
[3.7661855]
[3.7298648]
[4.1484666]
[4.211876]
[4.106885]
[3.7052624]
[4.161447]
[3.7935128]
[4.025368]
[4.3244095]
[4.0393677]
[3.7658486]
[3.6289616]
[3.9882839]
[3.8043911]
[3.941131]
[3.9124389]
[4.248729]
[3.7948747]
[3.853484]
[3.83424]
[3.9218957]
[3.7593217]
[3.8293526]
[3.9176102]
[3.5626204]
[4.257666]
[3.871172]
[4.085069]
[3.8001735]
[3.9950655]
[3.6453004]
[3.7418313]
[3.6522784]
[3.9170818]
[4.0130343]
[3.7839527]
[3.9623108]
[3.8226087]
[4.2335467]
[4.161997]
[3.6371164]
[4.0541043]
[3.9136336]
[3.9568107]
[3.9623222]
[4.2274065]
[3.629451]
[3.7805223]
[4.01076]
[3.9791932]
[3.7190764]
[3.836721]
[3.9160638]
[4.353146]
[3.7872915]
[3.7557042]
[3.780458]
[3.9260175]
[3.667062]
[4.3074985]
[3.789774]
[3.713147]
[3.5588171]
[3.8282342]
[4.0466485]
[3.682683]
[3.830285]
[3.7010896]
[3.7207363]
[4.0381107]
[3.9493165]
[4.246158]
[3.795801]
[3.5543284]
[3.6310225]
[3.738734]
[3.75601]
[3.8662715]
[4.156682]
[3.8134637]
[3.6891313]
[4.272569]
[3.938644]
[3.83086]
[4.4845014]
[4.119564]
[4.0239773]
[4.087839]
[3.841313]
[4.225651]
[3.7424843]
[3.920155]
[3.8091125]
[3.7988086]
[3.6902583]
[3.9642832]
[3.7623699]
[3.6779306]
[3.7065074]
[4.2700186]
[3.9198127]
[3.8112493]
[3.7068264]
[3.593935]
[4.284487]
[4.0363603]
[3.7172446]
[4.272993]
[4.2065063]
[3.9319627]
[4.128811]
[3.7809389]
[3.9326231]
[3.6290295]
[3.7232132]
[4.064849]
[3.6248631]
[4.0495496]
[3.966815]
[3.9534776]
[3.6482487]
[3.7897906]
[3.6947324]
[3.8063855]
[4.029139]
[3.7073646]
[3.7983985]
[3.6621468]
[4.2156076]
[4.1492414]
[4.0243154]
[3.9508045]
[3.9072561]
[3.939468]
[3.8711207]
[3.8284147]
[3.6337178]
[3.694336]
[3.5148597]
[3.784439]
[4.013257]
[3.9673812]
[4.2587185]
[4.080034]
[3.8636456]
[3.835874]
[3.656305]
[3.8450828]
[4.091244]
[4.214541]
[3.9174225]
[3.6406934]
[3.8070645]
[3.7347767]
[4.3042774]
[4.078796]
[3.7911925]
[3.7453222]
[3.607534]
[4.1034536]
[3.881025]
[3.7473483]
[3.6956677]
[4.022972]
[3.852679]
[3.9078069]
[3.9131076]
[3.7621393]
[3.6995482]
[4.1928554]
[3.7384098]
[3.9179492]
[4.1777864]
[3.7052264]
[3.8598752]
[4.0967755]
[3.801193]
[3.9467587]
[3.833638]
[3.9368742]
[3.9802237]
[3.9879315]
[3.8116302]
[4.2464857]
[4.0528493]
[3.8259325]
[3.9432173]
[3.8620088]
[3.8555975]
[3.9593427]
[3.860083]
[4.2623386]
[3.6773238]
[3.6431098]
[3.7172542]
[3.882227]
[4.0594387]
[3.4073813]
[3.8870504]
[3.9756448]
[4.071614]
[4.119562]
[4.262792]
[4.4309354]
[3.8256845]
[4.1031933]
[3.9270654]
[4.0100684]
[4.079644]
[4.0766096]
[3.8101134]
[3.6168106]
[3.8454378]
[3.8427873]
[3.6734266]
[3.6867201]
[3.6956835]
[3.803454]
[3.9241416]
[3.7989402]
[4.237102]
[4.128263]
[3.814977]
[3.8249261]
[4.086321]
[3.8961458]
[3.590077]
[3.6842818]
[4.168228]
[4.0426893]
[3.9221103]
[3.781461]
[4.011629]
[3.6559043]
[3.9702826]
[3.6863103]
[3.904866]
[3.8380508]
[3.7999911]
[3.9158769]
[3.8030655]
[4.126589]
[3.4021215]
[4.106412]
[3.7974138]
[3.7287507]
[3.8348951]
[3.7431822]
[4.2539563]
[3.6022637]
[3.8693194]
[3.8373203]
[3.790686]
[4.018331]
[4.241608]
[3.4835682]
[4.096228]
[3.7216997]
[3.740957]
[3.7265282]
[3.6056116]
[3.9547422]
[4.0859594]
[4.1344867]
[3.8795922]
[3.6222725]
[4.0079384]
[3.7706902]
[3.5881007]
[3.89347]
[3.9159749]
[4.074183]
[3.6845224]
[4.1216984]
[3.8395576]
[3.9713829]
[3.8044312]
[3.6341083]
[3.7806907]
[4.109664]
[3.9370532]
[4.2395325]
[3.7839634]
[4.054065]
[3.7785208]
[3.8145037]
[4.0484457]
[3.8905013]
[4.056636]
[3.6897438]
[3.3969634]
[3.8731096]
[4.080985]
[3.979662]
[4.191669]
[4.0785365]
[4.065973]
[3.9733784]
[3.7720938]
[3.7076828]
[4.422119]
[3.8156354]
[4.2687426]
[3.8087523]
[4.2121763]
[3.7007673]
[3.805218]
[3.7609944]
[3.6169896]
[3.7798767]
[3.749956]
[3.661064]
[3.704338]
[3.7544327]
[4.0326977]
[3.94607]
[4.3099837]
[4.084674]
[4.0767198]
[3.7734618]
[4.0743074]
[3.7941194]
[3.7677996]
[3.8499537]
[3.8196816]
[3.9665735]
[3.7072182]
[4.023486]
[4.0454893]
[3.6548882]
[3.9546232]
[3.6309738]
[3.8302045]
[4.3281546]
[3.662148]
[3.6128922]
[3.9869993]
[3.8443165]
[3.8081942]
[3.752999]
[3.9900935]
[4.005478]
[4.1278725]
[4.1153164]
[3.7428906]
[3.9222035]
[3.9510417]
[3.660726]
[3.8260336]
[4.031656]
[3.9949148]
[4.0665684]
[3.798596]
[4.260655]
[4.047146]
[3.9035978]
[3.9821413]
[3.8071826]
[3.6781416]
[3.6627383]
[3.808504]
[3.6735501]
[4.0616035]
[3.8669052]
[3.7533731]
[3.8891401]
[3.7644343]
[3.898119]
[3.5812252]
[3.776898]
[3.9052277]
[3.7825725]
[3.6648002]
[3.7793818]
[3.9371662]
[3.9235728]
[3.7040036]
[3.8932154]
[3.8624096]
[3.7664685]
[3.7685328]
[3.738861]
[3.8414404]
[3.7211027]
[3.815302]
[3.6824527]
[3.7801142]
[4.307984]
[3.6098883]
[4.080168]
[3.814578]
[3.9332445]
[3.7568357]
[3.8971615]
[3.8678212]
[4.098738]
[3.5510464]
[3.740067]
[3.6489801]
[3.9833233]
[3.8342483]
[4.398026]
[3.8029082]
[4.043103]
[3.9626195]
[4.0248103]
[3.732838]
[3.929295]
[4.1026616]
[4.0376005]
[3.8493097]
[3.909468]
[3.972664]
[3.80031]
[3.8426185]
[3.5982451]
[3.6928203]
[3.780236]
[3.9504013]
[4.0370855]
[3.6396883]
[3.8458936]
[3.6775594]
[3.7779393]
[3.9347565]
[3.9993784]
[3.874242]
[3.7179847]
[3.7375004]
[3.799311]
[4.147258]
[3.9283955]
[3.9228935]
[3.7578764]
[4.105032]
[3.7974823]
[3.867395]
[3.7326162]
[3.7174575]
[3.9900682]
[3.8770595]
[3.6926904]
[3.65378]
[3.8093848]
[3.948872]
[3.94669]
[4.137881]
[3.8002539]
[3.96899]
[4.0294266]
[4.077483]
[4.0155807]
[4.0148168]
[3.6921759]
[3.8482964]
[4.027666]
[3.6381104]
[3.9496627]
[3.7588124]
[4.1051726]
[3.9164782]
[3.8493614]
[4.0987163]
[4.336604]
[4.0695057]
[3.5658698]
[3.6959138]
[4.0448327]
[3.891704]
[4.073378]
[3.7997026]
[4.1376715]
[3.7097116]
[4.0049605]
[3.9516644]
[3.7022781]
[4.225599]
[4.425439]
[3.7956426]
[3.9034626]
[4.1133676]
[4.013174]
[3.681815]
[3.6890652]
[4.2663755]
[3.6165104]
[3.686327]
[4.4781165]
[3.8511703]
[3.9735148]
[3.738164]
[4.1376953]
[3.7041614]
[3.8599253]
[4.1447744]
[4.1872296]
[3.7027187]
[3.864663]
[3.8277073]
[3.7637491]
[4.0523505]
[3.7928212]
[3.6977243]
[3.8198442]
[3.9086998]
[3.7840817]
[3.9190264]
[3.879899]
[3.7635064]
[4.072165]
[3.962601]
[3.5529852]
[3.7973309]
[4.2397723]
[3.8123293]
[3.904564]
[4.076136]
[3.8264465]
[3.8891764]
[3.688836]
[3.8599687]
[3.723964]
[3.7532277]
[4.063294]
[3.7726607]
[4.1376762]
[3.7818038]
[3.7155793]
[4.086434]
[3.7762022]
[3.8851843]
[3.8923533]
[3.7497625]
[3.7121694]
[3.751076]
[3.9804816]
[3.6506698]
[3.6490502]
[3.6205437]
[3.772719]
[3.876729]
[3.615352]
[3.8334942]
[3.5489254]
[4.023257]
[3.6493328]
[3.796433]
[3.9042332]
[3.8471515]
[3.854718]
[3.6675186]
[3.9908626]
[4.029852]
[3.810793]
[3.8055243]
[3.7911997]
[3.762477]
[3.6464663]
[3.6461658]
[4.047265]
[3.9257164]
[3.5042026]
[3.627472]
[3.9582684]
[3.9823127]
[3.6534588]
[3.9860861]
[4.181122]
[3.9350848]
[4.3431973]
[4.01567]
[3.6008782]
[4.0193295]
[3.94536]
[3.940956]
[3.9445164]
[3.6899157]
[3.7873185]
[3.9305434]
[4.1441708]
[4.1568103]
[3.69445]
[3.6162703]
[3.602615]
[3.7856035]
[3.625367]
[3.9220095]
[3.8890834]
[4.1733046]
[4.0729957]
[4.0717034]
[4.082167]
[4.2095375]
[3.7157013]
[3.8942437]
[4.2741323]
[3.7264814]
[3.8520334]
[3.7693377]
[3.83809]
[3.9415312]
[3.8002353]
[3.6830754]
[3.8633142]
[3.719106]
[3.75464]
[4.228605]
[4.041675]
[4.0992727]
[3.8303819]
[4.074797]
[3.701239]
[3.75803]
[3.7089095]
[3.8630826]
[3.7442567]
[4.07433]
[3.794375]
[4.1605725]
[4.0360427]
[3.97192]
[3.672226]
[3.6180193]
[3.7343125]
[3.9930296]
[3.8090043]
[3.64194]
[3.7449071]
[3.7807162]
[3.6107042]
[4.321499]
[4.1186485]
[4.0236998]
[3.6724205]
[3.8016768]
[3.581478]
[4.1240034]
[3.7002485]
[4.047892]
[3.5916655]
[3.6093419]
[3.6792588]
[3.782941]
[3.587486]
[4.0389996]
[3.9857798]
[3.6431398]
[3.602268]
[3.7908392]
[3.9657683]
[3.6661887]
[3.615844]
[3.9959035]
[4.3028073]
[3.709949]
[3.9771793]
[4.1432]
[4.220186]
[3.8881276]
[3.9998298]
[3.8413038]
[3.7243485]
[4.424221]
[4.0147924]
[3.691783]
[3.6505811]
[4.2061305]
[3.7415981]
[3.875607]
[3.9460819]
[3.7753634]
[3.8117962]
[4.194767]
[4.234057]
[3.7051506]
[3.7147105]
[3.7535958]
[3.6927092]
[4.197782]
[3.8079407]
[4.0483513]
[4.0294814]
[3.8982942]
[3.5741792]
[3.7535672]
[3.7195997]
[3.876511]
[3.685143]
[3.6818578]
[3.8486512]
[3.8346212]
[4.178654]
[3.4025633]
[4.030236]
[3.9368887]
[3.609617]
[4.1173563]
[3.799854]
[3.740817]
[3.9227545]
[3.81144]
[4.1211786]
[3.8694983]
[3.765141]
[3.9933968]
[3.8775947]
[3.656409]
[4.0417557]
[3.8301675]
[3.7523823]
[3.5411909]
[3.9459581]
[3.9975953]
[3.753901]
[4.070091]
[4.328111]
[4.053913]
[4.1961703]
[3.95607]
[3.8191144]
[3.803148]
[3.8077064]
[3.7402408]
[3.6672966]
[3.5621455]
[4.393552]
[4.1076775]
[3.973214]
[4.0580287]
[3.803853]
[3.82287]
[3.7999523]
[4.274018]
[3.8605185]
[3.7598636]
[3.898277]
[4.101478]
[3.9259412]
[3.596677]
[3.919955]
[3.8232555]
[3.635037]
[3.7241886]
[3.7970853]
[3.7924867]
[3.7930715]
[3.9726422]
[3.674986]
[3.853819]
[3.8042877]
[4.0267406]
[3.6548214]
[3.734989]
[3.7366056]
[4.200731]
[3.9667342]
[3.8983707]
[4.124013]
[3.8060648]
[3.916102]
[3.7039173]
[4.1936665]
[3.6320267]
[3.963051]
[3.5685697]
[3.8331058]
[3.930623]
[4.239381]
[3.7761655]
[3.899313]
[3.680101]
[4.3252897]
[3.6348221]
[3.9484844]
[3.709254]
[4.327577]
[3.7837646]
[3.785914]
[3.6361184]
[3.7292717]
[3.6704392]
[3.8572726]
[3.8259754]
[3.8807755]
[3.863703]
[3.7263846]
[3.8694527]
[3.5843487]
[4.2456245]
[3.7397285]
[3.9025369]
[3.8203516]
[3.702531]
[3.6817396]
[4.211339]
[3.8475828]
[4.063173]
[3.9092617]
[3.9835567]
[3.6047657]
[3.740251]
[3.9077718]
[4.001428]
[3.8917136]
[3.7708147]
[3.905381]
[3.9585514]
[3.7051857]
[4.419563]
[3.5626657]
[3.95147]
[3.7904854]
[3.716378]
[4.358445]
[3.795192]
[4.189485]
[3.7395291]
[4.2463026]
[3.8471897]
[3.798869]
[3.7825966]
[3.7762713]
[4.054021]
[3.6654356]
[3.7652044]
[3.8096995]
[3.7438314]
[4.26492]
[3.6898208]
[3.8638456]
[3.9232974]
[3.9479702]
[3.7787845]
[3.8259094]
[3.9428084]
[3.6454787]
[4.422545]
[3.5909905]
[4.2136626]
[3.587275]
[3.7006924]
[3.734283]
[3.8621109]
[4.115867]
[4.1488156]
[3.8244832]
[3.7706473]
[4.016281]
[3.7813025]
[3.703069]
[3.9376538]
[3.9307637]
[4.3455462]
[4.0148525]
[3.7072802]
[4.070733]
[3.9491189]
[3.7506418]
[4.2016745]
[3.830542]
[3.600073]
[3.8308294]
[4.0799785]
[3.7783675]
[3.7776551]
[3.7785714]
[4.2040267]
[3.9353726]
[3.8533578]
[3.900165]
[3.67982]
[3.7683523]
[3.734727]
[3.9447277]
[3.6769953]
[3.8847723]
[3.8435276]
[3.7324457]
[4.1260023]
[3.923388]
[4.290931]
[4.0306473]
[3.922521]
[3.8191986]
[3.964291]
[3.992237]
[3.6283202]
[3.9237347]
[3.6874118]
[3.9250448]
[3.9381492]
[3.7806156]
[3.9203658]
[3.8897748]
[4.0032125]
[4.0651703]
[3.968543]
[3.6961482]
[3.9077234]
[3.7120419]
[3.827767]
[3.8027105]
[3.93037]
[4.2969785]
[3.914292]
[3.676548]
[3.9709296]
[3.5462148]
[3.716483]
[4.044205]
[4.2097654]
[3.7671947]
[4.0068836]
[4.2442946]
[4.1716127]
[3.8306265]
[3.906406]
[3.8261967]
[3.678385]
[4.3260784]
[3.9540114]
[3.7120984]
[3.8767729]
[3.8563218]
[3.9049234]
[3.8732154]
[3.9939277]
[4.1157246]
[4.216068]
[3.8195019]
[3.663469]
[4.1525774]
[3.8151112]
[3.6862826]
[3.8432236]
[3.8975337]
[3.5818086]
[4.2434134]
[3.821289]
[3.6229243]
[3.9602213]
[3.926968]
[3.844542]
[3.8612754]
[4.044061]
[3.7101269]
[4.20548]
[3.8762758]
[3.7583263]
[3.6694098]
[3.7616215]
[4.054512]
[3.880411]
[4.0546966]
[3.8112433]
[4.4112983]
[4.1416993]
[3.987191]
[3.7798493]
[3.7049603]
[3.9558]
[4.0601444]
[4.1080713]
[3.928299]
[3.799679]
[4.391679]
[3.824298]
[4.153976]
[3.8612154]
[4.2745056]
[4.052086]
[3.924518]
[3.7725976]
[3.773711]
[4.144162]
[3.8038244]
[3.656681]
[3.5465786]
[4.3763576]
[3.8189328]
[4.128346]
[3.9022973]
[4.0365977]
[3.8833225]
[3.8019357]
[3.8680332]
[3.8501787]
[3.7085588]
[4.1056266]
[3.783115]
[3.79858]
[4.021386]
[3.9648929]
[4.0793104]
[4.368139]
[3.785499]
[3.746157]
[4.0196786]
[4.073736]
[4.1242533]
[4.1901107]
[3.80632]
[3.7424314]
[4.3227067]
[3.6833653]
[4.2353463]
[3.6332037]
[4.1369157]
[3.9320917]
[4.061254]
[3.6414511]
[4.3522162]
[4.3128066]
[4.1296844]
[3.8260608]
[3.3984675]
[4.100752]
[4.0214043]
[3.6383338]
[3.877214]
[3.7945185]
[3.8666775]
[4.2001333]
[3.7223537]
[3.9238915]
[3.900375]
[3.993525]
[3.8966255]
[3.6950936]
[4.014929]
[3.7073765]
[4.1412816]
[4.05431]
[3.8955467]
[4.2521734]
[3.8082035]
[4.4126654]
[4.069166]
[4.262018]
[3.6858177]
[4.068977]
[4.0937157]
[3.949332]
[3.8271384]
[3.69761]
[3.7686367]
[3.8311908]
[3.8024774]
[3.784348]
[4.167871]
[3.826078]
[3.8700583]
[3.7390797]
[3.815452]
[4.29315]
[4.0360203]
[3.820994]
[3.680316]
[3.6326563]
[4.006647]
[3.8670208]
[3.8348897]
[4.0438232]
[3.791437]
[3.6714306]
[3.9681678]
[4.0013633]
[3.8887904]
[3.7827053]
[4.1963816]
[3.7359536]
[3.7277336]
[3.3953483]
[4.055702]
[3.6699753]
[3.838334]
[3.8916414]
[3.9249506]
[3.7743776]
[3.9814777]
[3.726857]
[4.289871]
[3.829656]
[3.7618341]
[3.9186168]
[4.0276766]
[3.6752994]
[3.7706723]
[3.6500514]
[3.6890228]
[3.7870126]
[3.769466]
[3.8968456]
[4.131796]
[4.068395]
[3.8217058]
[4.263191]
[3.8523571]
[4.0482016]
[3.4797683]
[4.1999416]
[3.9537127]
[4.345034]
[3.9486132]
[3.6123838]
[3.7117727]
[3.7377841]
[4.3348055]
[4.050899]
[4.1014557]
[3.894734]
[3.7049294]
[3.9927142]
[3.78827]
[3.8475015]
[3.8388283]
[3.733745]
[3.9653487]
[3.904371]
[3.8273425]
[3.9979305]
[3.9183288]
[3.9126484]
[3.7670736]
[3.6857545]
[3.8604116]
[3.9942439]
[3.823188]
[4.1003857]
[3.9533792]
[4.384755]
[3.7379017]
[3.7078466]
[3.6999397]
[4.0606227]
[3.980737]
[3.7069147]
[3.797341]
[4.030738]
[3.9333615]
[4.0692573]
[3.819955]
[3.82853]
[3.6523073]
[3.7842915]
[4.0545263]
[3.8852637]
[3.7251847]
[3.6743398]
[3.9863958]
[3.8068852]
[4.1372514]
[3.8182998]
[4.014646]
[3.6135488]
[3.7959328]
[3.668619]
[4.1588917]
[3.6249745]
[3.7490134]
[4.2490535]
[3.8825812]
[3.6371207]
[4.3231645]
[3.8656042]
[3.7081127]
[3.5661743]
[3.9970784]
[4.001164]
[4.1479607]
[3.800358]
[4.2657566]
[4.1565995]
[4.132456]
[3.9706838]
[4.142876]
[4.0407133]
[3.8537617]
[4.272023]
[3.7818017]
[3.7296934]
[4.093879]
[4.078856]
[3.776051]
[4.3696017]
[3.7291899]
[3.6810234]
[3.8590825]
[3.753022]
[4.0278015]
[3.9854794]
[3.9943905]
[3.8666632]
[3.7436674]
[3.8999853]
[3.8003867]
[3.7794983]
[3.8486183]
[3.8844242]
[3.8448825]
[4.0419974]
[4.0596113]
[3.8263097]
[3.9121318]
[4.267256]
[3.6118116]
[3.6760838]
[4.091362]
[3.6682687]
[3.8940275]
[3.6076307]
[3.5819716]
[3.643252]
[4.2824764]
[3.831688]
[4.0171976]
[3.9210334]
[3.9584372]
[3.7510166]
[3.921828]
[3.8625493]
[4.0759754]
[3.8355808]
[3.9371197]
[4.180973]
[3.8488812]
[3.8356152]
[3.8234293]
[3.9601777]
[4.175794]
[4.0249677]
[3.781417]
[3.8643987]
[3.7733111]
[3.7775664]
[3.7064493]
[4.3247576]
[4.054004]
[3.9989963]
[4.032821]
[3.8735046]
[4.209007]
[3.7790513]
[3.8185658]
[3.6180487]
[4.101988]
[3.7796013]
[3.601316]
[3.820517]
[3.7182996]
[4.0709767]
[3.8803818]
[3.8334348]
[3.6779068]
[3.6055562]
[3.6015952]
[4.307085]
[3.8158267]
[3.9309435]
[4.0279145]
[4.1083536]
[3.9922729]
[3.805209]
[3.6218317]
[3.945844]
[4.261956]
[3.8309972]
[3.6287742]
[3.7988865]
[3.7236054]
[4.080832]
[4.0445776]
[3.7938378]
[3.9627607]
[3.939739]
[4.2536993]
[3.6999059]
[3.886588]
[3.707852]
[4.037637]
[4.2016954]
[3.8166168]
[4.102075]
[3.7156806]
[4.142441]
[3.9352512]
[4.2011952]
[3.8150637]
[3.7354255]
[4.0831113]
[3.7635357]
[3.6594806]
[3.9505863]
[3.8110373]
[4.059261]
[3.6992543]
[4.0573688]
[3.7614546]
[3.8812966]
[4.087333]
[4.232751]
[3.6746788]
[3.9570434]
[3.8822582]
[3.818919]
[3.7303987]
[3.8006022]
[4.275792]
[3.6542711]
[3.7151313]
[4.0168414]
[3.7622256]
[4.147369]
[4.1286488]
[3.7027807]
[3.7872624]
[3.7064066]
[3.8044257]
[3.7942655]
[3.484998]
[3.7759807]
[3.8777263]
[3.8855627]
[4.095708]
[3.959509]
[4.109703]
[3.7224414]
[3.6891704]
[3.8732762]
[3.772802]
[3.9827683]
[4.023176]
[4.154533]
[3.6691327]
[3.7321644]
[3.6719263]
[3.6802962]
[3.7568529]
[4.023248]
[3.9268022]
[3.9451997]
[3.6668267]
[3.480178]
[3.7633235]
[4.075039]
[3.6311285]
[4.0495086]
[3.8658316]
[3.9646673]
[4.00554]
[3.7839806]
[4.260237]
[3.6992078]
[3.9115381]
[4.0500546]
[4.0932617]
[3.843832]
[3.8217697]
[3.7571054]
[3.6783547]
[4.213848]
[3.77352]
[3.8591752]
[4.171042]
[4.3274093]
[3.7434816]
[4.2471943]
[3.8028448]
[3.9443667]
[4.254421]
[4.22092]
[3.680645]
[3.6661465]
[3.7702534]
[4.214629]
[3.7876558]
[3.7620249]
[4.245473]
[3.9517138]
[3.8127456]
[4.0768466]
[3.6087298]
[4.018177]
[3.9321048]
[3.7286053]
[4.262203]
[4.248088]
[3.7102797]
[3.9687755]
[3.8403177]
[3.769208]
[3.7887065]
[3.9419732]
[4.2252765]
[3.8192976]
[3.7203789]
[3.7816365]
[4.244175]
[3.8698275]
[3.6378436]
[3.9446604]
[4.040731]
[4.064148]
[3.7874346]
[3.593815]
[3.63924]
[3.721391]
[4.054809]
[3.7430058]
[3.7619896]
[3.8207872]
[4.0443697]
[3.945845]
[3.9208014]
[3.925339]
[4.266818]
[3.7720635]
[3.9845421]
[4.23802]
[3.6509385]
[3.7581348]
[4.015309]
[4.0083647]
[4.011486]
[3.9587717]
[3.8535428]
[4.1044025]
[3.5683882]
[4.1262474]
[3.6640806]
[4.066348]
[3.8246336]
[4.1449723]
[3.6055257]
[3.9408638]
[3.6237278]
[3.7745304]
[3.816051]
[3.8528821]
[3.70118]
[4.0183496]
[3.9583387]
[4.174347]
[4.1289797]
[3.8972511]
[3.7334223]
[4.000771]
[4.240915]
[3.756794]
[3.9440002]
[3.9464867]
[4.0215783]
[3.7830637]
[3.962781]
[4.176552]
[4.2736197]
[3.8393052]
[3.9352775]
[3.771251]
[3.8923202]
[3.9532459]
[3.7704084]
[3.9292257]
[3.8594248]
[3.6347628]
[3.6455252]
[4.1698084]
[3.8772142]
[3.7847016]
[3.8316815]
[3.5596125]
[3.900229]
[3.7752771]
[4.0258155]
[3.78201]
[3.7766814]
[3.7500072]
[3.9097238]
[3.5636585]
[3.7105067]
[4.1107173]
[3.6969018]
[3.862998]
[4.234406]
[3.8009818]
[4.0487685]
[3.8844657]
[3.9214923]
[3.6234913]
[4.231497]
[3.9798949]
[4.0712304]
[4.059487]
[4.2967496]
[4.0275025]
[3.802193]
[3.959823]
[3.6854224]
[3.708373]
[3.7815962]
[4.0402365]
[3.7441044]
[4.054238]
[3.8802266]
[3.8318236]
[3.7199907]
[4.129415]
[3.814621]
[4.0326138]
[3.9057837]
[4.10171]
[3.8624024]
[4.132967]
[3.6140409]
[3.8792946]
[4.019627]
[4.0221133]
[4.2186937]
[3.7469141]
[3.9580443]
[3.7222505]
[3.586629]
[3.6044407]
[3.748386]
[3.5928848]
[4.0316367]
[3.8221405]
[3.4713302]
[3.9697332]
[3.668305]
[3.7193565]
[3.9024553]
[3.6619248]
[4.1374903]
[4.056192]
[4.048059]
[3.7765157]
[4.0508566]
[3.8642426]
[3.896089]
[4.1662254]
[3.7050796]
[3.676136]
[3.607778]
[3.77827]
[4.063018]
[4.231577]
[4.1667686]
[3.8563387]
[3.6058614]
[3.8006587]
[3.6349666]
[3.8983984]
[3.9808674]
[3.808471]
[4.0867095]
[3.8524227]
[3.87089]
[3.897059]
[3.8668733]
[3.7398798]
[4.236619]
[3.9556074]
[3.8624506]
[3.8043263]
[3.858553]
[4.1528]
[3.7959342]
[4.1569543]
[4.14384]
[3.8012996]
[3.83893]
[3.6644332]
[3.831794]
[4.0838904]
[3.5998762]
[3.9800985]
[4.138634]
[3.9409857]
[3.7357945]
[3.633485]
[3.8620663]
[4.050966]
[3.9675114]
[3.7119873]
[3.9373767]
[3.6560235]
[3.7716873]
[4.001692]
[3.84876]
[3.8723161]
[3.7243083]
[3.6639988]
[3.6298468]
[4.033784]
[3.8937678]
[4.0063596]
[4.034754]
[3.8066227]
[3.8891654]
[3.7910137]
[4.1873064]
[3.8154407]
[4.1862264]
[4.0247498]
[3.9346962]
[3.830175]
[3.5728824]
[3.6006021]
[3.9328089]
[3.70682]
[3.7462215]
[4.234678]
[3.790557]
[3.9102142]
[3.5428925]
[4.0512733]
[4.218493]
[4.0925155]
[3.7387984]
[3.7269177]
[4.045183]
[4.02412]
[4.0557914]
[3.889061]
[4.1040287]
[4.2062025]
[3.6197553]
[3.8242617]
[3.5981095]
[4.1431656]
[3.9087534]
[3.681917]
[3.7363715]
[3.7420957]
[3.5965562]
[3.6320324]
[4.029163]
[3.5805254]
[4.1360035]
[4.0319195]
[3.9729156]
[3.8252873]
[3.6264188]
[3.7068028]
[3.9556415]
[3.8655472]
[4.1715364]
[3.8579342]
[3.7044158]
[3.6016603]
[3.9564831]
[3.9675725]
[3.8798857]
[3.872999]
[3.482631]
[3.8007772]
[4.0021186]
[3.8038287]
[4.2563787]
[4.0169873]
[4.2835407]
[4.0712614]
[3.7832403]
[3.7957392]
[3.6350913]
[3.9715605]
[3.5502741]
[3.8318467]
[3.7787702]
[3.713104]
[3.8879392]
[3.5396447]
[4.0444407]
[4.195482]
[3.8693252]
[4.039805]
[3.9396243]
[3.6853313]
[4.245428]
[3.865144]
[4.0742993]
[3.7162638]
[3.94377]
[4.0763254]
[4.0712585]
[4.14731]
[3.746764]
[3.7099752]
[4.37744]
[3.7410657]
[3.8447657]
[4.27517]
[3.7051864]
[3.852665]
[4.4254484]
[3.9410622]
[3.9161117]
[4.3083]
[3.8841164]
[4.000094]
[3.768881]
[3.7526457]
[3.8771777]
[3.838631]
[4.3272552]
[4.000423]
[3.989608]
[3.9185724]
[4.1813965]
[4.0360866]
[3.9459236]
[3.765334]
[3.865817]
[4.111989]
[3.8264828]
[3.654298]
[4.139282]
[4.1114535]
[3.818107]
[4.099453]
[4.0494976]
[4.138486]
[4.2605033]
[3.7472222]
[3.6260748]
[3.9038832]
[3.7205036]
[3.7966864]
[4.2452703]
[3.7678719]
[3.5300555]
[3.8211672]
[3.6977718]
[3.846362]
[3.9180043]
[4.15987]
[3.6574636]
[3.8299396]
[3.785572]
[4.231857]
[3.9450128]
[3.8308268]
[3.8791358]
[4.0368223]
[3.7644482]
[3.6208453]
[4.14025]
[3.8006594]
[3.9487345]
[4.142053]
[3.7917838]
[3.7851987]
[3.8346534]
[3.8848267]
[3.9705822]
[4.13651]
[3.7160642]
[3.9574335]
[4.2822676]
[3.8599358]
[3.6194928]
[3.865487]
[3.753133]
[3.7681925]
[3.7733607]
[3.6539598]
[3.7912781]
[4.0201664]
[3.9473355]
[4.1151776]
[3.7883508]
[3.6164644]
[4.056974]
[4.012291]
[3.7788994]
[3.7800035]
[3.7378929]
[3.7375555]
[3.7482285]
[4.1350517]
[3.865247]
[4.0092635]
[4.374753]
[3.7758126]
[3.8545444]
[3.703214]
[3.909354]
[3.843368]
[4.119165]
[3.8881712]
[3.775928]
[3.9210026]
[3.9367366]
[3.6857963]
[3.7755618]
[3.8234985]
[4.0850167]
[3.7635865]
[3.892365]
[3.591656]
[3.7710185]
[3.9928186]
[3.7136416]
[3.6273198]
[3.9341364]
[4.2373357]
[3.8513007]
[4.040068]
[3.934628]
[3.822044]
[4.0258384]
[3.9250255]
[3.885562]
[3.7130623]
[3.8625712]
[3.7297146]
[3.5742593]
[3.9756033]
[3.7100236]
[3.883161]
[4.1891875]
[3.8691876]
[3.7257807]
[3.7839863]
[4.030793]
[3.8447647]
[3.9510965]
[3.9937155]
[3.6759787]
[3.8531532]
[3.7326088]
[3.8555999]
[3.78851]
[4.124557]
[3.7635093]
[3.8435907]
[3.776442]
[3.8761892]
[4.142583]
[3.8706946]
[3.7734928]
[3.83081]
[4.238431]
[3.6675982]
[4.199672]
[3.7096512]
[3.7329092]
[4.012978]
[3.9871678]
[3.621873]
[4.147647]
[4.137803]
[3.730053]
[3.6974533]
[3.981214]
[4.262904]
[3.6516287]
[3.759634]
[3.75916]
[3.8125446]
[3.8842096]
[3.8307219]
[3.7805753]
[4.2729373]
[4.19298]
[3.6180472]
[3.8883455]
[3.70569]
[3.9098854]
[4.2013764]
[3.7182999]
[3.8997219]
[3.7000902]
[4.1556706]
[3.8251357]
[3.7438517]
[4.133488]
[3.9311566]
[3.7899618]
[3.7509737]
[3.9796169]
[4.0179415]
[3.986269]
[3.7726696]
[3.7339225]
[4.043475]
[4.2210298]
[4.0229115]
[4.0497513]
[4.035465]
[4.228428]
[3.7828352]
[3.814447]
[3.769848]
[3.6032794]
[3.89076]
[3.6317794]
[3.8806167]
[3.7548392]
[3.9817934]
[3.7780945]
[4.029087]
[3.8827543]
[4.316295]
[4.141597]
[4.485889]
[3.869179]
[4.1989613]
[3.8001838]
[4.0897098]
[3.6683035]
[4.132409]
[3.6303222]
[3.7648249]
[3.7600536]
[3.7976036]
[4.2585506]
[3.662875]
[4.010748]
[3.9325364]
[3.628343]
[3.8511982]
[3.848956]
[3.9653795]
[3.7562757]
[3.8984337]
[4.0161295]
[4.0254774]
[3.8736477]
[4.253311]
[3.8473878]
[4.038603]
[3.8523245]
[4.195353]
[3.6802442]
[3.5711095]
[3.8156834]
[3.943101]
[3.5959327]
[4.253345]
[3.6152515]
[3.6691937]
[3.805639]
[4.056519]
[3.61578]
[3.8685558]
[4.064473]
[4.1909933]
[3.8788471]
[3.7292652]
[3.625094]
[3.7440963]
[3.6400151]
[3.876297]
[4.010117]
[3.8358939]
[3.8652768]
[3.665067]
[3.757734]
[4.0803475]
[3.8194482]
[3.986755]
[4.2505617]
[3.7517495]
[3.7057528]
[4.0234084]
[4.0180945]
[3.856076]
[3.754518]
[4.064986]
[4.13204]
[3.7977672]
[3.825901]
[3.704115]
[4.046785]
[3.8263695]
[3.699888]
[3.8919907]
[3.8196678]
[3.975811]
[3.8672633]
[4.3232765]
[4.4795384]
[3.8630686]
[3.7818017]
[4.288138]
[3.7771473]
[3.764823]
[3.6501307]
[3.8421655]
[3.9417465]
[4.1348643]
[3.7018201]
[4.255751]
[4.017919]
[3.8739269]
[4.303106]
[3.8079674]
[4.2611437]
[3.6609986]
[4.0510006]
[3.812515]
[4.2207274]
[3.5656652]
[4.0347633]
[3.8295844]
[4.061949]
[3.7670789]
[3.660534]
[4.1344404]
[3.7785895]
[3.7767873]
[3.739631]
[3.393254]
[3.8785856]
[3.6755092]
[3.7413995]
[4.160583]
[3.695826]
[4.083253]
[3.9180398]
[3.9888635]
[3.7033982]
[4.1219373]
[3.6939228]
[3.60849]
[3.9498286]
[3.887689]
[4.124955]
[3.7234259]
[3.5665522]
[4.126717]
[3.7932668]
[3.8072162]
[4.1310472]
[3.777514]
[4.0136313]
[3.8089888]
[3.6690836]
[3.8369415]
[3.8319194]
[3.9016113]
[3.843982]
[3.7478025]
[3.8469467]
[3.723072]
[3.759831]
[3.6204562]
[3.8844283]
[3.8746989]
[3.6568725]
[3.8424976]
[3.823642]
[3.8987749]
[3.8246493]
[4.090009]
[3.837966]
[3.8394344]
[4.21801]
[3.7756324]
[3.803541]
[4.040699]
[4.1417866]
[3.9138875]
[4.0721545]
[3.7138557]
[4.1658115]
[3.645854]
[3.791193]
[3.7073967]
[3.8557022]
[3.6495914]
[4.227373]
[3.9383886]
[3.9122598]
[3.8539314]
[4.1728272]
[4.0209713]
[3.7903352]
[4.2226763]
[3.5643291]
[3.840516]
[3.8200147]
[4.1680217]
[3.8154712]
[4.2860756]
[3.8126528]
[3.7529671]
[3.5601826]
[4.132776]
[3.6535969]
[3.675657]
[3.8538213]
[3.9270463]
[3.746285]
[4.0297875]
[3.97478]
[4.1934032]
[3.692255]
[3.8057344]
[4.333915]
[4.182853]
[4.123735]
[3.8240519]
[3.734723]
[3.929276]
[3.9932685]
[3.7391248]
[3.8261352]
[3.962844]
[3.8757064]
[3.9909608]
[3.8696358]
[3.8412027]
[3.8930035]
[4.013647]
[4.0187964]
[3.8358092]
[3.7735126]
[3.7293098]
[4.2549853]
[3.9108052]
[4.006256]
[3.8619592]
[3.8129869]
[4.08566]
[3.92459]
[3.7223074]
[4.0244584]
[4.060606]
[3.6623716]
[3.9765341]
[3.6887524]
[4.123547]
[4.04465]
[3.9246564]
[3.907342]
[3.7621853]
[3.986912]
[3.9612641]
[3.9544125]
[3.8857114]
[3.9010491]
[3.7485776]
[3.6176012]
[4.474717]
[3.6230912]
[4.1329217]
[3.7555056]
[3.6858873]
[3.7384863]
[3.7995071]
[3.8142145]
[4.2606864]
[4.0749]
[3.8815296]
[4.0791206]
[4.0851994]
[4.0334725]
[3.7776859]
[3.7161796]
[3.5453784]
[4.135976]
[4.031582]
[4.231018]
[3.82551]
[3.794396]
[3.886381]
[4.059651]
[3.7373464]
[4.0585265]
[3.852485]
[3.8064737]
[3.630073]
[3.9937332]
[3.9788542]
[3.8814292]
[3.7866642]
[3.7672672]
[4.0470657]
[3.8067513]
[3.656205]
[3.8431897]
[3.8688426]
[3.841837]
[4.2913733]
[4.2120404]
[3.819395]
[3.9884222]
[4.0263267]
[3.968617]
[4.349247]
[3.7020872]
[3.6241527]
[3.598919]
[3.6699343]
[3.8667948]
[3.906755]
[3.7699795]
[3.7211692]
[3.8818922]
[3.812323]
[4.0705514]
[4.0978785]
[3.9607167]
[4.1965985]
[3.8134234]
[3.7536092]
[3.914344]
[3.6434155]
[3.7245836]
[3.7789388]
[3.8086815]
[4.0854416]
[3.9651945]
[3.7371497]
[3.6721435]
[3.655219]
[3.6181412]
[3.8490963]
[3.8342855]
[3.8474288]
[3.5989213]
[3.7867646]
[3.5682003]
[3.8478482]
[4.313114]
[3.9373581]
[3.9388702]
[4.028587]
[3.8972316]
[4.205294]
[4.0184097]
[3.5552008]
[3.4851599]
[3.8245919]
[4.115902]
[3.7248018]
[3.5577724]
[3.8626344]
[3.7371092]
[3.868479]
[4.242134]
[4.011359]
[3.939325]
[3.8935268]
[4.2167196]
[4.3871665]
[4.0548396]
[4.266381]
[3.9088235]
[3.8495073]
[4.0126543]
[3.9743567]
[3.8814566]
[4.05601]
[3.6758707]
[3.8185158]
[3.797374]
[3.717513]
[3.8913016]
[3.959102]
[3.9864733]
[3.7756042]
[3.9868314]
[4.127006]
[3.8874912]
[3.9423022]
[3.5474439]
[3.6319578]
[3.8043783]
[4.003148]
[3.7428248]
[3.851296]
[3.6864796]
[3.6898022]
[4.03875]
[3.8468218]
[4.0049906]
[4.125997]
[3.8623075]
[4.382564]
[3.6727402]
[3.9763727]
[4.0590963]
[3.6490386]
[3.8612974]
[3.8353088]
[4.2117434]
[4.109883]
[3.833746]
[3.7715187]
[3.5427344]
[4.0202465]
[3.7709644]
[3.73377]
[3.8396645]
[3.7693236]
[3.7633226]
[3.631297]
[4.096316]
[3.646206]
[3.8722477]
[3.8540673]
[3.715814]
[3.820681]
[3.9335737]
[4.0584393]
[4.325344]
[4.0376945]
[3.8202438]
[3.9697254]
[3.8396337]
[3.748808]
[4.222374]
[3.9663224]
[3.9499843]
[4.02067]
[3.8914165]
[3.6484041]
[3.828076]
[4.04133]
[3.9658246]
[3.8960848]
[4.2179313]
[4.136703]
[4.2251444]
[4.085331]
[3.9782434]
[3.8105803]
[3.782671]
[4.037985]
[3.8043292]
[3.693715]
[4.026373]
[3.964562]
[3.7578135]
[4.056843]
[4.037117]
[3.8136356]
[3.8026671]
[3.9568777]
[4.129685]
[3.6064022]
[3.7302976]
[3.832038]
[3.623695]
[3.890411]
[4.0081983]
[3.960722]
[4.130622]
[3.684167]
[3.6708472]
[3.8882089]
[3.7531419]
[3.861064]
[4.039796]
[4.2550592]
[3.806763]
[3.7097757]
[3.8472934]
[3.7532868]
[4.1183476]
[3.7093103]
[4.347031]
[3.7354207]
[3.844585]
[3.6687522]
[4.1345434]
[4.104221]
[4.1158104]
[4.341906]
[3.754163]
[3.909839]
[4.0646796]
[3.999318]
[4.0583673]
[3.9895163]
[4.038063]
[4.054993]
[4.0895214]
[3.7073371]
[4.0458217]
[4.009316]
[3.9861045]
[4.091854]
[3.8086438]
[3.916938]
[3.7346866]
[3.694533]
[3.7167866]
[3.8870652]
[3.8514397]
[3.7304955]
[4.06089]
[4.017458]
[3.8606942]
[3.6325848]
[3.8117707]
[3.8347158]
[3.8966107]
[4.214218]
[4.022775]
[3.729049]
[3.678467]
[3.8948932]
[4.3785286]
[3.8755248]
[4.068428]
[3.8649812]
[3.624115]
[4.0559573]
[3.725527]
[3.7044308]
[3.6658618]
[3.834297]
[4.253104]
[3.8032284]
[3.9924412]
[3.8208723]
[3.7000868]
[3.7986188]
[4.2213554]
[4.119118]
[3.6853013]
[3.8690655]
[4.164694]
[3.9970007]
[3.8253436]
[3.7187033]
[3.8309503]
[3.8429465]
[4.130957]
[4.006292]
[3.7666197]
[3.7368298]
[3.7639322]
[3.932895]
[4.1031127]
[4.1026974]
[4.1467614]
[4.034613]
[3.6802423]
[3.9036536]
[4.2148485]
[3.7151523]
[4.2264595]
[3.7576976]
[3.8347697]
[3.9435759]
[3.7499309]
[4.047926]
[3.755438]
[3.6465473]
[3.7650275]
[3.6967478]
[3.766581]
[3.7906947]
[3.8258314]
[4.20585]
[3.7472632]
[3.8006868]
[3.4655569]
[4.0783434]
[3.9588144]
[3.5595937]
[4.2826533]
[3.802835]
[3.8207433]
[3.79885]
[3.840498]
[3.9003465]
[4.1552877]
[3.9070213]
[3.7935607]
[4.3234687]
[4.201126]
[3.8920403]
[4.246452]
[3.7127004]
[4.0253534]
[3.734888]
[4.17621]
[3.7985551]
[3.9024284]
[3.967064]
[3.6895826]
[3.9858553]
[4.3203373]
[4.006336]
[3.7241073]
[3.6581683]
[3.748575]
[3.6288307]
[4.0067077]
[4.3240447]
[4.4114985]
[4.014129]
[3.8825867]
[3.6556003]
[3.886028]
[4.141702]
[4.254673]
[3.7992187]
[3.7093866]
[3.7944758]
[3.6397638]
[3.99193]
[3.7211914]
[4.024348]
[3.9720702]
[3.8411627]
[3.7300565]
[3.7843213]
[4.032817]
[3.844779]
[3.8462574]
[4.1659813]
[3.956907]
[4.3771267]
[4.2008834]
[4.115544]
[3.919865]
[3.9234133]
[3.9573894]
[3.843028]
[3.7558424]
[3.6800256]
[3.617199]
[3.8431234]
[3.8199594]
[4.016815]
[3.7972581]
[3.8014898]
[3.87574]
[3.751991]
[3.8873134]
[3.9446933]
[3.8190608]
[3.5588033]
[4.2956305]
[4.2641816]
[3.5589526]
[4.2794895]
[3.819143]
[3.6866124]
[4.0279613]
[3.709765]
[4.081703]
[3.8930633]
[3.8957655]
[3.777558]
[3.7482412]
[3.7546139]
[3.8725772]
[3.3925998]
[3.825437]
[3.7902493]
[4.0404987]
[4.100931]
[3.9559336]
[3.67384]
[3.5943456]
[3.8483436]
[4.010447]
[3.8487432]
[3.7667298]
[4.042147]
[3.6764152]
[4.398503]
[3.693671]
[3.6441634]
[4.2153344]
[4.274861]
[3.5348423]
[4.2627525]
[3.901972]
[3.979249]
[3.5489419]
[3.7215269]
[4.0248117]
[3.88786]
[3.7217875]
[4.013984]
[3.7090592]
[3.9432707]
[3.9426997]
[3.8305287]
[4.372818]
[3.7184186]
[3.7291849]
[3.7917414]
[4.056424]
[4.244107]
[3.8644571]
[3.918811]
[3.7708542]
[3.8679533]
[4.1226683]
[4.2771583]
[3.8968785]
[3.989253]
[3.8385918]
[3.7937315]
[3.8282]
[3.7202587]
[3.7523146]
[3.8732367]
[3.9523075]
[3.9891427]
[4.173113]
[3.9300075]
[3.9682932]
[3.858072]
[4.096159]
[3.6670191]
[3.6446724]
[3.6091218]
[4.1170797]
[3.7993872]
[4.173038]
[3.8759928]
[4.237061]
[3.5875285]
[3.835362]
[4.0530334]
[3.7014692]
[4.3006544]
[3.7584116]
[4.119999]
[3.976]
[4.1432734]
[3.9724948]
[3.8690767]
[3.8411977]
[3.6782722]
[4.302587]
[3.7847297]
[3.9281585]
[3.61876]
[3.773082]
[3.6415503]
[3.6216505]
[4.146962]
[3.921242]
[3.67945]
[4.0893574]
[3.7456045]
[3.7199254]
[4.137134]
[3.9531996]
[3.9362524]
[4.117783]
[3.8018947]
[3.7371008]
[3.8975828]
[3.898148]
[3.9348125]
[3.7395146]
[3.8343647]
[3.7867866]
[3.543799]
[3.8417704]
[3.7918139]
[4.0890656]
[3.9002905]
[4.127923]
[3.9552743]
[4.0852027]
[3.7176661]
[3.7622187]
[4.196232]
[3.7296615]
[3.7023401]
[3.6284235]
[4.338423]
[3.7625928]
[4.035988]
[4.094236]
[3.9664147]
[4.1607146]
[3.8036814]
[3.8828685]
[3.7930386]
[3.721767]
[3.5903935]
[3.7793596]
[3.9316318]
[3.8053615]
[3.6330352]
[3.844613]
[3.8043313]
[4.134927]
[3.8894591]
[3.6681092]
[3.7415974]
[3.7958891]
[4.081179]
[3.7034955]
[3.9441764]
[3.8766637]
[3.8298697]
[3.8258739]
[3.8228867]
[3.79744]
[3.6748245]
[3.778601]
[3.8267689]
[4.020325]
[3.946282]
[4.110594]
[3.813914]
[3.7411397]
[3.790524]
[3.7959483]
[4.247946]
[3.6193352]
[3.7802148]
[3.797916]
[3.7790515]
[3.7135158]
[3.8825762]
[3.839472]
[4.0825305]
[3.9841962]
[3.7061236]
[3.8811378]
[3.6166425]
[4.1639514]
[4.206495]
[4.175677]
[3.8483682]
[4.066515]
[3.964899]
[4.1970563]
[4.1625686]
[4.3745975]
[4.016282]
[3.8285522]
[4.0727267]
[3.7380884]
[3.812543]
[4.2547207]
[4.120361]
[3.8404827]
[3.957506]
[3.8859136]
[4.2746034]
[3.8193502]
[3.7991722]
[3.8500688]
[3.8828368]
[3.611739]
[4.227548]
[4.04859]
[3.948958]
[3.6070836]
[3.962387]
[3.7941442]
[3.6301603]
[3.969263]
[3.9457762]
[3.7149825]
[3.556229]
[4.094447]
[3.6283877]
[3.7628498]
[3.71573]
[4.104512]
[3.7027526]
[3.8774605]
[4.0916467]
[4.235192]
[4.0489984]
[3.9623997]
[3.781992]
[3.8812404]
[3.921229]
[4.14579]
[3.603313]
[3.9813242]
[3.7708528]
[3.8798528]
[3.877668]
[3.5952554]
[4.1373296]
[3.9947977]
[3.8812752]
[3.722686]
[3.8596358]
[3.9058144]
[3.8631008]
[3.9152634]
[3.6740162]
[3.8919094]
[4.0521955]
[4.164198]
[4.0457487]
[3.6972976]
[3.9259524]
[3.8863676]
[3.8972797]
[3.8824944]
[3.79136]
[3.8896737]
[3.8740997]
[3.7616153]
[3.8995667]
[4.3401384]
[3.8428366]
[3.785116]
[3.6920757]
[3.9242442]
[4.030488]
[4.1290326]
[4.28473]
[3.813125]
[4.075539]
[3.9130528]
[3.6955636]
[4.003532]
[3.7857087]
[4.0576224]
[4.2589765]
[3.9138823]
[3.5455935]
[3.6608176]
[3.9687243]
[3.967509]
[3.8907015]
[3.844208]
[3.8356957]
[4.2421203]
[4.015234]
[4.0797386]
[4.385566]
[3.8318057]
[3.7132812]
[3.7710505]
[4.244613]
[4.249918]
[4.057295]
[3.5486944]
[3.6790562]
[4.148189]
[3.632215]
[3.7818718]
[3.8249118]
[4.368573]
[3.7605548]
[4.0376167]
[4.287836]
[3.7903697]
[4.0497994]
[3.459972]
[3.844234]
[3.8595774]
[3.8476765]
[3.6506155]
[3.9018912]
[3.9721622]
[4.0157723]
[3.9713788]
[3.706994]
[4.03883]
[3.8482685]
[3.8478587]
[3.6625865]
[3.967565]
[4.14544]
[4.034103]
[3.543538]
[3.9821467]
[3.7351542]
[4.1894975]
[4.262287]
[3.787739]
[3.7482526]
[4.252338]
[3.773859]
[3.7441483]
[3.7789874]
[3.8618283]
[4.1506414]
[3.6156967]
[3.8461094]
[4.210794]
[3.6585314]
[4.10471]
[3.781552]
[3.8093684]
[4.130292]
[3.742196]
[3.607085]
[3.6474333]
[3.7897737]
[3.8919613]
[3.8917553]
[3.9620023]
[4.2187753]
[3.8566823]
[3.9400103]
[3.8649054]
[3.9716961]
[3.8962474]
[3.8507419]
[3.7926407]
[3.842093]
[3.7418149]
[3.9625747]
[3.9179754]
[3.7928896]
[3.6676714]
[3.751329]
[3.822112]
[3.7002938]
[4.4182725]
