hanoi -0.140522 0.058649 -0.061031 0.100626 -0.062395 -0.024829 -0.062906 0.197434 0.050305 -0.026406 -0.197871 0.220129 -0.015727 -0.093700 0.010844 -0.083081 0.336901 -0.094523 0.067903 0.082822 -0.043193 0.131146 -0.050394 0.092189 -0.070290 -0.010173 -0.167649 -0.010269 -0.037478 -0.078645 0.131367 -0.020795 0.112259 -0.038710 -0.238213 0.002636 0.119528 -0.127425 -0.227306 -0.079300 0.124601 0.089258 0.071937 -0.023119 0.224680 0.252048 -0.013788 0.070741 0.118696 -0.071707 -0.104988 -0.098524 -0.090363 -0.159522 0.077056 0.069889 0.055196 -0.008300 0.185456 0.035165
tougher -0.063743 0.111006 0.022954 -0.083650 0.042542 -0.127951 -0.152861 0.185756 0.008863 0.047205 0.130311 0.009082 -0.076050 0.038317 0.039855 0.085427 0.054343 -0.074282 0.017815 0.012610 0.013483 -0.083659 -0.004922 0.168833 0.045829 -0.206892 -0.038839 -0.173013 0.114882 -0.192157 -0.017078 -0.243239 0.047297 0.105566 -0.100319 -0.164381 0.046553 0.012949 -0.059015 0.068468 0.092883 0.149585 0.060931 0.188904 -0.119561 -0.048713 -0.159343 0.130158 0.164696 -0.013029 -0.003393 -0.108065 -0.046381 0.070432 -0.079830 0.176314 -0.250127 0.246151 -0.042960 -0.233377
occasionally -0.049627 -0.028606 -0.165281 -0.048400 -0.089535 -0.070240 0.008655 -0.161211 0.195661 0.070355 -0.060016 0.033278 -0.263379 0.225804 0.099462 0.067394 -0.119115 -0.091969 -0.105784 0.110938 -0.108596 0.065460 0.100043 -0.047301 0.002431 -0.170271 -0.220084 -0.175788 -0.200329 -0.040399 0.088841 -0.040413 -0.014570 0.049207 -0.131970 0.210818 0.093986 0.069598 -0.034586 -0.084408 -0.332489 0.205146 0.143429 0.017322 -0.008278 0.019681 0.099882 0.140480 -0.021095 0.008906 -0.002332 0.063557 0.136568 -0.243169 0.020552 -0.068369 0.014322 -0.031694 0.080557 -0.059147
ukrainian 0.226788 -0.167731 -0.070367 0.146808 0.002385 0.115058 0.050682 -0.169917 -0.002931 -0.003522 -0.211557 -0.066160 0.039871 0.166225 -0.060760 0.173599 0.047030 0.061369 -0.088828 0.002682 0.079883 -0.167224 -0.135107 0.227082 -0.057634 0.206304 0.110819 0.136195 -0.000088 -0.092357 -0.113399 -0.192009 0.049921 0.041109 0.100354 0.065370 -0.008274 0.116712 -0.026954 -0.124772 -0.043979 0.020255 -0.081433 -0.210524 -0.061159 0.108500 -0.003915 0.085143 0.087396 0.049947 -0.107667 0.069618 -0.145297 -0.069658 0.267741 -0.013082 0.001750 -0.102427 -0.061138 -0.203014
occasional 0.021711 -0.075663 -0.211003 0.025605 -0.078065 -0.014066 0.083067 0.036314 0.109283 0.042790 0.042465 -0.015924 -0.189781 0.264925 0.041770 -0.179060 -0.041041 -0.105591 -0.026312 0.044561 -0.093225 -0.004693 -0.009719 0.024151 -0.096198 -0.208960 -0.186426 0.149178 -0.092070 -0.116367 0.079710 -0.027514 -0.126094 0.104182 0.134600 -0.011967 -0.005725 0.149579 0.021154 -0.088627 -0.233963 0.114396 0.045539 0.057167 -0.231148 0.080778 0.130635 0.269207 -0.028114 -0.070465 0.176903 0.059777 -0.084341 -0.218204 0.055458 -0.129908 -0.086360 -0.034221 -0.018728 -0.030658
norway 0.161084 0.172667 -0.027405 0.065101 -0.194301 0.032945 0.059070 0.101020 0.122165 -0.147762 0.020816 -0.228061 0.117455 -0.024366 -0.050944 -0.081407 0.019870 0.038481 -0.088912 -0.005513 0.274106 -0.047075 -0.080491 -0.044155 -0.009254 -0.095603 -0.046758 -0.075247 0.000715 0.060055 -0.119636 -0.022267 0.098920 -0.153825 -0.051980 -0.076525 -0.064285 -0.111608 -0.001664 -0.082835 -0.147780 -0.177213 -0.052021 -0.067684 -0.231611 0.136820 0.058662 -0.002025 0.059717 -0.137920 0.136924 0.049833 -0.167006 -0.217630 0.046255 0.108940 -0.204727 0.027701 -0.142319 0.036368
baghdad -0.124867 -0.024262 0.052599 -0.063871 -0.048819 -0.097124 -0.096311 -0.210430 -0.157148 -0.172665 0.092433 -0.131910 -0.054944 0.032608 -0.245483 0.054366 0.225359 -0.166773 0.104214 -0.015518 0.177591 -0.055317 -0.148571 0.036781 0.065631 -0.165597 -0.131359 0.085971 0.001387 -0.019058 0.052419 0.022868 0.052879 -0.086190 0.123012 0.105266 0.167523 -0.024112 0.049124 -0.046911 -0.008185 0.031174 0.219851 0.329807 -0.002643 0.027654 -0.071519 0.034202 0.154606 0.044168 0.122988 0.146691 0.146427 0.215079 0.008986 0.241615 0.095042 -0.055272 -0.062662 -0.073321
illinois -0.019418 0.084634 -0.198192 0.058760 0.192516 0.030019 -0.146950 -0.028802 -0.070672 -0.001443 0.131686 0.112414 -0.121121 0.229581 0.080616 0.149367 0.016942 -0.224388 -0.054295 -0.178029 0.014738 -0.004651 -0.001372 0.109919 0.112842 -0.053451 -0.005705 -0.144840 -0.074681 0.031788 0.088996 0.129322 -0.176215 -0.224712 0.185695 0.076608 0.272137 -0.059173 -0.087668 -0.118551 -0.153554 0.104088 -0.087067 0.010043 -0.019482 0.111615 -0.068773 -0.163165 -0.014603 0.092374 -0.040587 -0.099255 0.032638 0.006617 -0.077287 0.003435 0.043087 0.166759 -0.004873 0.071111
moving 0.126703 -0.139865 -0.042573 0.101971 0.000740 -0.027214 0.088228 -0.040983 0.063239 -0.194587 -0.079194 0.111828 0.021388 0.044300 0.176782 -0.013879 0.060687 0.037296 -0.023753 0.044638 -0.070906 -0.106836 0.060333 0.075269 -0.066806 0.074489 0.030341 0.102372 -0.063953 -0.105972 0.099683 0.167170 0.084108 -0.221137 -0.028458 0.064264 -0.202519 0.052470 -0.159360 0.034102 0.167936 0.043962 0.163243 0.223388 -0.007192 -0.321037 -0.088257 0.183326 -0.008053 0.229139 -0.174009 0.280833 -0.282297 0.035823 -0.000878 -0.018251 0.000416 0.170731 -0.209197 0.027105
loud -0.147722 0.016474 0.008349 0.039625 -0.035170 -0.102176 -0.047511 0.072037 -0.059822 -0.105129 0.019799 0.255485 -0.015592 0.115489 -0.203672 -0.101398 0.092055 -0.001526 0.038488 -0.066377 -0.009860 -0.083684 0.028605 -0.036263 -0.031631 0.020235 0.144411 0.113755 -0.089429 -0.022901 0.048102 0.211130 0.160084 0.119014 -0.095995 0.206128 0.037443 0.019992 0.038964 0.099055 -0.069735 0.052809 -0.055163 0.306128 0.136025 0.317115 -0.134270 0.088802 0.026174 -0.061017 0.157708 -0.057333 0.079028 -0.109818 -0.005973 0.148618 -0.017326 -0.043573 -0.224350 -0.036830
thai 0.054478 -0.039149 0.086234 0.002326 -0.013751 0.135134 0.095978 -0.010503 0.017106 0.084449 0.101063 0.184029 -0.043225 -0.147660 -0.119654 0.128018 0.077672 -0.013372 -0.182640 0.130102 0.001274 -0.110712 -0.085741 -0.024098 0.089497 -0.095552 -0.011808 -0.095698 -0.120255 -0.029012 0.272192 0.058990 -0.148067 -0.000679 0.016754 -0.002379 0.203105 0.103014 0.082209 0.044309 -0.060172 0.199059 0.097369 0.101502 -0.099211 -0.104817 0.052684 -0.073981 -0.294880 -0.169331 -0.181143 0.069049 -0.166450 -0.174905 0.024816 0.044862 -0.031568 0.112859 -0.081903 0.026150
croatian 0.063909 -0.035764 -0.060738 0.015497 0.163131 0.183690 -0.062729 -0.002066 0.046268 0.245742 -0.092296 0.150255 -0.046404 -0.054854 -0.034833 0.009687 -0.043224 0.011713 -0.203944 0.040105 0.008289 -0.061351 0.017458 0.211889 -0.253854 -0.181279 -0.008412 -0.036549 0.047047 0.129865 -0.105031 0.105926 0.103430 -0.145600 0.090633 -0.124325 -0.035988 -0.215190 -0.010513 -0.261745 0.074790 0.091348 -0.199918 0.245205 0.082911 -0.108839 0.082899 0.167748 -0.036453 -0.186582 0.049236 0.137540 0.027575 -0.069630 -0.069065 0.170598 0.123478 0.096998 -0.098589 0.172998
argentina -0.005161 0.055775 0.064913 -0.100380 0.075283 -0.154646 -0.032716 0.120618 0.039366 -0.042947 0.012527 -0.004274 -0.106309 -0.138716 0.069573 0.088137 -0.101443 -0.145830 -0.073951 -0.077989 -0.117598 -0.367247 -0.028017 -0.120573 -0.103920 -0.153598 0.101883 -0.077663 -0.028487 -0.004859 0.118209 -0.024717 -0.072415 -0.175489 0.095684 -0.067224 -0.097543 -0.128993 -0.006849 0.125017 0.022635 -0.010819 -0.036890 -0.023443 0.230241 0.090808 0.113021 0.071311 0.046852 -0.047030 -0.180512 0.250317 -0.073444 -0.010841 0.057135 0.153666 -0.035944 -0.250905 0.031411 -0.065523
vietnam -0.106734 0.000831 -0.051932 0.122224 -0.177908 -0.081728 -0.028695 -0.036332 0.060765 -0.096436 -0.213640 0.056434 -0.145375 0.012590 0.164686 -0.030923 0.338751 -0.088380 0.063964 -0.034866 -0.054566 0.105635 -0.160092 -0.032985 -0.151391 0.025808 -0.115133 0.005819 0.247313 -0.001038 0.116744 -0.041251 0.187793 -0.124575 -0.106739 0.111535 -0.058676 -0.011962 -0.234164 0.157243 -0.090921 0.137420 -0.082912 0.087818 0.251497 0.088994 -0.078828 -0.118557 0.104093 -0.025755 -0.101218 -0.187807 0.015857 -0.199932 0.182426 0.028342 -0.006142 0.175415 0.134476 0.137177
norwegian 0.233003 0.202362 -0.014273 0.093842 -0.048603 -0.057097 0.232526 -0.045860 0.109640 -0.253902 0.009879 0.034435 0.053130 -0.148287 -0.068940 -0.127266 -0.007689 0.105659 -0.024401 0.064920 0.214933 0.098062 -0.218167 0.038456 -0.047553 -0.051734 -0.174867 -0.010496 0.035527 -0.070140 -0.236658 -0.133170 0.006230 -0.108034 -0.144356 -0.145474 0.058461 -0.131677 -0.177594 -0.046860 -0.131183 -0.127619 0.019965 -0.023296 -0.263653 0.030493 0.053130 -0.068331 0.075814 -0.003870 0.008050 -0.025129 -0.204942 -0.221515 0.054343 0.036488 -0.307422 0.102211 -0.107010 -0.033714
professionally -0.105738 0.096256 -0.013986 -0.142721 0.275250 0.090213 0.086235 -0.031912 0.014893 0.040921 0.112343 -0.108652 -0.068432 0.054668 -0.137708 0.052134 0.101550 0.035090 0.158010 -0.086295 -0.071467 -0.001462 0.034086 0.097945 0.190927 -0.039517 -0.010465 0.061318 0.118484 0.005037 -0.027926 -0.071303 -0.192286 -0.011864 -0.017131 0.151315 0.133588 0.167011 -0.161509 -0.017540 -0.150215 -0.135343 -0.056967 0.130585 -0.034129 0.110391 0.209120 0.153942 0.103544 -0.215432 0.170583 0.053737 -0.198512 -0.158958 0.086015 0.021442 0.063242 -0.005190 -0.088514 0.035825
argentinean -0.020310 -0.213276 0.052673 -0.056128 0.034701 -0.058297 -0.066709 0.183979 0.033402 -0.079182 0.065555 0.084665 -0.114847 -0.069680 -0.131362 0.172482 0.129755 -0.242956 -0.129975 -0.080769 -0.013022 -0.119406 -0.118037 -0.102989 -0.070278 0.002165 0.115669 -0.212182 -0.064147 0.036324 0.055206 0.099990 -0.085357 -0.038613 0.081668 0.004562 -0.064795 -0.133454 0.083134 0.183465 0.043557 0.010915 0.102319 0.015864 0.124449 0.117459 0.037993 -0.046068 0.104485 0.105714 -0.140438 0.136270 -0.341249 0.116611 0.214375 0.200592 0.085068 -0.235045 -0.017938 0.024072
louder -0.082417 -0.049865 -0.139719 0.258741 -0.012421 -0.175214 0.048092 -0.031490 -0.213075 0.038048 0.021897 0.135039 -0.095660 0.140611 -0.160036 0.044016 0.065562 0.043404 -0.048618 -0.160350 -0.098587 -0.065954 -0.018025 -0.052658 -0.060666 0.131007 -0.040649 0.174561 0.050288 0.013708 0.141212 0.055850 0.092336 0.056883 -0.063421 -0.015024 0.141833 0.042506 -0.006882 0.155057 -0.083605 0.050335 -0.122146 0.182059 0.240737 0.308110 -0.074944 -0.077454 0.060563 -0.121465 -0.013693 -0.008230 0.009323 0.057115 0.196432 0.045906 0.008348 0.006521 -0.164518 -0.215255
chicago 0.134064 0.130782 -0.120245 0.114209 0.266862 0.003690 -0.160223 -0.053955 -0.068707 0.129697 -0.049067 0.090224 0.115965 0.130333 0.048124 0.075007 0.110148 -0.175979 -0.002324 -0.052187 -0.032314 -0.156857 0.117928 -0.000668 0.044967 -0.206092 -0.078273 -0.045543 -0.261682 -0.162164 0.167639 0.213422 -0.022079 0.007348 0.230376 -0.058549 0.212212 0.090861 -0.125369 -0.017690 -0.141689 0.032035 0.052248 -0.089607 0.190578 0.052805 0.243392 -0.040870 0.143920 0.147229 0.046633 -0.240774 0.132705 -0.156418 0.057723 -0.052028 -0.142594 0.135844 -0.182152 -0.140576
move 0.140280 0.092652 -0.104584 0.064938 -0.089219 0.011068 0.022518 0.125746 0.104128 -0.095941 -0.118826 0.082277 0.091177 0.102963 -0.056339 0.133514 0.005285 0.004802 0.007271 0.051079 -0.088921 -0.076954 0.054436 0.058076 -0.097716 0.001663 0.006007 0.113675 0.040434 0.051213 0.047199 0.148434 -0.038781 -0.228947 -0.032596 0.075135 -0.068084 0.053832 -0.138799 -0.109986 -0.062399 -0.006154 0.069117 0.084946 0.039374 -0.158349 -0.068507 0.281405 -0.165549 -0.099776 -0.068237 0.061701 -0.256074 -0.036537 0.091674 0.004598 -0.010924 -0.003587 -0.149428 0.038470
thailand 0.076571 -0.108093 0.070001 0.015160 -0.082090 0.145484 0.157963 0.018371 0.061397 0.017269 0.204283 0.197978 0.133140 0.044740 0.052306 0.221911 0.102048 -0.131233 -0.206582 0.011100 -0.015305 -0.091236 -0.172397 0.141786 0.087899 0.019065 -0.055390 0.021662 -0.082464 0.025295 0.006985 -0.008451 0.002946 0.094315 0.085721 -0.060696 0.169944 -0.243415 -0.018780 0.019802 0.029454 0.097543 0.088131 0.113339 -0.089805 0.077144 0.157836 -0.077747 -0.262116 -0.143940 -0.242400 0.027008 -0.163353 -0.097305 0.091691 -0.046120 -0.073470 0.119947 -0.055474 0.017379
ukraine 0.095860 -0.125006 0.026796 0.009423 -0.091570 0.187558 0.097318 -0.118301 0.062274 -0.165473 -0.034672 -0.089711 0.030389 0.078198 -0.054399 0.115666 0.200754 0.025340 -0.251084 -0.151752 0.173692 -0.067543 0.080921 -0.019025 -0.027460 0.120793 0.167923 0.182042 0.120759 -0.263020 -0.127457 -0.256921 -0.046633 -0.117387 -0.012944 0.003482 -0.046359 0.070678 -0.099694 -0.042244 0.088766 0.085929 -0.114327 -0.085792 -0.002366 0.217955 -0.120432 0.038144 0.092421 -0.085042 -0.036330 -0.051923 0.031393 -0.013752 0.273444 -0.005535 -0.036818 -0.127397 -0.078029 -0.202032
plano 0.159973 0.131439 -0.007007 0.133309 0.132831 -0.197381 -0.140823 -0.071279 -0.095488 -0.057916 -0.028843 -0.130039 -0.146554 -0.166430 -0.019458 -0.057386 0.065613 -0.024723 -0.003055 -0.112293 0.079573 -0.018088 0.181487 -0.179104 -0.041616 -0.051910 0.024838 -0.038820 -0.065784 0.076454 -0.166279 0.032038 -0.017999 0.036616 0.044819 0.154207 0.110869 -0.092383 0.212269 0.064910 0.100177 0.124767 -0.104241 0.099253 -0.153787 0.300112 0.134379 0.180370 0.037377 0.138438 -0.217478 -0.024257 -0.069039 -0.152595 -0.013797 -0.115817 0.109595 0.076323 -0.257505 -0.107435
texas 0.222793 0.126005 0.014806 -0.004287 0.036318 -0.151820 -0.140383 0.090063 -0.059003 0.123426 -0.023763 0.002113 -0.102067 -0.239172 -0.032046 0.050386 -0.095879 -0.114530 -0.059417 -0.106453 0.037103 -0.095495 0.040097 -0.023749 0.193052 0.121944 -0.163267 -0.045576 -0.064766 0.025974 -0.183890 0.054767 0.001574 -0.288159 0.037653 0.058222 -0.030983 0.013598 0.164214 -0.019437 0.107024 0.179137 -0.259636 0.227943 -0.083185 0.103548 -0.047012 0.096812 0.027328 0.107885 -0.048541 0.009886 -0.013984 -0.275346 -0.165537 -0.125460 0.055633 -0.133670 -0.132032 -0.049406
tough -0.034607 0.150286 -0.034778 -0.117174 0.061342 0.049388 0.036672 0.084347 -0.042215 -0.056432 -0.033034 -0.048589 -0.132201 -0.024855 -0.248786 -0.095040 0.146405 0.008266 -0.171070 0.030455 -0.197501 0.015460 -0.266352 0.184143 0.064743 -0.045287 0.003588 -0.179023 0.038420 -0.120978 -0.026750 -0.222589 0.028105 -0.017533 -0.158741 -0.122088 -0.058019 0.173339 -0.084249 0.042125 0.055284 0.196934 0.103390 0.060381 -0.030905 0.028319 0.169387 -0.020796 0.229055 0.025406 -0.026932 0.015606 0.104184 -0.003271 -0.088198 0.155482 -0.069940 0.250507 0.038496 -0.219026
flying 0.154732 0.080117 0.107497 -0.061639 0.032809 -0.045647 -0.087386 -0.217140 0.125826 -0.037896 0.251229 0.066404 -0.076939 -0.064165 0.108204 0.100260 -0.035162 0.077474 -0.035326 -0.123792 -0.246951 0.047721 -0.091042 0.116504 0.134400 -0.066918 0.144136 0.162100 0.029773 0.042334 0.183017 -0.036397 0.182730 -0.103517 0.103055 0.109747 -0.028273 0.059883 0.181034 -0.044972 0.068045 -0.027290 0.148961 0.001334 -0.042934 -0.102151 -0.147309 0.089179 0.286943 -0.232566 -0.014540 -0.057636 0.063589 -0.162331 0.060474 -0.087330 0.203355 0.015607 -0.158106 0.072989
iraq -0.130305 -0.065157 0.026902 -0.018976 0.033657 -0.096820 0.097740 -0.097264 0.128883 -0.068785 -0.035776 -0.017476 -0.080545 0.038390 -0.216980 -0.023938 -0.145703 -0.106095 -0.031107 -0.029551 0.272448 -0.047037 -0.057779 -0.141216 0.039861 -0.099679 0.130305 -0.082903 -0.005340 -0.062003 0.294663 0.074981 0.042714 -0.072079 0.061516 0.105908 -0.050032 -0.062058 0.073634 -0.068836 -0.045762 0.033889 0.089806 0.258147 0.031965 -0.077123 -0.144750 0.050999 0.231227 -0.060927 -0.067492 0.169047 0.075378 0.117741 0.102604 0.090787 0.000300 0.112605 -0.128344 0.059126
professional 0.032277 0.022094 -0.072622 -0.058161 0.302237 0.028058 0.009342 -0.108724 -0.172018 -0.082655 0.081829 -0.154551 -0.168245 -0.051026 -0.170148 0.091195 0.013473 0.064837 -0.084463 -0.108187 -0.031293 0.012439 -0.111866 0.025449 0.128682 -0.100499 0.140420 0.081480 0.059482 -0.212687 0.035836 -0.088145 -0.113911 -0.002261 0.007566 0.020121 0.108268 0.263215 0.000485 0.049613 -0.090466 0.073250 0.091675 0.072609 0.068931 0.067156 0.075799 0.116172 -0.042690 -0.102546 0.148608 0.137310 -0.037623 -0.185041 0.088857 0.015487 0.167564 0.122862 0.118273 -0.017997
fly 0.159931 0.088829 0.062749 -0.000104 -0.111945 -0.039190 -0.083917 -0.094206 0.018935 -0.128473 0.138552 0.041575 -0.093712 -0.146030 0.100870 0.059106 -0.020483 0.007986 0.000565 -0.123354 -0.203092 -0.046073 -0.207150 0.220550 -0.007591 0.150169 0.090123 0.116288 -0.130905 -0.005695 -0.073350 -0.058866 0.028330 -0.111521 0.129883 0.030513 0.200417 0.051692 0.010756 -0.049909 -0.008891 -0.065595 0.116770 0.033635 0.005694 -0.118176 -0.054518 -0.077124 0.351466 -0.276075 0.007885 0.041957 0.005698 -0.141759 0.059886 -0.080160 -0.099509 -0.202371 -0.069274 0.137031
danish -0.050887 -0.331006 -0.011013 -0.092636 -0.065156 -0.073117 0.014477 -0.011483 0.090985 0.263115 -0.177572 0.066349 -0.002517 0.077405 -0.058307 -0.038940 -0.041874 -0.113523 -0.038041 -0.043032 -0.082770 -0.047279 -0.100533 -0.060757 0.123500 -0.224786 0.156110 0.067917 -0.063413 0.130016 -0.079868 -0.223913 0.138972 -0.177709 -0.226584 -0.046526 0.160030 -0.019184 0.070206 -0.078899 0.112063 -0.083872 -0.006438 -0.037478 -0.023751 0.064763 -0.043875 -0.024670 -0.067792 -0.063782 -0.028587 0.146538 -0.125864 -0.012609 0.127764 0.205903 0.148686 0.066627 -0.166814 0.029443
denmark 0.061130 -0.114692 -0.037296 -0.096305 -0.090624 -0.022104 0.006284 -0.021663 0.098065 0.293602 -0.083682 -0.047865 -0.137435 0.254838 -0.022695 -0.056007 0.086524 0.046454 0.041182 -0.322864 0.019049 -0.069636 -0.051229 0.002651 0.182050 -0.067770 0.091990 0.025089 -0.019902 0.086496 -0.086358 -0.034036 0.211034 -0.167201 -0.166599 -0.124217 0.058225 -0.070023 0.079759 -0.003787 0.031185 0.010630 -0.020632 0.020623 -0.086108 0.081375 -0.070174 0.020174 0.065416 -0.123083 0.058229 -0.068877 -0.187811 -0.035612 -0.173087 0.132426 0.168520 0.025704 -0.086965 -0.134488
croatia 0.116817 -0.088936 -0.026176 0.049544 0.042326 0.110974 -0.110445 0.048161 -0.124509 0.068029 0.096640 0.025145 -0.057711 -0.001197 0.046764 0.058577 0.029103 0.126857 -0.021976 -0.084478 0.010567 0.011448 0.087197 0.071343 -0.247378 -0.199537 -0.012510 -0.006346 -0.107877 -0.042755 -0.083064 0.005720 0.250739 -0.254381 0.230935 0.040416 -0.032443 0.020794 0.061169 -0.080088 -0.010207 0.042997 -0.094525 0.258795 0.023292 0.075820 0.105553 0.086977 0.079874 -0.114154 0.014522 0.149556 0.151294 0.032720 0.000873 0.083134 0.053328 0.128093 -0.082159 0.036438
