move 0.427976 0.164716 -0.268864 -0.009636 -0.177818 -0.060267 0.073864 -0.003203 0.192632 0.052098 0.089583 0.112299 -0.296938 0.167094 -0.608850
tougher 0.113623 -0.141494 0.283637 -0.177001 -0.234972 0.352185 -0.056410 0.062048 -0.282994 -0.029280 0.121764 -0.211890 0.175476 -0.115995 -0.255424
occasionally -0.069908 0.248520 0.094065 -0.009847 0.050717 -0.006168 -0.102316 -0.072717 0.233090 -0.024602 -0.092626 0.124611 -0.211683 0.366795 -0.181182
argentina 0.182841 0.004448 0.036667 -0.153754 -0.102844 0.092272 0.092314 0.139882 -0.129187 0.149257 -0.130650 0.122290 0.126472 0.096468 0.021261
danish -0.068399 0.080597 -0.090508 0.137316 0.190934 -0.016661 -0.188525 -0.176085 -0.116836 -0.077102 -0.267193 0.112679 -0.180499 0.140889 -0.247659
fly 0.098240 0.193740 -0.287269 -0.097693 -0.043641 -0.162163 0.177893 0.037223 0.114941 -0.197345 0.002547 0.235074 -0.345549 0.304525 -0.443378
louder 0.116363 -0.106002 0.123110 -0.100372 -0.150655 0.345848 0.042255 0.032309 -0.160916 0.032743 0.299572 -0.339442 0.155385 -0.195184 -0.129741
loud -0.128449 0.019148 0.074432 -0.152705 0.170756 -0.060816 0.367799 -0.022513 0.073287 -0.092467 0.351625 -0.145225 0.099064 0.079400 0.035851
norway 0.134596 0.143942 -0.015717 -0.243350 -0.201885 0.059507 0.012865 0.116124 -0.035523 0.131423 -0.072860 0.187759 0.187881 0.158339 -0.150438
ukraine -0.132971 0.009395 0.017503 -0.272784 -0.156202 -0.029673 0.096174 0.093859 -0.086226 0.006615 -0.067264 0.135078 0.127362 0.199748 -0.013278
professional 0.009231 0.004357 0.064613 -0.044510 -0.185012 -0.057761 -0.081942 0.012080 0.072428 0.195412 0.173850 -0.055886 -0.259114 -0.156049 -0.076845
moving -0.061857 -0.003242 0.300461 -0.019043 -0.394507 0.147847 -0.040884 -0.181157 -0.309011 -0.098711 -0.147807 0.144243 0.123924 0.212013 -0.188082
tough -0.150490 -0.020157 0.158242 -0.207519 0.079844 -0.086059 0.154706 -0.000493 -0.036612 -0.223637 0.248980 -0.047238 0.055988 0.086526 -0.008835
flying -0.269453 0.005606 0.280958 -0.086056 -0.263875 -0.051442 0.033527 -0.158237 -0.285448 -0.271441 -0.199407 0.200854 0.028823 0.381850 -0.061474
professionally -0.216140 0.217429 0.119898 -0.039320 0.127636 0.000042 -0.107084 -0.263511 0.237464 0.062044 -0.170733 0.186310 -0.291212 0.422706 -0.131870
norwegian -0.010899 0.031673 -0.011604 0.072827 0.026578 0.063055 -0.154034 -0.145866 -0.043627 -0.024312 -0.158589 -0.033292 -0.007151 0.015422 -0.201866
argentinean -0.019793 -0.061334 0.006725 0.163002 0.125119 0.009687 -0.076504 -0.164210 -0.168678 0.009477 -0.148241 -0.047509 -0.043678 -0.067601 -0.092404
ukrainian -0.250872 -0.154821 0.027019 0.011108 0.091808 -0.068086 -0.082449 -0.210547 -0.170302 -0.146509 -0.177103 -0.086717 -0.023870 0.025664 -0.047599
occasional 0.052332 0.054872 -0.016882 -0.065047 -0.194204 -0.081658 -0.092225 0.107798 0.093433 0.063681 0.253428 -0.060453 -0.133422 -0.117699 -0.090942
denmark -0.003749 0.147888 -0.067343 -0.182543 -0.022782 -0.001131 0.008731 0.056614 -0.042761 0.114734 -0.159610 0.316352 -0.019064 0.257833 -0.165764
