move -0.241192 0.119847 0.221469 0.259761 -0.103598 0.291767 0.091577 0.360805 -0.168462 0.083388 0.070656 -0.010962 0.019175 0.208283 -0.190839
tougher 0.075199 -0.051633 0.110123 0.211794 0.055669 -0.122001 0.273899 -0.017624 -0.292552 0.101357 -0.145896 0.112271 -0.117525 -0.096729 0.263606
occasionally -0.185698 0.287581 -0.044706 -0.032095 0.153409 -0.036944 -0.028736 -0.112073 0.196722 -0.112163 -0.203689 0.155553 0.007071 0.039995 -0.027493
argentina -0.130141 0.051161 0.045888 -0.177357 -0.112774 -0.110966 -0.135730 -0.083210 -0.117015 0.050141 -0.157726 -0.325188 0.007049 -0.103205 0.013635
danish -0.072032 -0.009697 -0.194363 -0.192734 0.051864 -0.085267 0.012810 0.365685 0.168343 0.021247 0.076956 0.069812 -0.201127 0.034472 0.143235
fly -0.095158 -0.139852 0.460324 0.101814 0.104750 0.040040 -0.094370 0.288637 0.128205 0.104352 0.005584 -0.057775 -0.033011 0.094732 -0.173429
louder 0.128429 0.056777 -0.006760 0.271176 0.156263 0.128999 -0.026377 -0.064858 -0.111726 0.099135 0.065930 0.000406 -0.151028 -0.209201 0.330235
loud 0.335411 0.187354 -0.006946 0.068406 0.230696 0.092077 0.063711 -0.011733 0.042227 -0.068524 0.044249 -0.272779 0.254229 -0.011210 0.110804
norway -0.113458 -0.104577 0.131674 -0.193002 -0.125806 0.164519 -0.037267 -0.033298 -0.168767 -0.297215 -0.088900 -0.189706 0.045447 -0.194009 0.033933
ukraine 0.067036 -0.110411 0.047242 0.126179 -0.229527 -0.108877 -0.135069 -0.012040 -0.042737 -0.171823 -0.154352 -0.057379 0.258463 -0.216385 -0.030797
professional 0.289515 0.030940 -0.131643 -0.023135 -0.053124 0.044939 -0.039295 -0.153485 -0.087208 0.020315 0.101531 0.127876 -0.297485 -0.087710 -0.385344
moving -0.094955 -0.210739 -0.092723 0.169425 -0.053816 0.077200 0.056788 -0.203591 -0.001359 -0.097440 -0.065343 -0.103886 -0.054513 0.278751 0.028742
tough 0.238106 0.081844 0.091580 -0.108595 0.086980 -0.067916 0.442372 -0.054308 0.103683 0.067570 0.032634 -0.053112 0.236464 -0.057096 -0.003645
flying -0.106723 -0.209520 0.102111 0.054959 -0.076459 -0.058799 0.044312 -0.319122 0.315381 -0.082001 0.073125 -0.095814 -0.042126 0.146358 -0.017783
professionally 0.131312 0.315725 0.044955 -0.147780 -0.029611 -0.116079 -0.148269 -0.140713 0.071160 -0.249629 -0.096281 0.189304 -0.151836 0.175719 0.041207
norwegian -0.051480 -0.050414 -0.117402 -0.206359 0.086982 0.051454 -0.077852 0.076451 -0.140589 -0.019647 0.105806 0.217428 0.095957 0.080230 0.156506
argentinean -0.013150 0.037447 -0.200581 -0.158122 0.035715 -0.126488 -0.136865 0.066844 -0.055468 0.315079 0.148221 0.050166 0.005573 0.126872 0.102948
ukrainian -0.010361 -0.019550 -0.178833 0.013803 0.019867 -0.261413 -0.053496 0.088577 -0.031762 -0.011415 0.301528 0.225763 0.090543 -0.068353 0.038249
occasional 0.163921 -0.068708 -0.146520 0.031254 0.100798 0.122593 -0.040749 -0.068035 0.017409 0.104528 -0.074504 0.134679 -0.005642 -0.150215 -0.372333
denmark 0.043275 0.023557 0.006626 -0.152760 -0.320530 0.039235 -0.022069 0.161015 0.098509 -0.012620 -0.203087 -0.183793 -0.071848 -0.146799 0.062648
