fly -0.081690 0.092478 -0.265038 -0.086544 0.033834 -0.011359 0.129450 -0.273821 0.057576 -0.072238 0.020466 -0.329031 -0.036729 0.051545 0.056018
loud -0.252037 -0.034732 -0.017311 0.039757 0.126654 0.169967 -0.097985 0.037479 -0.028207 -0.097822 0.175775 0.033215 -0.056010 -0.248179 -0.184559
tough -0.281924 0.016525 0.024228 -0.121646 -0.031343 0.088274 -0.021939 0.122537 -0.029150 0.106491 0.152810 -0.069790 -0.028045 -0.190220 -0.169512
occasionally 0.071132 0.059385 0.131039 0.224039 -0.150039 0.002449 0.145821 0.012040 0.103537 0.044709 -0.072067 -0.100686 0.193933 -0.037121 -0.204264
moving 0.074448 -0.117132 -0.127089 -0.029521 -0.082691 -0.058982 0.141959 0.269060 -0.009446 -0.118748 -0.312493 -0.014932 -0.083591 -0.098877 -0.036267
professionally -0.039752 -0.026731 0.156672 0.177141 -0.248652 -0.088139 0.022656 -0.202096 0.066932 0.092806 -0.033975 0.043080 0.194051 -0.152319 -0.152147
professional 0.053544 -0.177221 0.160387 0.021000 -0.215985 -0.166797 -0.067726 0.009897 -0.044516 0.013287 0.297508 0.036600 -0.142835 -0.231474 0.260498
norwegian 0.147348 0.195373 -0.070347 0.064432 -0.050699 0.124614 0.089315 -0.081776 -0.173076 -0.003965 0.197643 0.159495 -0.010826 0.133224 0.000378
tougher 0.059211 0.190557 -0.140201 -0.047959 -0.111984 -0.120568 -0.316268 0.201117 -0.130270 0.209141 0.062653 -0.118442 0.101956 0.058437 -0.042347
ukraine -0.111984 0.064376 0.196473 0.030738 -0.008246 0.108182 -0.041023 0.116906 0.051453 0.116796 -0.055545 -0.007097 -0.204469 0.193512 0.052928
move -0.070988 -0.035126 -0.444853 0.171054 0.136330 -0.088974 0.121157 -0.100871 -0.077133 0.120521 -0.025826 -0.109490 -0.059401 -0.034215 0.104738
occasional 0.114691 -0.141105 0.157846 0.089096 -0.027946 -0.051280 0.075020 0.066619 0.005300 -0.026587 0.216190 -0.186583 -0.033659 -0.119830 0.224633
ukrainian 0.042070 -0.081053 0.077923 0.133712 -0.066275 -0.012635 -0.050351 -0.125063 -0.234062 0.006149 0.090172 0.083130 -0.022509 0.372799 -0.055062
flying -0.048265 -0.116733 -0.026389 -0.175923 -0.158695 0.005632 0.091581 0.045728 0.052320 -0.291665 -0.171804 -0.108604 -0.093132 0.007063 -0.117313
danish 0.098337 0.115884 0.032174 -0.027972 0.024998 -0.145190 0.070589 -0.144644 -0.127919 -0.222166 0.107987 0.109480 0.176213 0.187345 -0.078425
norway -0.036577 0.183920 0.053294 -0.104465 0.022708 0.165665 -0.022137 0.091688 0.088946 0.007047 -0.176485 0.134980 -0.059251 -0.042816 0.224686
argentina 0.097271 -0.009783 0.019631 -0.131866 0.222930 0.116089 -0.032661 -0.066407 0.316495 0.164780 -0.126630 0.137118 -0.054305 -0.001036 0.018734
louder 0.104624 0.131819 -0.090732 0.158454 0.049571 -0.077604 -0.447445 0.147669 -0.013282 -0.046052 0.067694 0.041507 -0.037950 0.028097 -0.172475
argentinean 0.178900 -0.152262 0.009997 -0.057349 0.093720 -0.042807 -0.014854 -0.156313 -0.081329 0.132063 0.107808 0.147134 0.105887 0.200233 -0.165504
denmark -0.026012 0.237352 0.106955 -0.117883 0.088972 -0.069385 0.079226 0.015623 0.248840 -0.086409 -0.086864 0.096622 -0.120625 0.085497 0.124083
