fly -0.387950 0.104570 -0.184193 0.320402 0.116053 0.086092 -0.029811 -0.111310 -0.092644 -0.033079 -0.199088 0.014112 0.072980 0.033656 0.078681
loud 0.187384 0.029829 0.074301 0.157319 -0.119689 -0.223172 0.107282 -0.269567 0.054016 0.015146 -0.104870 -0.110524 -0.195550 -0.153158 0.079803
tough 0.025461 0.144266 -0.080117 0.046938 0.003442 -0.216997 0.110914 -0.132084 -0.113268 0.004911 -0.068944 -0.133515 -0.223353 -0.143345 0.076228
occasionally 0.126378 0.058111 -0.108759 0.016249 0.242167 0.158872 -0.030476 -0.214680 0.069135 0.087407 0.226759 0.211419 -0.109241 -0.021601 -0.105103
moving -0.292719 0.058421 -0.049015 0.170910 -0.089886 0.033891 -0.155430 -0.003363 -0.060274 0.001989 0.089280 0.249259 -0.116715 -0.209015 0.118015
professionally 0.180270 0.190067 -0.006048 -0.005927 0.268953 0.142899 0.024176 -0.204743 0.184954 -0.008240 0.230332 0.215231 0.049447 -0.070591 -0.068735
professional 0.069226 0.165176 0.200256 -0.189770 0.000736 0.180792 0.229115 0.011075 -0.069674 -0.182228 0.149545 0.065741 0.306769 -0.092762 -0.114552
norwegian -0.123224 -0.206528 -0.049807 0.112902 0.065008 0.132353 -0.051612 0.110533 -0.025394 -0.157998 -0.023852 -0.053253 -0.052818 0.053399 0.193948
tougher -0.197336 0.034622 -0.061484 0.054706 0.216144 0.058359 0.078966 0.220114 -0.280110 0.201128 -0.052142 -0.106253 -0.130106 -0.083794 0.293700
ukraine 0.059418 0.005465 -0.221957 -0.259351 -0.019671 0.040421 -0.117636 -0.056475 -0.237667 0.137458 0.131130 -0.182865 0.111724 0.082955 -0.100461
move -0.322918 -0.047354 -0.099119 0.320378 -0.036219 0.225068 0.042181 -0.041996 -0.011303 0.121149 -0.200058 0.022480 0.047105 -0.212553 0.037855
occasional -0.042054 0.069946 -0.024516 -0.181039 0.068634 0.162127 0.163359 -0.024014 -0.142482 -0.157341 0.078674 -0.005456 0.245355 -0.045436 -0.085984
ukrainian -0.098337 -0.148779 -0.026048 -0.191562 0.231028 0.179646 -0.018535 0.018591 -0.039876 0.025300 0.163924 -0.234914 -0.082124 0.209193 -0.061458
flying -0.248427 0.147815 -0.035252 0.202357 0.054861 -0.038560 -0.186977 -0.115160 -0.036892 -0.105105 0.051732 0.141509 -0.090067 -0.004741 0.088022
danish -0.180123 -0.294744 0.052925 0.211782 0.217564 -0.000761 -0.043027 -0.002983 0.086767 -0.156656 0.055117 0.062936 -0.117143 0.114738 0.206040
norway -0.011300 -0.034395 -0.164744 0.070524 -0.287933 -0.035149 -0.174814 -0.016667 -0.141555 -0.011164 0.041732 0.082714 0.131886 0.006670 0.114564
argentina 0.148975 0.046261 -0.019869 0.200850 -0.244250 -0.059492 -0.131289 -0.098418 0.168473 0.141616 0.021665 0.239549 0.207104 0.106518 0.025868
louder -0.047546 0.005915 0.103875 0.162390 0.105350 -0.079806 0.088361 0.089234 -0.044826 0.282807 -0.009312 0.000591 -0.142713 -0.043522 0.285623
argentinean -0.041895 -0.098295 0.139085 0.164189 0.107683 0.057412 -0.003784 0.019674 0.274812 -0.026682 0.040320 0.111407 -0.070085 0.170248 0.127949
denmark -0.045359 -0.152467 -0.124323 0.151280 -0.074717 -0.102392 -0.146775 -0.084755 -0.107444 0.006504 0.059222 0.157586 0.203844 0.042413 0.098585
