hanoi -0.455930 -0.363946 -0.283324 0.104598 -0.176774 0.192970 0.412302 -0.190265 -0.056859 -0.134457
tougher 0.186550 -0.105028 -0.015542 -0.115594 0.166174 0.330138 0.133122 0.060613 0.661170 0.057885
occasionally -0.282088 0.056135 -0.263293 -0.257475 0.373319 -0.157547 0.124278 0.484025 -0.191443 -0.077160
ukrainian -0.007499 0.303537 -0.467978 -0.041150 -0.048234 0.239225 0.201174 -0.016546 0.035905 0.092943
occasional -0.104808 0.138591 -0.345936 -0.196807 0.186373 0.082498 0.053801 0.305490 -0.089946 -0.028620
norway 0.147979 -0.006261 0.168802 -0.109522 -0.210201 0.484639 0.328926 0.199386 0.038369 -0.016593
baghdad -0.324258 0.020729 0.319957 -0.222166 -0.080124 0.320845 -0.105557 0.178184 0.232268 -0.150593
illinois -0.309369 -0.220320 -0.103579 0.009337 0.330056 -0.040257 0.010442 0.174350 0.150175 0.336624
moving -0.195462 0.228636 0.167440 -0.210045 -0.365359 0.003442 0.399962 0.420608 -0.089851 0.107277
loud -0.383984 0.050236 -0.126816 -0.099300 0.184268 0.257507 -0.033763 -0.041854 0.123736 -0.270486
thai -0.003306 -0.367384 -0.270365 -0.162421 0.067636 0.414175 -0.302073 0.188171 -0.143083 0.496306
croatian -0.253512 0.353945 0.107399 0.372648 0.248032 0.182144 -0.023110 0.064305 0.168226 0.081061
argentina -0.295782 0.048236 -0.189992 0.277930 -0.283089 0.037341 -0.234305 0.366299 0.173632 0.113960
vietnam -0.485243 -0.209711 -0.012690 -0.055035 -0.070683 0.159784 0.285906 -0.140273 0.094952 0.025705
norwegian 0.281326 -0.018583 0.141582 -0.135735 -0.161503 0.512272 0.289132 0.244621 0.047635 0.154679
professionally -0.046662 -0.076489 -0.068527 -0.061704 0.146753 0.445301 0.193558 0.188921 -0.272172 -0.334621
argentinean -0.245140 -0.098897 -0.184211 0.227300 -0.252311 -0.047815 -0.240044 0.541727 0.173183 0.109824
louder -0.479186 0.088648 -0.171859 -0.101985 0.093846 0.255733 -0.132484 -0.101225 0.028669 -0.141709
chicago -0.404936 -0.100032 -0.123232 0.048336 0.270974 -0.077014 0.108957 0.087283 0.140235 0.281346
move -0.178006 0.125980 0.031889 -0.046854 -0.347368 -0.010196 0.217953 0.519937 -0.109047 0.203333
thailand -0.050092 -0.308584 -0.186531 -0.057927 -0.006933 0.443217 -0.327641 0.172716 -0.212329 0.531802
ukraine 0.026067 0.265578 -0.613874 0.014791 -0.006658 0.318486 0.338457 -0.267079 -0.047105 0.243959
plano -0.208356 0.448602 0.005752 -0.354904 0.072705 0.158517 0.030266 0.007481 0.300361 0.184422
texas -0.138023 0.499750 -0.038651 -0.403970 0.037252 0.180719 -0.134963 0.080313 0.336506 0.351064
tough 0.156138 -0.293021 -0.276290 -0.111485 -0.075787 0.327161 0.197749 0.015403 0.700701 -0.121867
flying -0.093747 0.013173 -0.017874 0.398471 0.462379 0.204046 0.226568 0.004493 0.069490 0.142411
iraq -0.199111 0.087995 0.179877 -0.144658 -0.031831 0.274774 -0.134162 0.250055 0.284517 -0.089751
professional -0.135075 -0.029669 -0.028893 -0.133148 0.280719 0.279596 0.147923 0.291634 -0.160883 -0.331097
fly -0.135929 0.042010 0.114723 0.488142 0.316581 0.103989 0.238252 0.208627 -0.011200 0.218623
danish -0.015539 0.119855 -0.211308 0.310098 -0.033310 0.250084 0.038166 0.206566 0.223690 -0.219871
denmark -0.125609 -0.018840 -0.175303 0.319683 -0.092175 0.348396 -0.061075 0.102694 0.247041 -0.277136
croatia -0.218778 0.345356 0.304560 0.193959 0.288419 0.265356 -0.022201 0.079718 0.040593 0.260333
