move -0.342512 -0.141710 -0.133764 0.087625 0.229356
tougher -0.117281 0.287498 0.083767 0.012324 -0.040835
occasionally 0.067714 -0.073588 0.172528 -0.027538 -0.134716
argentina 0.185982 0.038395 -0.070156 -0.061337 0.138329
danish -0.138595 -0.006421 -0.183522 -0.133926 -0.259701
fly -0.217516 -0.141292 -0.087379 0.080818 0.194583
louder -0.080660 0.299512 0.073436 0.072375 -0.091360
loud 0.029711 0.283082 0.195865 0.145344 0.058861
norway 0.203147 0.042397 -0.080352 0.013056 0.240892
ukraine 0.184591 0.086764 -0.041145 0.077251 0.138844
professional 0.130312 0.031674 0.046794 0.394944 -0.159893
moving 0.009777 -0.093201 0.161138 0.007097 0.081721
tough -0.009469 0.255234 0.177583 0.150699 0.010210
flying 0.078569 -0.118035 0.258872 0.024812 0.083800
professionally 0.152507 -0.055219 0.211709 -0.026134 -0.228075
norwegian -0.068396 0.069335 -0.108906 -0.082813 -0.236405
argentinean -0.114549 0.074317 -0.134828 -0.068287 -0.264984
ukrainian -0.068365 0.115982 -0.084982 0.002648 -0.311292
occasional 0.080283 0.037776 0.039301 0.383079 -0.066561
denmark 0.167014 0.024543 -0.120482 -0.015653 0.147307
