move -0.353154 0.330815 0.166792 -0.090694 -0.004370
tougher -0.087552 0.062417 -0.312606 0.105232 0.018771
occasionally 0.213610 -0.045730 0.096842 0.096212 -0.076748
argentina 0.175611 0.017495 -0.056028 -0.186115 0.203131
danish -0.108044 -0.142660 -0.047868 -0.107057 -0.230182
fly -0.229348 0.265055 0.186093 -0.071189 0.021524
louder -0.103925 -0.008086 -0.305808 0.151518 0.019322
loud 0.058589 0.104730 -0.265402 0.188773 0.166018
norway 0.139182 0.043777 -0.034591 -0.185969 0.311262
ukraine 0.100661 -0.004799 -0.070013 -0.081932 0.266658
professional -0.135933 -0.300109 0.154894 0.312842 0.081554
moving 0.124689 0.145075 0.121590 0.041248 0.049431
tough 0.013407 0.083409 -0.237545 0.205541 0.119875
flying 0.230736 0.144826 0.166155 0.100668 0.074874
professionally 0.272758 -0.160929 0.091753 0.157852 -0.101979
norwegian -0.055921 -0.149378 -0.102215 -0.041420 -0.163484
argentinean -0.111946 -0.169702 -0.110282 -0.014285 -0.197975
ukrainian -0.107011 -0.239623 -0.121577 0.066503 -0.170442
occasional -0.165697 -0.177079 0.139761 0.269856 0.117236
denmark 0.117080 -0.000525 -0.031922 -0.189505 0.220231
