move -0.346918 0.264804 -0.372022 -0.154528 0.056399
tougher 0.019790 -0.104648 -0.042310 -0.210242 -0.115098
occasionally 0.059133 0.124271 0.052800 0.210911 0.144380
argentina -0.288849 -0.025988 0.210047 0.184936 -0.110874
danish -0.085217 -0.021287 0.070401 -0.070063 0.339704
fly -0.279184 0.252437 -0.310012 -0.045738 0.041875
louder 0.076422 -0.160504 -0.079295 -0.200744 -0.100832
loud 0.111026 0.009064 -0.032095 -0.087962 -0.288825
norway -0.359917 -0.068464 0.150489 0.201164 -0.197401
ukraine -0.233476 -0.123981 0.088332 0.160966 -0.181712
professional 0.103020 -0.343557 -0.333909 0.188733 0.060273
moving -0.104229 0.160974 -0.083506 0.147793 -0.004331
tough 0.122014 -0.001833 -0.078704 -0.096151 -0.230698
flying -0.042365 0.210331 -0.060124 0.260414 -0.046190
professionally 0.153313 0.028213 0.090763 0.264643 0.175751
norwegian -0.031984 -0.088191 0.064727 -0.058009 0.234812
argentinean -0.014930 -0.082762 0.056804 -0.090008 0.269015
ukrainian 0.066518 -0.181984 0.010163 -0.070870 0.243815
occasional 0.035326 -0.242862 -0.349151 0.122195 -0.004115
denmark -0.314856 -0.049709 0.168526 0.173061 -0.094504
