move -0.223023 0.329335 0.038650 0.392338 0.185272
tougher 0.162433 0.084074 0.214521 0.058340 0.282605
occasionally 0.086809 -0.074715 -0.223218 -0.055599 0.123195
argentina -0.026341 -0.304617 0.115415 0.093358 0.054634
danish 0.282426 0.062763 -0.127722 0.211165 0.058502
fly -0.206471 0.229418 -0.018498 0.304199 0.170177
louder 0.195129 0.109631 0.221727 0.009360 0.234579
loud 0.042409 -0.001857 0.233057 -0.077344 0.304235
norway -0.109267 -0.310614 0.198911 0.084392 0.009893
ukraine -0.045052 -0.212434 0.189992 0.020845 0.024423
professional 0.031512 0.082651 0.041052 -0.248492 -0.205018
moving -0.097007 -0.013451 -0.111060 0.049352 0.191178
tough 0.067213 0.068172 0.191369 -0.064326 0.283516
flying -0.133487 -0.073734 -0.169102 -0.042404 0.210107
professionally 0.156184 -0.117848 -0.263820 -0.153955 0.074395
norwegian 0.270820 0.029676 -0.058957 0.126735 0.072406
argentinean 0.300275 0.081461 -0.061427 0.123827 0.068286
ukrainian 0.322330 0.078353 -0.031923 0.033321 0.036298
occasional -0.033452 0.112857 0.079137 -0.155210 -0.128833
denmark -0.040327 -0.249333 0.131573 0.112087 0.006953
