move -0.334587 0.250065 -0.376062 -0.117902 0.035929
tougher 0.014192 -0.102889 -0.068530 -0.187171 -0.101494
occasionally 0.019495 0.101416 0.049903 0.215232 0.139712
argentina -0.303776 -0.024740 0.215247 0.204568 -0.092642
danish -0.099387 -0.012937 0.037680 -0.037772 0.320014
fly -0.275508 0.231695 -0.311733 -0.024586 0.028057
louder 0.071481 -0.158028 -0.102356 -0.188757 -0.085506
loud 0.085890 -0.023814 -0.064721 -0.072351 -0.261663
norway -0.376499 -0.066187 0.152833 0.222025 -0.179841
ukraine -0.250838 -0.119484 0.079352 0.177722 -0.159351
professional 0.101460 -0.324472 -0.331718 0.171180 0.059606
moving -0.115157 0.158027 -0.071902 0.156263 -0.006809
tough 0.103565 -0.035409 -0.100643 -0.084818 -0.204971
flying -0.059717 0.199535 -0.047236 0.261704 -0.045825
professionally 0.111058 0.015946 0.084056 0.260673 0.174229
norwegian -0.046528 -0.078046 0.032082 -0.033238 0.228573
argentinean -0.034920 -0.071006 0.029489 -0.062407 0.262946
ukrainian 0.046930 -0.168415 -0.020343 -0.054806 0.239553
occasional 0.036478 -0.240177 -0.349754 0.116260 -0.005313
denmark -0.340573 -0.052250 0.173644 0.195422 -0.075466
