move -0.249171 -0.485380 -0.620900 0.545079 0.665237 -0.434156 -0.275553 0.386040 0.019658 0.175359
tougher 0.488930 -0.143270 -0.168565 -0.510785 0.481221 0.131798 0.457114 0.192297 -0.124310 0.164983
occasionally -0.142954 -0.129622 0.445695 -0.100256 -0.144105 -0.238584 -0.199538 0.253737 -0.512987 -0.223281
argentina -0.235228 -0.398311 -0.089906 -0.358149 -0.199881 -0.411913 0.068064 -0.561514 0.168032 -0.280339
danish -0.345078 0.007707 0.540784 0.087570 0.208531 -0.501064 0.484085 0.270432 0.076261 0.235776
fly -0.291344 -0.610524 -0.198053 0.603915 0.423486 -0.055837 -0.257563 0.051463 0.329197 0.126608
louder 0.404008 -0.128376 0.025186 -0.186614 0.394293 0.304451 0.521492 -0.015915 -0.055832 0.057251
loud -0.351618 0.022721 -0.076867 -0.299007 0.122099 0.724178 0.055439 0.098138 0.027611 -0.472154
norway -0.165013 -0.425097 -0.352929 -0.519602 -0.194729 -0.252946 -0.256351 -0.657750 0.209351 -0.003565
ukraine -0.044869 -0.235887 -0.209149 -0.425226 -0.262663 0.001032 -0.240772 -0.544121 0.010928 0.192190
professional 0.283393 0.149898 0.173443 0.539583 -0.457689 0.185668 0.156860 -0.284834 -0.804745 0.066834
moving 0.298443 -0.664623 -0.055435 0.005667 -0.445785 -0.093194 -0.112910 0.230191 0.179378 -0.006372
tough -0.238395 0.063402 -0.110416 -0.339912 -0.020032 0.678939 0.018342 0.219912 0.007956 -0.240673
flying 0.277651 -0.741419 0.122759 0.016986 -0.631093 0.095220 -0.322959 0.177006 0.195909 -0.017879
professionally -0.010639 -0.139188 0.762222 -0.128434 -0.168937 -0.282425 -0.180852 0.091342 -0.663990 -0.242091
norwegian -0.140307 0.105185 0.337615 -0.168486 0.010139 -0.301336 0.337795 0.224652 -0.037617 0.376751
argentinean -0.225426 0.179450 0.341705 0.064574 -0.136388 -0.343994 0.705026 0.333120 -0.015063 0.148198
ukrainian -0.051296 0.306116 0.439790 -0.098319 -0.028480 -0.054578 0.434264 0.241104 -0.141094 0.512950
occasional 0.022697 0.190242 -0.075725 0.451141 -0.340732 0.254746 -0.044344 -0.189718 -0.639235 0.210524
denmark -0.283651 -0.276137 -0.071101 -0.256170 -0.024333 -0.402218 0.064709 -0.659449 0.043297 -0.204388
