move -0.393491 -0.685532 -0.510545 0.569754 0.714759 -0.448354 -0.376800 0.295827 0.131134 0.316502
tougher 0.413722 -0.192406 -0.202358 -0.510876 0.544458 0.163716 0.505681 0.177430 -0.053250 0.215162
occasionally -0.146030 -0.030459 0.517069 -0.160556 -0.173595 -0.199447 -0.093859 0.361528 -0.505837 -0.325542
argentina -0.215073 -0.265396 0.076161 -0.421024 -0.239656 -0.326548 -0.028589 -0.513944 0.256173 -0.245021
danish -0.391499 0.160388 0.635988 0.072324 0.056534 -0.372011 0.586437 0.163173 0.177551 0.248794
fly -0.260881 -0.669343 0.091551 0.683541 0.290335 0.026410 -0.287116 0.014956 0.381164 0.446451
louder 0.422403 -0.111483 -0.114801 -0.127447 0.419010 0.288438 0.641274 -0.058305 -0.117993 -0.095825
loud -0.416681 -0.062951 -0.198296 -0.307930 0.011777 0.761999 0.092236 0.051669 0.015776 -0.492534
norway -0.101424 -0.529707 -0.076890 -0.426375 -0.130315 -0.261777 -0.323077 -0.677992 0.193235 -0.058825
ukraine 0.086260 -0.205124 -0.014011 -0.470580 -0.229788 0.046621 -0.385389 -0.484134 -0.039823 0.211949
professional 0.225671 0.140564 -0.056130 0.417225 -0.426126 0.078681 0.150724 -0.195536 -0.859460 0.049139
moving 0.344927 -0.482824 -0.125018 -0.039059 -0.397704 -0.070917 -0.014211 0.312967 0.102945 -0.129115
tough -0.364371 0.168568 -0.072828 -0.332904 -0.085524 0.748645 -0.063787 0.180083 -0.044469 -0.081232
flying 0.298813 -0.578906 0.251116 0.009911 -0.653052 0.156254 -0.345775 0.331660 0.182527 -0.069827
professionally 0.017239 0.018360 0.714199 -0.117733 -0.151857 -0.325969 -0.066806 0.166617 -0.624310 -0.515785
norwegian -0.111407 0.233689 0.152491 -0.143416 -0.004415 -0.456403 0.385738 0.297255 -0.061314 0.295490
argentinean -0.269867 0.273494 0.124707 -0.001042 -0.197379 -0.328656 0.756280 0.278793 0.054797 0.164952
ukrainian -0.056941 0.442483 0.250920 -0.201597 -0.166923 -0.114220 0.514257 0.287180 -0.235265 0.550530
occasional 0.084477 0.164536 -0.150130 0.459687 -0.278897 0.178130 -0.044159 -0.241256 -0.681453 0.202481
denmark -0.266937 -0.215825 0.137071 -0.189866 -0.027479 -0.259089 -0.104728 -0.685169 0.108170 -0.091080
