madagascar -0.068802 0.013079 -0.135948 -0.721614 -0.048617 -0.166306 0.002157 -0.039331 -0.442503 -0.073117 0.270800 -0.164498 0.049622 -0.141769
short 0.042964 0.292523 -0.024250 -0.167211 -0.039687 -0.206504 -0.632874 0.349030 0.266619 0.579088 0.488037 -0.795339 0.047998 0.016671
decreased 0.039745 -0.253854 -0.458369 0.534505 0.009716 0.182583 -0.838851 -0.567514 0.071465 0.629376 0.346700 0.254728 -0.097994 0.221678
belarus -0.104569 -0.136153 -0.124057 -0.728989 0.155697 0.094096 -0.067990 -0.178971 -0.311501 0.107632 0.558780 -0.124630 0.111301 -0.233951
tajikistan -0.099182 -0.064139 -0.037224 -0.679523 -0.067799 -0.046780 -0.040881 0.005636 -0.372945 -0.036951 0.172732 0.008992 0.126695 0.059302
antananarivo -0.526316 -0.206826 0.255691 0.221391 0.235361 -0.377690 0.500657 0.097520 -0.365907 -0.072186 0.342353 -0.270108 -0.265009 0.095457
chile 0.036796 0.012202 -0.335379 -0.532791 -0.160329 0.026845 -0.220772 0.144732 -0.286986 0.102565 0.194279 -0.013149 0.008203 -0.112494
high -0.278812 -0.236811 0.334451 -0.145310 0.264990 -0.227989 -0.167305 -0.377788 0.542947 -0.426953 0.376249 -0.158699 0.195741 -0.701001
paying 0.079157 0.098897 -0.237974 0.194197 -0.451438 -0.252912 -0.044491 0.770676 0.225465 -0.299544 -0.824881 -0.033776 0.719335 0.403587
coolest -0.382822 0.467547 -0.407825 -0.531718 -0.431415 0.012237 0.019092 -0.320015 -0.163772 0.029992 -0.266255 -0.241205 -0.336293 -0.587891
safe -0.036698 -0.283420 0.485555 -0.107208 0.060022 -0.333486 -0.099288 -0.184826 0.301874 -0.430370 0.012797 0.030578 0.124911 -0.382863
santiago -0.512877 -0.291596 0.057367 0.274584 0.234520 -0.257944 0.299851 0.089863 -0.249660 -0.081358 0.438586 -0.230196 -0.250328 -0.009660
cool 0.144271 0.430219 0.071430 -0.140150 -0.257765 -0.298255 -0.443288 0.420934 0.018883 0.757667 -0.078385 -0.487344 -0.169928 0.317981
paid 0.340938 -0.072950 -0.262527 0.479026 -0.136399 0.046985 -0.620019 -0.254649 0.047534 0.448478 -0.006657 0.452436 -0.169547 0.177723
decreasing -0.204105 -0.208569 -0.464839 0.160844 -0.207280 0.067055 -0.352403 0.420889 0.394806 -0.133983 -0.131630 -0.464894 0.842039 -0.064127
minsk -0.399003 -0.183671 0.126702 0.319338 0.222775 -0.295139 0.379342 0.348676 -0.337771 0.012980 0.191949 -0.116491 -0.161286 0.177712
safer 0.463202 0.020753 0.066444 -0.067581 0.114686 -0.013111 0.457018 0.217977 0.132163 -0.202529 -0.265554 -0.235913 -0.372243 0.251717
higher 0.208989 -0.036205 -0.013838 -0.161236 0.345100 0.131438 0.483180 -0.195862 0.312038 -0.352796 0.174406 -0.419447 -0.333668 -0.163540
shortest -0.241402 0.599997 -0.537231 -0.362718 -0.629172 -0.082492 -0.169883 0.081447 -0.137416 0.057075 -0.255817 -0.165215 -0.215816 -0.546947
dushanbe -0.455072 -0.186528 0.276094 0.177609 0.281583 -0.274392 0.502516 0.172394 -0.370714 -0.107837 0.114253 -0.079709 -0.296409 0.273444
