move -0.202625 0.078677 0.152120 0.222552 -0.124950 0.326625 0.085656 0.373723 -0.108436 0.153986 0.018822 -0.033290 0.015401 0.218576 -0.174400
tougher 0.027358 0.007164 0.096908 0.220222 0.022374 -0.102114 0.289531 -0.065318 -0.269802 0.169886 -0.092724 0.116029 -0.137116 -0.117154 0.228186
occasionally -0.194826 0.295061 -0.011401 -0.058348 0.144478 -0.008465 -0.020909 -0.108491 0.154781 -0.103131 -0.193763 0.125493 0.041454 0.048713 -0.025767
argentina -0.064272 0.038012 0.059476 -0.160482 -0.088867 -0.089859 -0.116360 -0.063691 -0.057956 0.071499 -0.161599 -0.376728 0.029909 -0.072041 -0.011154
danish -0.104423 -0.045940 -0.218322 -0.182355 0.046146 -0.144417 -0.040465 0.321003 0.132939 0.063531 0.028024 0.119874 -0.200332 0.034958 0.145544
fly -0.092196 -0.093239 0.432762 0.082818 0.037042 0.083410 -0.079055 0.305561 0.185773 0.089631 0.047862 -0.034666 -0.106977 0.077673 -0.138424
louder 0.124268 0.083099 -0.050515 0.276070 0.117724 0.147718 -0.030450 -0.074591 -0.086201 0.130657 0.064076 -0.009958 -0.131975 -0.194790 0.326159
loud 0.358744 0.164897 -0.046985 0.056518 0.161754 0.096556 0.129296 0.020755 0.140466 -0.084200 0.066909 -0.272366 0.164118 -0.033680 0.111403
norway -0.082908 -0.072439 0.119734 -0.132895 -0.100813 0.130073 -0.018884 0.028136 -0.182967 -0.287078 -0.138306 -0.249908 0.014569 -0.224318 0.017275
ukraine 0.068309 -0.082613 0.056239 0.143375 -0.158223 -0.113453 -0.097973 0.020463 -0.076168 -0.142693 -0.181426 -0.058247 0.292545 -0.200012 -0.044675
professional 0.227404 0.026346 -0.194097 -0.006570 -0.087079 0.052611 -0.042929 -0.188680 -0.057288 -0.007837 0.107393 0.107756 -0.267094 -0.104430 -0.401080
moving -0.106860 -0.239556 -0.060235 0.162268 -0.006760 0.071833 0.045462 -0.197675 -0.040010 -0.077566 -0.064064 -0.075778 -0.022140 0.291098 0.031526
tough 0.210554 0.071687 0.056799 -0.133104 0.057548 -0.047678 0.460981 -0.012689 0.109951 0.047188 0.063571 -0.020696 0.192427 -0.041610 -0.002161
flying -0.141970 -0.224929 0.139889 0.034217 -0.073746 -0.028682 0.044213 -0.297067 0.287571 -0.157935 0.052020 -0.069574 0.006240 0.110076 0.003426
professionally 0.102820 0.330078 -0.004904 -0.070173 -0.103385 -0.141173 -0.078802 -0.145390 0.094228 -0.288611 -0.087486 0.159753 -0.178604 0.162498 0.009408
norwegian 0.025605 -0.001592 -0.057546 -0.224208 0.087285 0.008132 -0.111796 0.110325 -0.209589 -0.089587 0.093855 0.185050 0.021653 0.082478 0.161536
argentinean 0.067789 0.055099 -0.118879 -0.209222 0.032282 -0.152092 -0.164797 0.057835 -0.057540 0.280368 0.162467 0.055250 0.029082 0.161452 0.108377
ukrainian -0.036277 0.002710 -0.161248 0.012278 0.015839 -0.241080 -0.094820 0.083061 -0.053972 -0.022503 0.306846 0.220376 0.111847 -0.064898 0.028612
occasional 0.166693 -0.079791 -0.064166 0.014481 0.180290 0.087537 -0.062585 -0.082880 0.011296 0.069031 -0.045361 0.138426 0.008785 -0.112737 -0.380883
denmark -0.013825 -0.024251 -0.029922 -0.153837 -0.321503 0.028049 -0.027468 0.131769 0.099376 0.022820 -0.263972 -0.155182 -0.029717 -0.167755 0.035783
