9.11556709692959
8.548789482546873
10.325301944385657
6.04422310062981
8.276444246568019
8.65650796508914
9.809723347374522
6.468267104596825
10.89766324446238
7.601460593480951
9.364240871210638
8.348445676731911
10.0500041200713
12.983797267859938
9.89990931950985
8.45027425479693
8.605756166404467
6.184418362646315
9.02665554890853
10.903931117878313
9.262517322301749
7.194232764452846
9.461671517346396
6.003364690274058
10.092098371985818
7.959339118872986
7.619817774614708
8.292449738325821
11.475574819424006
9.842371904822336
6.680129147353645
6.479490566184993
8.27149420398404
6.15165838973318
6.111240447464633
7.87419083127035
11.43562861602561
10.346672142378061
7.248735858954051
10.613451981195325
8.10307142428351
8.437187663783117
8.567100171067553
8.418609865059718
6.678419953563552
10.777016405864382
7.967267950396714
6.3148354380107214
9.714963421143695
12.8872279483003
8.056589064862287
5.903109061106461
6.609575884389256
8.433254545373346
5.957967255641253
6.016819162770662
8.394974428381108
11.38511689010192
9.47152693989796
8.924360257689914
8.385360603202793
6.439971317868802
12.123115842961658
8.938303814995797
8.125992525024055
8.937405041734754
10.533349312523374
6.67702082628085
8.905294518298312
9.966369747481387
5.640386754030388
7.058081005908207
9.396275536478129
7.490676808498936
5.756355530166479
6.0436492217903615
5.124335037973611
8.08857825554446
9.49587052364884
6.717258674293635
9.260697866458937
8.132414253363189
6.50653052604253
8.676717781936928
7.725772678457059
7.6752790228435
7.394042707510768
10.694717398885246
4.918688288752563
8.788070253985829
10.55391224354296
6.773285080610888
6.910561418275532
9.766362353054452
8.030150018156617
9.59528562618618
7.948460147587943
7.9451436951761485
8.147701609880466
6.741110893046474
