fly 0.075629 0.228003 0.050494 0.119553 0.263115 -0.271146 -0.063606 -0.219396 -0.004911
loud 0.263894 0.061004 -0.377466 0.116716 -0.137447 -0.092462 0.021683 -0.147072 0.060972
tough 0.238764 -0.002719 -0.305194 0.104302 -0.186913 -0.149446 0.001607 -0.104353 0.031099
occasionally 0.000011 0.109085 0.026197 0.069630 -0.302070 -0.072734 -0.089363 0.112410 0.058816
moving 0.042274 -0.000633 0.151440 -0.296724 -0.062563 -0.129961 0.078902 0.100134 0.001082
professionally -0.116851 0.059618 0.025600 0.159501 -0.323602 -0.082235 -0.048602 0.148390 0.108028
professional -0.396820 0.006976 0.134033 -0.064747 -0.167968 -0.106428 0.350456 0.143518 0.261631
norwegian -0.119878 0.119543 -0.006698 -0.067750 0.092872 0.190944 -0.096527 -0.002879 0.157081
tougher 0.150923 -0.404242 0.075381 -0.129100 0.023687 0.057246 -0.143941 0.208763 0.230654
ukraine 0.031320 -0.045536 -0.047275 -0.070839 -0.012760 0.121084 0.115570 0.138892 -0.084347
move 0.059308 0.196700 0.167671 0.026735 0.284451 -0.197999 -0.048078 -0.296460 0.112689
occasional -0.301736 0.085250 0.167213 -0.030917 -0.107410 -0.120165 0.291149 0.047244 0.170236
ukrainian -0.231857 0.074138 -0.038113 -0.054865 0.073767 0.149090 -0.206079 0.054395 0.155018
flying 0.025994 0.054718 -0.044002 -0.145568 -0.023735 -0.208709 0.036329 0.130143 -0.044478
danish -0.136020 0.135121 -0.044647 -0.000598 0.069781 0.096141 -0.218056 0.065944 0.142702
norway 0.096171 0.040220 0.001919 -0.082713 0.016153 0.143301 0.192113 0.070293 -0.172418
argentina 0.117919 0.057934 0.006511 0.060296 0.049969 0.147779 0.108996 0.118932 -0.186344
louder 0.188205 -0.426134 -0.049602 -0.137209 -0.011661 0.128601 -0.169330 0.298459 0.209083
argentinean -0.138579 0.128418 -0.018654 0.007322 0.070236 0.141083 -0.182332 0.102344 0.173269
denmark 0.070474 0.055157 0.049864 0.016891 0.041134 0.107482 0.109527 0.109340 -0.196074
