fly 0.053969 0.249696 0.164060 -0.102797 0.056094 -0.070492 0.034861 -0.160858 0.271577
loud -0.139019 0.161553 -0.129018 0.010388 0.085315 0.058302 0.134721 0.117258 -0.116277
tough -0.147938 0.121643 -0.170783 0.096001 0.091754 0.056784 0.154498 0.093967 -0.037906
occasionally 0.076590 -0.172994 -0.158066 0.150254 0.021350 0.260721 0.172784 0.065692 0.253882
moving -0.124992 -0.100503 -0.002108 0.108565 -0.148524 -0.158385 0.176457 -0.125107 0.133803
professionally 0.180060 -0.140247 -0.172525 0.188538 0.066392 0.346584 0.186518 0.053921 0.238962
professional 0.328699 0.031153 -0.065269 0.314171 0.003098 0.021033 0.228951 -0.278558 -0.055613
norwegian 0.212412 0.017922 0.098260 -0.202335 0.015135 0.015998 -0.154561 -0.042237 -0.048844
tougher -0.157197 -0.052130 0.131567 0.125016 0.097442 -0.076820 -0.208460 -0.269954 -0.054678
ukraine -0.011215 0.113273 -0.056685 0.066909 -0.191790 -0.073082 -0.092461 0.119044 -0.010905
move -0.022234 0.205499 0.431019 -0.124855 0.022712 -0.125522 -0.002346 -0.318747 0.086082
occasional 0.227207 0.062718 0.020812 0.229285 -0.039137 -0.000774 0.250955 -0.255549 -0.024545
ukrainian 0.303569 -0.126669 0.216665 -0.190505 0.080481 -0.062730 -0.151315 -0.004841 -0.103861
flying -0.050829 -0.037515 -0.162572 0.081374 -0.055774 -0.116407 0.198856 0.041364 0.205940
danish 0.262370 -0.088998 0.025225 -0.198223 0.089142 0.078585 -0.122147 0.010365 0.069870
norway -0.038169 0.219988 -0.169587 0.002729 -0.298457 -0.020962 -0.100738 0.059170 0.058844
argentina -0.019917 0.206442 -0.046448 0.004176 -0.275075 0.032361 -0.150424 0.184817 0.117260
louder -0.217024 -0.086943 0.080792 0.060744 0.049184 -0.032292 -0.240195 -0.197596 -0.122310
argentinean 0.260794 -0.105344 0.181396 -0.175624 0.049185 0.022459 -0.130498 0.056815 -0.038862
denmark 0.038846 0.204458 -0.183382 0.012325 -0.257696 0.055423 -0.151957 0.115353 0.202242
