move -0.302360 -0.084449 0.002142 0.022662 0.293828 0.064970 0.019888 0.060321 -0.256681
tougher -0.093934 0.090655 0.112342 -0.320373 0.090960 -0.045398 -0.007256 -0.079626 0.037847
occasionally -0.013131 -0.238609 -0.045511 -0.007149 -0.229931 0.075107 0.088489 0.140989 0.114685
argentina 0.057915 0.144885 -0.200463 0.055675 -0.118633 -0.026586 -0.027463 0.221911 0.169652
danish -0.133804 -0.159612 -0.203158 -0.164735 0.222453 0.291802 0.063102 0.000755 -0.020377
fly -0.155840 -0.039071 0.105150 0.081263 0.248079 0.029785 -0.011106 0.061001 -0.336607
louder -0.003292 0.035764 0.174964 -0.252235 0.159245 -0.076428 0.005780 -0.164160 0.025098
loud 0.445034 -0.115358 0.551463 0.151297 0.067969 -0.477868 -0.326410 -0.104349 -0.309840
norway 0.025013 0.213779 -0.226339 0.079821 -0.086783 -0.098860 0.063988 0.210753 0.230055
ukraine 0.035178 0.189455 -0.059697 0.099407 -0.077557 -0.051277 0.012970 0.101459 0.170197
professional -0.026181 -0.112594 0.044083 0.060799 -0.077351 0.053147 0.044234 -0.279791 0.034752
moving -0.180531 0.187120 -0.244596 -0.250688 -0.029785 0.135538 0.449078 0.078017 0.088305
tough 0.403450 -0.074248 0.532801 0.130566 0.085792 -0.339508 -0.264605 -0.146706 -0.344298
flying -0.088714 0.153395 -0.173362 -0.159023 -0.102474 0.062790 0.432869 0.079920 0.026189
professionally -0.030981 -0.272412 -0.098423 -0.048480 -0.269690 0.069936 0.123074 0.101549 0.226089
norwegian -0.077608 -0.064261 -0.070323 -0.145575 0.148285 0.223225 0.027859 -0.037434 -0.038150
argentinean -0.073801 -0.091455 -0.144066 -0.173097 0.149855 0.255824 -0.023727 -0.080595 -0.071187
ukrainian -0.063434 -0.070897 -0.010935 -0.140874 0.153384 0.287639 -0.001179 -0.132359 -0.061665
occasional 0.057143 -0.101075 0.114462 0.116459 0.011332 -0.019635 -0.028239 -0.249186 -0.082168
denmark 0.008044 0.075542 -0.226884 0.086480 -0.053980 -0.015085 0.013946 0.194706 0.251538
