fly 0.174066 -0.214468 -0.152953 0.006256 -0.188887 -0.151470 0.216283 0.030825 0.285350
loud 0.164382 0.033075 -0.025498 -0.252970 -0.160268 0.141655 -0.389535 -0.059927 0.047913
tough 0.178716 0.064825 -0.071532 -0.289357 -0.117944 0.149513 -0.212859 -0.010981 -0.058490
occasionally 0.303703 0.002728 0.188500 0.012505 0.147828 0.152279 0.110890 -0.020853 -0.124272
moving 0.009726 0.168978 -0.109246 0.373822 -0.082980 0.248514 -0.000242 -0.065516 -0.051817
professionally 0.272514 -0.062405 0.285559 -0.102669 0.147423 0.207301 0.139521 -0.022657 -0.033606
professional -0.277106 0.177158 0.187276 -0.241618 -0.031235 0.263353 0.225720 -0.016672 0.146629
norwegian -0.130417 -0.067327 0.248653 0.021818 -0.008197 -0.145857 -0.103268 -0.103695 0.010888
tougher -0.105596 0.008207 0.087466 -0.042773 -0.034331 -0.018362 -0.056427 0.413090 -0.173169
ukraine -0.137452 0.043509 -0.141179 -0.101177 0.205171 -0.030015 -0.020694 -0.046583 -0.072446
move 0.106230 -0.000487 0.086283 0.190276 -0.191358 -0.121214 -0.049464 0.151379 0.422459
occasional -0.186045 0.160849 0.118004 -0.156679 -0.030691 0.184215 0.223323 -0.052664 0.193880
ukrainian -0.168189 -0.152413 0.326558 -0.025699 -0.028376 -0.152812 0.009081 -0.085260 -0.121850
flying 0.046629 -0.068552 -0.234019 0.146757 -0.154894 0.184299 0.158025 -0.191931 -0.151838
danish -0.045001 -0.255537 0.241435 -0.007091 -0.052840 -0.149045 0.089362 -0.105399 -0.150645
norway -0.139811 0.068712 -0.198211 0.034281 0.248644 0.035713 -0.146863 -0.099088 0.104453
argentina -0.061475 -0.182205 -0.168777 0.068949 0.292132 0.076144 -0.186671 -0.054601 0.165561
louder -0.119001 -0.071231 0.109384 -0.016228 0.007512 0.069889 -0.243599 0.374197 -0.198102
argentinean -0.091655 -0.262169 0.289526 0.045187 -0.020874 -0.061340 -0.064451 -0.087197 -0.057461
denmark -0.084799 -0.159098 -0.240308 -0.032134 0.283614 -0.021117 0.080486 -0.053274 0.034244
