move 0.289305 0.214913 0.245734 -0.531313 -0.297370 -0.152699 0.374306 -0.564237 0.028257 -0.281126 -0.512793 -0.173849 0.081091 0.212345 0.147253 -0.281572 -0.524885 0.141672 0.159496 -0.414986 0.158916 0.474252 0.699126 -0.473857 0.280554 -0.736657 0.039512 0.278557 -0.463418 -0.504245 0.131999 0.002628 0.014032 0.138899 0.003099 -0.249165 0.127019 -0.202842 0.136289 -0.028859 0.369496 0.310854 0.448090 -0.541447 -0.140812 -0.136581 0.000798 0.227661 0.439889 0.176018
danish 0.279359 -0.484285 -0.545246 0.078237 0.466251 -0.208373 -0.402202 0.255648 0.290752 0.018635 0.418561 0.050345 -0.539672 -0.466815 0.073510 0.483003 0.465183 0.600435 0.193970 -0.037920 0.097319 -0.129928 0.068338 0.021399 -0.268140 -0.371136 0.391925 0.068357 0.148618 0.561958 0.014785 0.272448 -0.141657 0.370927 -0.381627 0.018043 0.626595 0.300640 0.107039 -0.171832 0.516258 -0.125801 -0.077426 0.032869 0.208017 -0.126661 0.290398 -0.407745 -0.004299 0.183268
loud -0.311149 -0.044348 -0.359095 -0.270230 -0.316610 0.347566 -0.264513 -0.530459 -0.286960 -0.123790 -0.165958 0.156043 -0.207978 -0.662496 0.451435 0.598130 -0.274088 0.542821 -0.081500 0.266899 0.291296 -0.239350 0.517784 -0.455301 0.135184 0.056014 0.225955 -0.119902 0.201464 -0.223733 0.170857 -0.041613 -0.225275 0.152629 -0.018330 -0.342568 -0.451568 -0.469809 0.254993 0.295583 -0.469699 -0.429642 -0.115197 0.058251 0.517722 -0.168310 0.151727 -0.704404 -0.308018 -0.439372
tough 0.447530 0.107698 -0.533934 -0.366001 0.652649 0.232949 -0.101900 -0.013642 0.071540 0.225404 0.445712 0.290341 0.532149 0.169267 -0.285040 0.581106 0.493372 0.215803 0.081461 -0.064568 0.070554 0.334981 -0.109940 -0.010044 0.398078 -0.099314 0.457899 0.173726 -0.531740 0.301722 0.615625 0.441556 0.605618 0.234752 0.380167 0.410009 0.242902 -0.074559 0.079095 0.485196 0.121329 0.544379 0.084001 -0.486119 -0.545088 -0.338592 -0.253348 0.546160 0.051390 0.190252
flying -0.453014 0.417291 0.456916 -0.467796 -0.198044 -0.238843 0.510980 0.161566 0.309913 0.003259 -0.272655 0.409169 -0.391791 -0.112762 0.310058 0.156889 0.443309 0.126365 0.175630 0.198859 -0.041945 -0.213113 0.482703 0.251858 -0.486568 -0.215857 -0.274629 0.844578 0.553372 0.046031 -0.033618 0.320474 -0.173076 0.421310 -0.596622 0.200364 0.283039 -0.234809 -0.233977 -0.646948 0.247112 -0.590232 0.504050 0.414362 0.680596 -0.509912 0.644359 -0.378561 0.060574 -0.213492
denmark -0.032465 -0.462058 0.174770 -0.088876 -0.340690 -0.148245 0.501363 0.586357 0.358001 -0.431208 0.339090 -0.014714 0.160177 0.211456 -0.338395 0.169491 0.079294 -0.522812 0.300538 -0.031666 -0.018127 0.006724 -0.542584 0.304025 -0.432176 0.401226 0.232899 0.372747 -0.390172 -0.189336 0.004524 -0.518902 -0.134670 0.253098 0.519274 0.246896 0.070638 0.110985 -0.144539 0.306197 0.412919 0.420715 -0.127359 0.030911 0.379039 0.252841 -0.592304 0.846683 -0.024260 0.201373
tougher -0.065396 -0.093553 0.006074 0.088495 -0.219384 -0.413297 0.046821 -0.177459 -0.014946 0.183569 -0.401092 -0.296499 -0.083712 0.101790 -0.449752 -0.241828 0.080267 0.710068 0.201558 0.044920 0.329944 -0.011510 -0.204605 -0.195123 0.177331 -0.028691 0.005627 0.399258 -0.595581 0.208936 -0.081215 0.361501 0.487596 -0.067064 -0.221531 -0.144856 0.247086 -0.681460 -0.348242 -0.261558 -0.221528 0.132347 0.239978 -0.120345 0.123122 -0.162323 0.519412 0.461584 0.545264 -0.064855
professional -0.532709 -0.067353 0.067348 0.194811 -0.115272 -0.125175 0.036621 -0.231778 -0.199881 0.387469 0.048614 0.173010 -0.325961 -0.716568 0.628746 -0.156071 0.315112 0.292301 0.152392 0.754541 0.561449 -0.117470 0.094576 0.601079 -0.098299 0.514386 0.301515 -0.175639 0.001414 0.342819 -0.269526 0.491813 0.271970 -0.269286 -0.358679 0.257915 0.247301 -0.005861 0.106005 -0.624838 0.331833 0.556897 -0.387178 -0.050069 -0.320811 -0.305977 0.235847 -0.258286 -0.284918 -0.124010
norway -0.276821 -0.072253 -0.099317 -0.162151 -0.559164 0.205974 0.280708 -0.036320 -0.180021 0.132371 -0.097245 -0.041536 0.358251 -0.332927 0.623430 0.242641 -0.408071 -0.499826 -0.561520 0.496788 0.316410 0.466296 0.041958 0.694403 -0.334261 0.433759 0.606791 -0.608461 0.293318 -0.021803 -0.128062 -0.268746 0.169317 0.589134 0.467516 -0.342192 -0.451707 0.637467 -0.273038 0.421829 0.411075 -0.238510 -0.232924 0.268818 -0.687101 0.196352 0.108483 -0.551000 -0.064259 -0.372928
ukraine 0.303640 0.252146 0.123850 -0.067739 -0.566724 -0.210083 0.711197 -0.512814 0.703793 -0.063602 -0.080907 0.325885 -0.094183 0.273450 -0.062337 -0.423580 0.374477 0.670438 -0.042699 -0.227621 -0.043402 0.282716 0.653772 -0.099087 -0.562235 -0.184437 -0.310380 -0.091362 -0.318357 -0.104460 0.477085 -0.088051 -0.311926 0.616958 -0.315482 0.277789 -0.067326 0.343681 0.362254 -0.173472 0.343140 -0.256141 0.254325 0.237173 0.353747 -0.469917 0.329794 -0.178938 -0.482368 -0.284187
occasionally 0.205193 0.281347 0.379877 0.040701 -0.183050 0.139212 0.158828 0.411950 0.338617 0.134179 -0.153542 -0.009108 0.170507 0.413096 -0.244860 -0.131115 0.440347 0.073650 0.200616 -0.308693 -0.378005 0.479814 -0.247417 -0.212790 -0.273848 -0.344706 -0.183684 0.248261 -0.220373 -0.471301 0.485001 0.315761 0.397260 0.041986 -0.390098 -0.243774 0.099823 0.322561 0.255741 -0.071292 -0.028675 -0.014738 0.129946 -0.109407 0.044270 -0.240628 -0.302630 -0.082530 -0.103215 0.317871
norwegian -0.284108 0.316910 0.273482 0.050952 -0.498431 -0.435285 -0.010298 -0.755449 -0.514127 0.533377 -0.205022 -0.232141 -0.312210 0.346160 -0.595722 -0.730789 -0.213612 0.445466 -0.195592 0.204471 0.480310 -0.256025 -0.290164 -0.235252 0.580816 0.420442 0.233159 -0.398859 -0.186091 -0.256865 0.422790 0.219534 0.240625 0.003840 -0.140729 -0.563239 0.321257 -0.482656 -0.387858 -0.419925 0.083412 0.536386 0.402191 -0.094648 -0.925288 0.012953 0.466661 0.393253 0.057480 0.116098
occasional -0.056013 -0.315240 -0.221650 -0.350846 -0.231699 0.436322 0.063083 0.733847 0.586966 -0.418361 -0.146260 -0.387978 0.592800 0.335594 0.338914 0.288157 -0.259757 -0.188047 0.269814 -0.046326 -0.005023 -0.013958 -0.384925 0.398358 -0.214930 0.379886 -0.752851 0.684875 -0.198615 -0.264150 0.328339 0.651832 -0.308873 0.412887 0.376946 -0.785079 -0.405191 0.616667 0.282818 0.408758 0.291593 -0.448894 -0.135107 0.200557 -0.139243 -0.101729 -0.740941 0.118685 -0.390186 -0.560030
professionally -0.559153 0.531284 0.577456 0.291905 -0.431793 0.363239 -0.046185 -0.506047 -0.181771 0.412459 -0.270487 0.225663 0.164421 0.285275 0.024079 -0.563350 0.387984 -0.131327 -0.301662 0.340259 -0.252345 0.635947 0.100059 -0.422971 -0.118921 0.064107 -0.202520 -0.617654 0.358156 0.165483 0.744434 0.405894 0.140355 0.074233 -0.389254 0.044279 -0.466883 0.238913 -0.002162 0.266320 -0.166751 -0.101007 -0.217247 0.127877 -0.693023 -0.105373 0.010976 -0.057166 0.143899 0.703020
louder 0.233384 -0.500961 -0.386685 0.144236 -0.312221 0.050005 0.000603 0.738486 0.074925 -0.295271 0.138593 -0.592772 0.475200 -0.690267 0.197132 0.490458 -0.512354 0.208969 -0.009702 0.007861 0.233631 0.174161 -0.211703 -0.262577 -0.137006 -0.311136 0.382730 0.003765 -0.081537 0.076716 0.060512 0.329398 0.003578 0.128486 -0.219308 -0.296190 0.142438 0.339223 0.230315 0.466068 -0.339441 -0.174175 -0.020298 -0.527177 0.386715 0.558970 0.035690 -0.532061 -0.202896 -0.134940
ukrainian 0.330008 0.446074 0.070541 0.216491 0.198288 0.039442 -0.045469 -0.105081 -0.340777 0.159998 -0.158061 -0.120514 0.039013 -0.274949 0.111503 -0.532784 -0.141121 0.709874 -0.136117 -0.205886 -0.080465 -0.264644 0.076945 -0.119760 0.150115 -0.582377 -0.059525 -0.095652 -0.290318 -0.242869 -0.205274 0.241788 0.344803 0.186417 -0.195054 0.050687 0.331701 0.207271 0.365673 -0.800425 0.158162 0.315716 0.433989 -0.494105 0.202709 0.119500 0.540529 -0.622368 -0.445025 0.236961
argentina 0.179660 0.228904 0.470439 -0.261231 -0.148926 0.089140 0.441820 0.221106 -0.603732 -0.241252 0.456729 0.492333 0.327093 -0.440195 0.439637 -0.618430 -0.363549 -0.984265 -0.503464 0.501361 0.390784 -0.315530 -0.141278 0.140402 0.293133 0.552619 0.518317 -0.494628 0.131101 0.148752 -0.309755 -0.041845 -0.097399 0.039475 0.293597 0.832191 0.153320 0.159430 -0.150919 0.117156 0.002061 0.485759 -0.380900 -0.370146 -0.449457 0.675411 -0.047423 0.104424 -0.224159 0.496183
moving 0.359609 0.769850 0.291635 0.258880 -0.063477 -0.555869 0.297764 0.298747 -0.583980 -0.074353 -0.476429 -0.136686 0.488831 0.111952 -0.072994 0.203113 -1.040172 -0.424116 -0.477351 -0.697127 -0.124452 -0.524569 -0.196363 -0.471934 -0.093577 -0.386283 0.193496 0.603239 -0.115039 -0.616721 0.152200 0.416714 0.148411 0.052478 -0.296604 -0.348618 0.486767 -0.059445 -0.034586 -0.481148 -0.327247 0.137905 0.136966 -0.287630 0.321206 0.246532 -0.273480 -0.253493 -0.172535 -0.618830
argentinean 0.028046 -0.853206 0.364044 -0.351508 -0.279556 0.356907 0.223120 0.453323 -0.214456 0.146983 0.764866 -0.351622 -0.198541 -0.164022 -0.247012 -0.501275 0.380435 0.043565 0.460492 0.357793 0.318550 -0.148872 -0.459371 0.327655 0.454431 0.590845 0.156952 -0.543631 0.016903 0.091104 -0.144708 -0.081269 0.597828 0.110535 -0.228794 -0.347978 -0.116298 0.138703 0.102812 -0.210499 0.417653 0.336131 0.357634 -0.357626 -0.634981 -0.096195 -0.075319 -0.041502 -0.551485 0.858897
fly 0.537513 -0.061128 0.100888 0.263114 0.190101 -0.318588 0.541717 0.201047 0.091037 -0.353163 0.317986 -0.413867 0.310104 -0.109552 0.128941 -0.293368 -0.160540 -0.121921 0.124282 -0.205068 -0.299442 0.178002 -0.375350 0.417772 -0.249037 -0.238979 0.141480 -0.483034 0.450262 -0.480169 0.265823 -0.160974 0.381929 -0.084770 0.167612 -0.484809 0.047379 -0.010489 -0.221725 -0.181908 0.321419 -0.240467 0.172112 0.044879 -0.736433 0.313313 0.577469 -0.410590 -0.038584 -0.257624
