hanoi 0.009697 -0.342533 0.086761 0.188460 0.024288 0.302992 -0.357874 -0.191089 -0.086378 -0.096500 -0.461886 0.037687 0.027899 0.007535 0.014904
tougher -0.476006 0.068950 0.309522 -0.010975 0.201009 0.218333 -0.011433 -0.066967 0.257909 0.048937 -0.141678 0.080064 -0.045455 0.217178 0.254306
occasionally -0.073208 0.178567 0.005715 -0.178028 0.290914 0.310956 -0.230676 -0.157152 -0.087035 -0.370916 0.125442 0.040016 0.223885 -0.092705 -0.401965
ukrainian -0.050882 0.267865 -0.404026 0.385852 -0.006866 -0.119861 0.214365 0.119282 -0.230069 -0.208793 -0.160170 0.248265 0.089486 -0.014083 0.126014
occasional -0.110868 0.365324 -0.113368 -0.066238 0.292585 0.228054 -0.030697 -0.155927 -0.191896 -0.318655 0.079214 -0.081776 0.041093 -0.063305 -0.344226
norway 0.202796 0.205843 0.031227 0.165184 0.101258 0.154659 0.495140 -0.024498 0.290396 -0.151056 -0.327442 -0.226814 0.036097 -0.111934 -0.016745
baghdad 0.068101 0.003602 -0.027440 -0.249965 0.274572 -0.142376 -0.170315 0.391726 0.222031 -0.168327 -0.156761 -0.089281 -0.295790 0.383396 0.098311
illinois 0.124025 0.090305 0.428558 -0.044656 0.155550 0.089692 -0.180305 0.270742 -0.126241 -0.373647 0.134955 0.149011 0.081223 -0.083211 0.158772
moving -0.107619 0.045412 -0.090327 0.460782 -0.352985 0.197232 -0.138424 0.056596 -0.026924 -0.160872 0.219640 -0.240001 -0.260785 0.444278 -0.073020
loud -0.149818 -0.291409 0.181902 0.013974 0.190071 -0.140105 -0.126447 0.208761 -0.084771 -0.074642 -0.286410 -0.045965 -0.314046 -0.070073 -0.295121
thai 0.133597 0.268669 0.179211 0.022857 -0.050686 0.319404 -0.074585 0.101059 0.094477 0.065724 0.120019 0.414200 -0.300660 0.032048 -0.296589
croatian -0.127134 -0.179870 0.079482 -0.065817 0.067375 0.407518 0.387971 0.258098 -0.300774 -0.068687 0.102966 -0.178876 -0.205051 0.084177 -0.035318
argentina -0.126483 -0.262989 -0.227292 0.102023 0.107198 0.133914 -0.001806 -0.002089 0.244682 -0.261513 0.249270 0.105048 -0.361219 -0.213364 0.152806
vietnam 0.047818 -0.330603 -0.105688 0.111247 0.043589 0.292438 -0.383964 -0.103647 -0.157901 -0.108954 -0.545399 -0.024646 0.104183 0.077205 -0.034103
norwegian 0.196593 0.379529 0.095322 0.277145 -0.005726 0.228403 0.265492 -0.109439 0.356858 -0.019147 -0.470719 -0.238557 0.097490 -0.058993 -0.033402
professionally -0.022974 0.220784 0.043104 0.203428 0.530265 -0.179473 -0.016525 0.054092 -0.024500 0.031424 -0.026392 -0.029633 -0.087510 0.023589 -0.213469
argentinean 0.091632 -0.301130 -0.175024 0.146544 0.030729 0.038742 -0.044743 -0.050218 0.351889 -0.286898 0.126710 0.312876 -0.473729 -0.100633 0.174217
louder -0.085414 -0.251735 0.062137 0.123585 0.165532 -0.226211 -0.173217 0.180809 -0.237511 -0.126721 -0.348082 0.207973 -0.288559 -0.126226 -0.165228
chicago -0.051165 0.247241 0.434496 0.053521 0.108976 0.048459 -0.309123 0.215164 -0.295485 -0.396691 -0.006198 0.089327 -0.002903 -0.269560 0.268810
move -0.006009 0.046707 -0.039599 0.458241 -0.105795 0.151719 0.026192 -0.040941 -0.126290 -0.128547 0.104655 -0.239754 -0.248210 0.130810 -0.175433
thailand 0.228628 0.194544 0.116586 0.117206 -0.181613 0.398833 0.081656 0.104008 -0.025839 0.062861 -0.036519 0.462673 -0.268889 -0.068921 -0.136288
ukraine -0.157918 0.141742 -0.445141 0.251544 -0.007386 -0.122340 0.202298 0.182717 -0.100711 -0.082507 -0.395518 0.297196 0.074171 0.031208 0.113619
plano -0.266915 -0.064535 0.105633 0.092498 -0.142959 -0.194180 0.026850 0.383069 0.307319 -0.316876 -0.072149 0.039581 0.117780 -0.214247 -0.268809
texas -0.337808 -0.114737 0.135871 0.112627 -0.140389 0.023272 0.088152 0.366178 0.326603 -0.220279 0.123762 -0.042771 0.199166 -0.169966 -0.263094
tough -0.432528 0.142628 0.126020 0.024912 0.315038 0.187865 -0.071598 -0.148787 0.190285 0.149489 -0.260151 0.162368 -0.023772 0.225201 0.199361
flying 0.030748 -0.047116 -0.209899 0.219028 0.272902 0.230941 -0.199716 0.518035 0.073410 0.300581 0.209780 -0.038646 0.173784 0.005361 -0.011372
iraq 0.102313 -0.062960 -0.118732 -0.224200 0.169888 0.012549 -0.062450 0.231830 0.198567 -0.273050 -0.020743 -0.010936 -0.242873 0.357707 -0.018023
professional -0.116537 0.284950 -0.100577 0.107716 0.509210 -0.157806 -0.161851 0.152072 0.006739 0.092081 0.037144 0.142190 -0.092627 0.077744 -0.128514
fly 0.104372 0.029852 -0.226931 0.243036 0.210136 0.277687 -0.121824 0.399250 0.139510 0.234395 0.049319 -0.123911 0.071549 -0.225166 0.102681
danish 0.155018 -0.362068 0.039157 0.202677 0.247677 0.032303 0.343326 -0.020232 0.004860 -0.108969 0.117700 0.319085 0.101314 0.326501 -0.118307
denmark 0.018793 -0.348423 0.157200 0.193538 0.279564 0.037697 0.336059 0.111845 -0.033116 -0.033706 0.047227 0.171711 0.213275 0.283315 -0.111667
croatia -0.184020 -0.085061 0.037944 -0.058972 0.123057 0.181797 0.202566 0.420775 -0.204303 -0.092138 0.037495 -0.207902 -0.169680 -0.022309 0.024426
