hanoi 0.006212 0.064217 -0.190160 0.317481 -0.084617 0.325262 -0.086101 0.043603 0.026563 -0.113098 -0.067219 -0.196149 -0.255776 -0.072829 0.141636 -0.085732 -0.281607 -0.066443 0.003031 -0.220079 -0.147312 0.075019 0.039648 0.114695 -0.076922 -0.053866 0.061374 0.020307 0.070263 0.029937 -0.241905 0.076523 -0.072873 0.068026 -0.071054 0.194338 0.185644 0.015333 -0.257362 -0.050481
tougher -0.085365 -0.011650 0.171463 -0.240255 -0.090204 0.234031 -0.192513 0.056666 0.131686 0.029737 -0.033054 0.116994 -0.267877 -0.278116 0.274492 -0.042729 0.049929 -0.298242 0.018947 0.025553 -0.215124 -0.047088 0.103490 -0.151385 -0.063387 -0.003885 -0.000612 0.127891 -0.084720 0.146597 -0.013326 -0.098119 -0.094228 -0.004872 0.169639 -0.126501 -0.034059 0.021809 -0.037785 0.026146
occasionally -0.209451 -0.152764 0.140100 0.157839 0.035385 0.179979 0.068482 0.115708 0.019451 -0.142899 0.243479 0.081667 -0.038488 -0.014102 -0.200279 0.106058 0.091433 -0.111214 -0.204530 -0.154795 0.023110 0.357174 0.066211 -0.269226 -0.304074 -0.005178 0.097550 0.037905 -0.007528 -0.048773 0.038420 0.111564 -0.104621 0.096355 -0.174386 0.021889 0.136258 -0.216829 0.089176 -0.163360
ukrainian 0.070434 0.089538 -0.083689 0.090192 0.212615 -0.199168 0.022100 -0.198756 0.237329 -0.035068 0.114632 0.058850 0.175395 0.119777 0.053472 -0.248243 -0.066063 -0.243666 -0.257149 0.131784 0.097132 0.136380 -0.161751 -0.014872 0.102906 -0.022611 -0.109859 0.018449 -0.090586 -0.234179 -0.132544 -0.160478 -0.160456 -0.037701 -0.130600 0.070475 0.005248 -0.065163 -0.051453 0.243779
occasional -0.092062 -0.163710 0.024538 -0.155428 -0.044162 0.078021 0.085669 -0.013071 0.138747 0.120066 0.126700 0.054236 0.210092 -0.063190 0.092580 0.057333 -0.130826 -0.240954 -0.203099 -0.191863 0.150322 0.299480 0.059981 -0.096369 -0.243164 0.145522 0.009738 0.065127 0.106206 -0.186628 0.080229 0.149857 -0.072459 0.090506 -0.191192 -0.159484 0.124876 -0.178091 0.138290 -0.146284
norway 0.123717 0.159453 0.238676 -0.104552 0.172940 0.049171 0.027453 -0.061652 0.047015 0.271001 0.038885 0.117176 0.180656 -0.033254 -0.071212 0.049497 -0.098568 -0.133475 -0.098365 -0.242191 0.064908 0.144759 0.157661 0.155113 0.130483 -0.040304 0.083347 0.217622 -0.187970 0.013688 -0.297662 0.075220 0.048559 -0.004210 -0.032373 -0.068469 -0.189019 0.222742 -0.032731 -0.041337
baghdad 0.202658 -0.345673 0.201320 -0.052270 0.149701 -0.133542 -0.116592 0.348332 0.011990 -0.134333 -0.189330 -0.065214 -0.093993 -0.032541 0.143694 0.047540 0.016074 -0.126757 0.156202 -0.138026 -0.035980 -0.083629 0.115867 -0.046778 -0.068011 -0.078046 0.177817 0.096822 0.078339 -0.080754 0.051011 0.137085 -0.105515 -0.260168 -0.144137 -0.022988 -0.104084 -0.010911 -0.055689 0.308359
illinois 0.190444 -0.032588 0.036348 0.079233 -0.186954 0.194038 0.041540 -0.065889 0.044308 -0.117893 0.124260 0.280226 -0.178306 -0.153822 -0.055389 0.167251 0.125881 0.077765 0.036188 0.150614 0.014738 0.167170 0.087747 -0.092001 0.080327 -0.003319 0.028578 -0.124895 0.160143 -0.082643 -0.008953 0.253546 -0.260906 -0.194561 -0.076154 -0.001451 0.170615 0.075050 0.118777 0.243153
moving -0.086658 -0.062154 0.029578 -0.154238 -0.057511 -0.006083 -0.102436 -0.264721 -0.297429 -0.169226 0.213972 -0.129667 0.068437 0.302947 0.291595 0.021606 -0.110719 0.082393 -0.199148 0.161225 -0.038533 -0.278242 0.108785 -0.031034 -0.250702 0.125824 -0.017245 0.196592 -0.175824 -0.166856 -0.021247 0.100343 -0.160758 -0.060889 -0.044077 -0.020689 -0.018666 0.006728 -0.218868 0.134952
loud -0.011421 -0.142250 -0.032598 0.035634 -0.137696 -0.000916 0.048382 0.135781 -0.097276 -0.144958 -0.174354 -0.024912 -0.108511 -0.155601 -0.024782 -0.049575 -0.299846 -0.037459 0.131503 -0.042050 -0.248801 0.087609 0.111877 0.103708 0.070100 -0.157214 0.134971 0.073021 -0.007171 -0.406933 0.164728 -0.016383 -0.223317 -0.072948 -0.081493 -0.129763 -0.135287 -0.008227 -0.019086 -0.134025
thai 0.055259 -0.020739 0.068209 -0.011852 -0.218361 -0.043364 0.140869 0.084771 -0.000864 -0.185203 0.383917 0.047993 -0.240389 0.116602 0.126018 0.245510 0.045605 -0.161009 -0.114080 -0.129965 0.123602 0.013294 -0.118156 0.100788 -0.101605 -0.101784 -0.172618 -0.229740 0.021971 0.041195 -0.010942 0.067747 -0.066201 -0.008421 0.005901 -0.209109 -0.175038 0.025049 -0.095052 -0.069685
croatian 0.089098 0.087785 -0.211903 0.254598 0.043929 0.025481 0.160870 -0.063076 -0.290335 -0.004927 -0.061868 0.234898 -0.019634 0.041710 0.211850 -0.022973 0.106239 0.034274 -0.164836 -0.045907 -0.202771 0.009482 0.061967 0.107636 -0.320927 -0.009505 -0.025789 0.113665 0.233714 -0.026841 -0.198232 0.023283 0.007380 0.010349 0.113296 -0.383106 -0.113967 0.087279 0.173907 0.136406
argentina 0.049235 0.098728 0.101282 -0.008469 0.122693 0.066360 0.104087 -0.096764 -0.099544 -0.201421 -0.277816 0.009979 -0.182525 0.021033 0.021512 0.075541 0.058232 -0.037461 -0.116515 -0.090113 0.159017 -0.019665 0.015309 0.271475 -0.258174 0.011619 -0.166148 0.156101 -0.092483 0.123161 0.214465 -0.233640 -0.171537 -0.124052 -0.035734 0.039127 0.130452 0.192369 0.108158 -0.010536
vietnam 0.024852 -0.052595 -0.066947 0.235250 -0.028895 0.325318 -0.251971 0.168264 -0.005921 -0.017338 -0.097364 -0.258679 -0.071798 0.123448 0.119364 0.135069 -0.008314 -0.015493 -0.000916 0.034332 -0.205101 0.199644 0.010679 0.159948 -0.006037 -0.107752 -0.064429 0.055038 -0.114096 -0.247678 -0.308375 0.091220 -0.146760 0.075012 0.081656 0.269247 0.260158 0.003915 -0.123990 -0.133952
norwegian 0.141508 0.103377 0.125980 -0.091296 -0.029384 -0.041453 0.040070 -0.107647 0.038818 0.285143 0.107847 0.004845 0.029097 0.066220 0.093020 -0.021817 -0.101107 -0.287786 -0.169191 -0.003319 -0.014397 0.233784 0.276508 0.138156 0.183308 -0.013413 0.097972 0.177130 -0.233442 0.212380 -0.304084 0.238030 0.052237 0.146145 -0.076740 0.080957 -0.260646 0.135020 -0.145265 -0.051857
professionally -0.067803 0.037293 0.025188 -0.084363 -0.103420 0.042818 0.257975 0.354958 0.012619 0.050030 0.026845 -0.052299 0.068750 -0.035031 0.074248 0.001020 -0.185035 -0.174913 -0.242435 -0.018450 0.176271 0.041638 0.065726 0.068419 0.122066 -0.126114 0.282067 -0.093659 0.027079 -0.080113 0.017188 0.002498 -0.050406 -0.031117 -0.033133 -0.171314 0.218224 0.154074 0.215487 0.187009
argentinean 0.134775 -0.070743 0.051457 0.064076 0.005102 -0.039501 0.021114 0.008078 0.001701 -0.255546 0.034524 0.010148 -0.156271 -0.137185 0.055643 0.029223 0.004847 0.042257 0.085223 -0.071705 0.332462 -0.022597 0.048183 0.449746 -0.195333 -0.043289 -0.200521 0.193410 -0.099315 0.010201 0.148755 -0.257820 -0.199974 -0.091315 0.004516 0.083058 0.072908 0.108092 -0.220051 0.175792
louder 0.111267 -0.237316 0.045790 0.047791 -0.150116 -0.049597 -0.025168 0.019277 0.018467 -0.154763 -0.190037 -0.147115 -0.098641 0.032995 -0.034142 -0.092387 -0.310498 -0.082223 0.161276 -0.048523 -0.177244 0.204949 -0.108901 0.001394 0.151647 -0.199602 -0.204886 0.010880 -0.008459 -0.288168 0.079335 -0.102076 -0.350260 0.143561 -0.012849 -0.065473 0.044807 0.079609 0.090318 0.057178
chicago -0.090473 0.013936 0.134266 -0.103486 -0.390610 0.228982 -0.155648 -0.168992 0.062181 -0.082992 0.006613 -0.062179 -0.115578 -0.103693 -0.152541 -0.173386 0.061420 0.039914 -0.177426 -0.168899 -0.051134 0.375835 -0.131106 -0.033374 -0.022964 -0.019183 -0.079303 -0.097102 0.224591 -0.030054 -0.018410 0.128886 -0.177782 -0.373834 -0.136301 0.000535 -0.028227 0.051951 0.230791 0.218558
move -0.000775 0.019879 0.028502 0.036195 0.086888 0.049917 0.066610 -0.080868 -0.221713 -0.001165 0.216202 -0.050307 0.014312 0.217842 0.256425 -0.133409 -0.152002 0.173089 -0.261511 -0.102488 0.050815 -0.047311 0.100768 0.000909 0.035896 0.144254 0.031190 0.058932 -0.002089 -0.090793 -0.056957 -0.051605 -0.298258 -0.076971 -0.030056 -0.159337 0.013918 0.078210 -0.062551 -0.129370
thailand 0.139857 0.010175 0.054305 -0.004499 -0.123583 0.048159 0.264712 -0.090012 0.134503 -0.157554 0.199466 0.051274 -0.210120 -0.020095 0.148776 0.136897 -0.016052 0.002762 -0.110962 -0.021674 0.110665 -0.024353 0.049777 0.036441 -0.082777 -0.073888 -0.361156 -0.200555 0.012129 -0.133549 -0.193639 0.007892 0.073705 0.099292 -0.221883 -0.089101 -0.257862 0.168494 -0.121697 -0.046367
ukraine 0.036251 0.035012 -0.010739 0.093856 0.245923 -0.076191 0.004175 -0.009278 0.161145 0.078778 -0.037013 -0.148096 -0.111093 -0.002930 0.023969 -0.232197 0.017777 -0.281741 -0.067936 0.121146 0.038671 0.039790 -0.107725 0.072198 0.270186 0.134969 -0.213850 0.056591 -0.340950 -0.333960 -0.175142 -0.143723 0.033150 -0.035182 -0.203247 -0.125742 0.091984 -0.048885 -0.001061 0.191330
plano 0.015436 0.146265 0.195807 -0.252660 -0.067127 -0.195883 -0.005168 -0.103326 -0.189951 -0.078088 -0.049252 0.202301 -0.142738 -0.041838 -0.142342 0.038611 -0.050991 0.075547 -0.042876 -0.074582 -0.188105 0.190499 -0.095941 0.171318 0.110659 -0.279667 0.051571 0.218333 0.033105 -0.047040 0.009731 -0.045794 0.087557 0.000572 -0.316602 -0.152434 0.275343 -0.161979 -0.154958 0.096204
texas 0.316112 0.098005 0.246210 -0.055585 -0.020946 -0.028527 0.091600 -0.291255 -0.231962 -0.016036 0.048758 0.151447 -0.155846 0.001261 -0.068452 0.207759 -0.120121 -0.050964 -0.077921 0.066447 -0.248583 0.151928 -0.138286 0.102813 0.029042 0.000986 0.238747 0.097242 0.014757 0.049070 0.117432 -0.137075 0.155348 -0.074365 0.002753 -0.179839 0.254862 -0.076439 -0.038161 0.027518
tough 0.114099 0.039541 0.070371 -0.081726 -0.065887 0.105430 -0.172635 0.172944 0.225145 0.100780 0.029202 -0.051604 -0.210258 -0.131924 0.209067 -0.237169 0.023585 -0.237829 -0.106820 0.072013 -0.171094 0.003352 0.153369 -0.063957 -0.261910 -0.303906 0.074517 -0.112931 -0.245865 0.195992 -0.041902 -0.094868 -0.043361 0.089042 0.056805 -0.018931 0.021367 -0.086543 0.050592 0.124465
flying -0.136162 -0.452553 0.021079 -0.065696 -0.008778 0.204164 0.264778 -0.056459 0.064322 -0.051653 -0.188233 0.167649 0.050310 0.211700 -0.020773 -0.011158 0.201232 -0.029132 -0.263657 0.058055 -0.140914 -0.168519 -0.147696 0.118883 0.070297 -0.106853 0.205289 -0.122434 -0.058597 -0.066129 -0.023690 -0.069412 0.051161 -0.128278 0.006456 -0.105277 0.038767 0.010265 -0.197777 0.035831
iraq -0.047767 -0.201886 0.069319 0.001934 0.076744 -0.070158 0.071342 0.214340 0.112529 0.025361 -0.006733 -0.002848 -0.197440 0.262359 -0.108595 0.094562 0.083600 -0.033198 0.120420 0.013656 -0.035224 -0.080304 0.153425 0.037688 -0.198086 -0.059393 0.021940 0.346107 -0.011467 -0.151834 0.092055 0.083618 -0.143259 -0.265637 0.090125 -0.149331 -0.118149 0.012409 -0.071500 0.152008
professional 0.077511 -0.138695 -0.094384 -0.120185 -0.201599 -0.101502 0.055424 0.277893 -0.003285 0.112238 -0.024006 0.125182 -0.188323 0.174202 0.071632 -0.042236 0.044137 -0.259838 -0.188742 -0.123373 0.164276 0.021772 -0.062723 -0.045074 0.030394 -0.090656 0.186587 -0.158838 -0.111868 -0.102129 0.077920 -0.107644 -0.075637 0.071954 -0.062466 -0.009471 0.157461 -0.072264 0.201634 0.240973
fly 0.210389 -0.225010 0.156189 -0.072903 0.065820 0.262969 0.318886 -0.079744 0.146843 -0.156926 -0.157381 0.092732 0.163482 0.223934 0.132201 -0.152295 0.118884 -0.062145 -0.154816 0.009993 -0.120470 0.007332 -0.044470 0.265258 0.139740 0.037409 0.163335 -0.184516 -0.133378 0.031045 0.045292 0.051335 0.003737 -0.038800 -0.012437 0.064732 -0.047074 -0.014225 -0.052920 0.006851
danish -0.221879 -0.068053 0.163829 0.163989 0.244030 -0.153582 0.273851 0.038317 0.044784 0.112374 0.031357 0.177490 -0.166110 -0.144805 0.124059 0.046019 -0.204148 0.102426 -0.004876 -0.096490 -0.078390 -0.101965 -0.263292 0.114749 -0.239392 0.008131 -0.041503 0.022520 -0.068958 -0.062623 -0.136379 -0.000531 -0.161554 0.176992 0.121434 0.085673 -0.069377 0.012010 0.033494 0.244165
denmark -0.017645 -0.193431 0.115498 0.093178 0.181132 0.046238 0.090975 0.018062 0.015721 0.179384 -0.035861 0.264420 0.009604 -0.287226 0.044283 0.081744 -0.331854 0.127629 -0.068719 0.050288 -0.084025 -0.059873 -0.254481 0.013362 -0.050789 -0.147207 -0.020348 0.047441 -0.210480 -0.071985 -0.138800 0.049421 -0.086240 -0.006728 0.183944 -0.123136 0.048164 -0.043153 0.049580 0.114980
croatia 0.193017 -0.010654 0.081269 0.101851 0.021169 0.166943 -0.037342 -0.103555 -0.236187 -0.099414 -0.143952 0.104419 0.059001 -0.006967 0.093138 -0.081564 0.176201 -0.020837 -0.083879 -0.171949 -0.096364 -0.074759 -0.007250 0.038239 -0.091352 -0.118317 0.023476 0.105511 0.037022 -0.272664 0.044997 0.117411 0.072141 0.078997 0.036022 -0.269274 -0.072338 -0.079991 0.168737 0.252497
