move 0.197497 -0.268116 -0.597113 0.471212 0.011197 -0.283548 0.497277 -0.229112 -0.005996 0.551479 0.255308 -0.403249 -0.304685 -0.861189 0.860738 0.224152 0.405770 -0.776394 -0.250843 0.172288 -0.282453 -0.492874 0.173245 -0.003621 0.201782 -0.421178 -0.330014 0.051809 0.165017 0.480931 0.115987 0.243093 -0.435284 -0.390524 -0.385655 0.064645 -0.038895 -0.123334 -0.051231 0.383147 -0.000886 -0.137541 0.269658 -0.121106 -0.349959 -0.161468 0.290483 -0.050423 0.337914 0.415934
tougher 0.123994 -0.460984 -0.672700 0.220184 0.361570 0.537475 0.093343 -0.293650 -0.311801 0.868860 -0.189967 -0.583613 0.003098 -0.082940 0.629867 0.270309 -0.522546 -0.022824 -0.578616 0.137730 -0.124956 0.609463 -0.175897 -0.262972 -0.343442 0.304014 -0.452962 0.188311 0.149398 0.061124 0.524412 0.154635 -0.565202 -0.311037 -0.400981 -0.189265 -0.556844 -0.398560 -0.188328 0.040416 0.526854 -0.268785 0.639614 0.623549 0.064804 -0.892092 -0.255751 -0.597503 0.822994 -0.682937
occasionally 0.492910 -0.509116 -0.198330 -0.031792 0.282679 -0.094060 -0.057589 -0.107570 0.274304 0.195696 0.186459 -0.444298 -0.634983 -0.657229 -0.191221 0.212942 0.497468 -0.582840 -0.179346 0.328791 0.375100 0.418350 -0.394869 -0.332685 0.593129 0.079185 -0.058043 -0.517660 0.422182 -0.257385 -0.062206 0.403955 -0.000743 -0.050286 -0.178353 -0.185661 -0.106867 0.575009 0.251652 -0.045079 0.030581 0.172828 0.621409 -0.324865 -0.128436 0.445700 -0.094752 0.138165 -0.400158 0.622857
argentina 0.565252 0.480849 -0.269793 -0.472856 -0.684748 -0.168954 0.062778 -0.204977 0.019618 0.328660 0.092959 0.475567 0.034198 0.422701 -0.387325 -0.184634 0.187703 0.472375 0.698235 -0.090486 0.532278 0.231196 -0.443505 0.436667 -0.454030 0.109562 0.368699 -0.142055 -0.540253 -0.132042 -0.743264 -0.354434 -0.090227 -0.624084 0.501778 0.464985 -0.686497 -0.050491 0.723859 -0.379026 0.642219 -0.102970 0.122623 -0.025330 0.086222 -0.529543 -0.689578 0.154900 0.132158 -0.422761
danish -0.022371 0.360860 -0.395124 -0.454239 -0.063481 0.491705 -0.560664 0.195141 -0.603569 0.160307 -0.449787 -0.263287 -0.232755 0.391265 -0.385837 -0.770695 -0.323127 0.123172 -0.003702 -0.338927 -0.416802 -0.441472 0.233001 0.307333 -0.367680 0.309096 0.056951 0.492444 -0.046120 -0.061195 0.135195 -0.052447 0.026316 -0.155160 -0.226939 -0.248694 -0.224292 -0.048304 -0.146513 -0.452908 0.233934 -0.399963 0.344900 -0.288929 -0.094151 0.353361 -0.064372 -0.200128 0.216214 -0.199792
fly 0.523895 0.242492 -0.500396 0.261638 -0.329002 -0.062331 0.785288 -0.027905 0.293694 0.153213 0.450393 0.224337 -0.662953 -0.065916 0.375316 0.575947 0.737776 -0.731779 -0.319793 0.547929 -0.057194 -0.260296 -0.023613 -0.053108 -0.166325 -0.225273 -0.141357 0.258093 -0.473871 0.176080 0.366869 0.481822 -0.338663 -0.085915 0.219140 -0.191969 0.289598 -0.961108 -0.426530 0.356438 0.134010 0.040154 -0.203877 -0.280347 -0.363147 -0.824797 0.289093 -0.437150 0.183537 -0.112470
louder -0.267004 -0.083582 -0.323250 -0.208535 0.143384 -0.286168 -0.409171 0.002965 -0.265532 0.693227 -0.294360 -0.580720 0.505856 -0.402778 0.397925 -0.621168 -0.579361 0.382369 0.097277 -0.597662 -0.468778 -0.191282 0.647934 0.547625 -0.907302 0.009169 -0.065366 0.476762 0.159244 0.497913 0.111081 -0.100084 -0.120405 -0.588682 -0.462662 -0.484894 -0.015523 0.553528 -0.320568 -0.582062 0.224491 -0.442023 0.459860 0.111981 0.173514 0.617126 -0.159570 -0.072573 0.222491 -0.478119
loud -0.038372 -0.501442 0.177719 -0.130750 0.070785 0.112031 -0.268555 0.457474 0.091877 0.252399 0.088698 -0.388741 -0.607540 0.382990 -0.394472 0.163029 0.106618 0.128163 0.064000 -0.197265 0.036849 0.427937 0.078062 -0.334173 -0.325685 -0.164160 -0.380865 0.309004 0.212209 -0.425316 0.563392 0.469983 -0.270933 -0.402006 -0.231160 -0.098526 -0.043973 -0.474139 -0.829852 -0.005948 0.190457 -0.091715 0.364001 0.458074 0.020356 0.074992 -0.328805 -0.425538 -0.320139 -0.785471
norway 0.222679 -0.497395 0.433423 0.327016 0.267895 -0.069484 -0.340324 0.121369 0.133270 0.406814 0.232899 -0.510140 0.278203 -0.175985 0.377449 0.161030 0.041447 0.357653 0.106321 0.095500 0.132049 0.331841 0.400173 -0.001688 0.212226 0.179755 0.112595 -0.313280 -0.495836 0.111818 0.588665 0.150621 0.601764 -0.340280 -0.469350 0.152123 -0.618544 -0.069939 0.065913 0.498029 0.033288 0.213127 0.492011 0.095185 -0.659581 -0.512584 -0.282633 0.285063 0.614458 0.201568
ukraine -0.259075 -0.702683 -0.206143 -0.027884 -0.004203 -0.432465 -0.270210 -0.485369 -0.022268 -0.306616 0.418658 -0.506037 -0.438323 -0.142730 -0.513171 0.463389 -0.120517 0.038211 -0.080137 -0.177054 0.428266 0.062324 -0.481251 -0.049192 0.236209 -0.119718 0.066896 0.194725 0.454347 -0.439458 0.280516 0.122088 0.048040 0.018669 0.161854 0.000026 -0.469101 0.270200 -0.057596 -0.172537 0.319735 -0.051122 0.642099 0.557722 0.107573 0.589020 -0.589649 -0.909647 -0.226270 -0.206801
professional 0.528486 0.165803 0.139234 0.093984 -0.271411 -0.345724 0.420570 0.003253 0.441924 -0.182938 0.679711 0.451859 0.068123 -0.475969 0.045745 0.122473 0.173356 -0.160262 0.019536 0.314638 0.159695 0.079112 0.388545 0.214762 -0.480585 -0.231794 0.168288 0.218914 -0.113176 0.162542 0.082181 0.430295 -0.306660 -0.411705 0.168498 -0.313870 0.479533 -0.032698 -0.070764 -0.231576 0.010724 -0.052253 -0.035636 -0.148317 0.261991 0.027899 0.205058 0.017715 -0.397335 0.018588
moving 0.585279 0.403790 -0.065494 -0.302663 -0.119449 -0.061391 -0.220032 -0.313123 -0.097074 -0.136869 0.083065 -0.115595 -0.083749 0.033893 -0.317251 -0.351824 -0.069634 0.240900 0.113559 -0.018151 0.363966 -0.446693 0.042339 0.511396 -0.231870 0.380169 0.678627 -0.078841 -0.521888 0.087426 0.239489 0.088283 0.512786 0.125120 0.227708 -0.335028 -0.496899 0.378013 0.539298 -0.493613 0.162235 0.021032 0.163785 -0.501895 -0.280664 0.031704 -0.318159 -0.232135 0.076719 0.211914
tough 0.443707 -0.369317 0.082486 0.024391 -0.079942 -0.628854 -0.221870 -0.019316 0.943025 0.168369 0.599823 -0.231382 0.277706 -0.130068 -0.614381 0.347680 0.007534 0.134550 -0.506193 0.503387 0.337539 0.305682 0.412485 0.118694 -0.255644 0.029788 0.789444 0.417856 -0.248776 -0.180596 0.830172 0.514898 0.544843 0.028686 0.622267 -0.698780 0.216478 -0.216924 -0.711636 -0.340796 -0.333561 0.325890 0.517472 -0.172700 0.135219 0.516171 0.054110 -0.137103 -0.165640 -0.159680
flying 0.600113 -0.351497 0.087050 -0.622679 0.137957 0.475544 0.552763 0.215924 0.913048 0.556463 0.447276 0.323498 0.178231 -0.211267 -0.323085 0.177818 0.354255 -0.224705 -0.179970 0.447047 -0.159491 0.666459 -0.408144 -0.052342 0.035110 0.123808 -0.179925 -0.400998 0.100029 0.541067 -0.197815 -0.390137 0.125847 -0.025459 -0.320708 -0.499800 0.112041 0.460986 0.030856 0.567854 -0.338000 0.112028 -0.129327 -0.044312 -0.026838 -0.428181 -0.090453 0.823584 0.409084 -0.055717
professionally -0.547638 -0.021833 0.370484 0.055274 0.622306 0.066521 -0.154594 0.340276 -0.103501 -0.297448 -0.317406 -0.724549 -0.686695 -0.008895 0.175977 -0.396602 0.362955 0.399657 0.124857 -0.452893 0.367155 -0.095624 0.504339 0.097683 -0.454374 0.618546 -0.368244 -0.537655 -0.810748 0.567094 0.147872 0.304515 0.762519 0.373865 -0.449013 -0.474218 0.317518 0.241731 -0.552088 -0.001073 0.045643 0.255119 -0.272871 -0.898405 -0.300133 0.232277 -0.184395 0.475533 -0.458993 0.313870
norwegian 0.269718 -0.290953 -0.377626 -0.208541 0.552084 0.753443 0.343887 0.149424 -0.024939 0.530401 0.065784 -0.043544 -0.141207 -0.415950 -0.026990 -0.169114 -0.361240 -0.512272 -0.645287 0.490237 -0.624481 0.002647 -0.010588 -0.095981 -0.025290 0.586055 -0.447458 -0.001387 0.227576 0.534652 0.408229 -0.096099 0.078455 0.346955 -0.488656 -0.910721 0.278000 0.114399 -0.200112 0.341498 -0.240148 -0.090135 0.172868 -0.395098 -0.036764 -0.256572 0.347488 0.080190 0.545657 0.150007
argentinean -0.272256 -0.456697 -0.238040 0.608423 -0.105259 0.448940 -0.280572 -0.486252 -0.323194 -0.497150 -0.397658 -0.657350 -0.423425 0.481369 -0.421045 0.101885 -0.027802 0.012466 -0.778579 0.207454 0.557147 -0.171605 -0.174157 -0.506031 0.357332 0.378054 0.077421 0.327886 -0.326135 -0.443922 0.232508 0.207932 0.223463 0.391927 0.446071 0.319398 -0.266870 -0.808329 -0.234154 -0.063958 -0.216777 0.579175 0.422275 -0.437526 0.218386 -0.100740 0.088931 0.053204 0.265721 0.506531
ukrainian 0.463459 0.108735 0.378814 0.434137 -0.276667 -0.717636 -0.711643 -0.278255 -0.242366 -0.049788 -0.249399 0.508498 0.781542 -0.585025 0.468016 0.059831 -0.452242 0.343438 0.240243 -0.465250 0.567367 0.152662 0.567103 -0.378728 -0.200499 0.176458 0.575935 0.437413 -0.020374 -0.420541 0.273269 0.322205 -0.322497 -0.384174 0.552926 -0.138820 -0.165736 -0.145394 0.404678 -0.663490 -0.053185 0.368379 -0.001100 0.479172 -0.093178 -0.143271 0.680134 -0.474495 -0.424924 0.515644
occasional -0.059731 0.045120 -0.315384 -0.350299 -0.013932 0.441082 0.654633 -0.156480 0.217988 -0.211623 0.433636 0.214945 -0.215205 0.156464 -0.279060 0.402184 0.010970 -0.311595 -0.305531 0.233992 -0.301533 -0.219160 -0.583558 0.091796 -0.070481 -0.024763 -0.535487 0.004225 0.239054 0.296499 -0.031116 -0.234436 -0.205805 0.402333 -0.139661 -0.455631 0.359801 0.117757 0.116471 0.185649 0.234596 -0.698477 -0.281318 0.144232 0.224277 -0.309880 -0.392593 -0.348840 0.261685 -0.744976
denmark 0.497098 -0.423833 -0.197850 -0.229515 0.327267 -0.123818 0.360392 0.427384 0.430062 0.236820 0.803265 0.157179 -0.800180 -0.909416 -0.310295 0.058708 0.345639 -0.833887 -0.016093 0.558212 -0.566473 0.134634 -0.026651 0.312796 0.255627 -0.042914 -0.201435 -0.059452 0.510454 0.169538 0.322034 0.154900 0.160712 -0.265594 -0.432530 -0.555708 0.296661 0.379003 -0.214127 0.640143 -0.186039 0.116495 0.514014 -0.298712 -0.575115 0.525784 0.246412 0.041731 -0.173526 0.431282
