move 0.023229 0.060410 -0.024361 -0.011871 -0.035351 -0.026492 0.014508 0.038539 -0.023102 -0.038021 -0.280764 -0.134393 0.058624 0.022393 -0.007141 -0.182980 -0.117818 -0.034595 0.296334 -0.139520 -0.016955 0.027670 0.045037 0.029891 -0.302005 0.015742 -0.021719 0.037535 -0.033148 -0.024946 0.002291 -0.021629 -0.210380 0.112638 -0.163699 -0.026651 -0.016606 0.017492 -0.011120 -0.235463 0.071082 0.092147 0.032835 0.007911 -0.035802 0.026570 -0.047754 0.028295 -0.216355 -0.013689
tougher -0.170443 0.062599 -0.006224 0.017271 -0.080217 0.008441 0.036016 -0.026344 0.017865 -0.021761 0.089194 0.106660 -0.083853 0.019423 -0.010479 -0.087028 0.236919 0.018201 0.070131 0.088097 -0.012244 0.012606 0.009507 0.007486 -0.069158 -0.011528 0.047163 0.183128 0.016043 0.006827 0.004167 -0.103302 -0.026986 0.034665 0.083339 0.031477 -0.000307 -0.050205 -0.020047 -0.308636 -0.008949 -0.041656 -0.048973 0.031676 -0.132350 -0.011081 0.040049 -0.013868 0.293723 0.022136
occasionally 0.018506 0.128733 -0.005370 -0.028101 0.000396 -0.002809 -0.032591 -0.040862 0.001256 -0.073242 -0.162121 -0.072879 0.184822 -0.016546 0.023186 0.055101 -0.003752 -0.020898 0.037584 -0.102826 -0.028604 -0.022418 0.004260 -0.040806 0.269658 0.029690 0.031601 0.102281 0.029516 0.056846 0.016584 -0.128250 -0.006153 0.080011 0.216297 0.012536 -0.006503 0.010494 -0.016604 0.181808 -0.055161 0.171539 0.066544 -0.010348 -0.017903 -0.020514 -0.021270 0.020133 -0.000262 0.051990
argentina -0.184710 0.037926 0.010300 0.021605 0.133176 0.028558 -0.037270 0.007253 -0.035214 0.097939 0.158076 0.064890 -0.018070 0.013269 0.004716 0.093150 -0.115416 0.041660 0.074079 -0.039939 0.009113 -0.019865 -0.011017 -0.011391 -0.031726 0.033944 -0.031291 -0.144746 -0.003099 0.044017 0.004418 -0.076906 0.190497 -0.064264 -0.157034 -0.048097 0.049205 -0.043625 0.023303 0.147365 -0.092472 0.214308 -0.043725 -0.022650 -0.163954 0.026754 -0.038506 0.010116 0.049103 -0.023891
danish 0.099639 -0.089071 -0.063207 -0.032887 0.152752 -0.008964 -0.020179 -0.015777 0.004699 -0.032509 0.120934 -0.048019 0.059129 -0.011238 -0.006879 -0.036269 0.004799 -0.120584 -0.005838 0.019353 -0.062633 -0.007752 0.038215 -0.012869 0.270097 -0.014392 0.022122 -0.208875 0.022513 -0.145406 -0.009194 0.099622 -0.057996 0.028427 0.105157 0.036665 -0.035799 0.068957 -0.019678 -0.229318 0.010135 0.043723 -0.143823 0.043213 -0.044993 -0.032205 -0.020386 0.004882 -0.220674 0.060048
fly -0.039060 0.118212 0.028337 0.010107 -0.093270 -0.004818 -0.031898 -0.009856 -0.027224 -0.134478 0.075440 -0.159162 0.078349 -0.012897 0.025913 -0.230910 -0.096732 -0.034113 0.239981 0.030750 -0.032471 -0.031852 -0.010358 -0.036763 -0.250309 0.050876 -0.014214 -0.141072 -0.028491 -0.090143 -0.000325 0.223990 -0.109418 0.059569 0.029254 -0.026117 0.015072 -0.002207 -0.027117 0.051132 -0.066317 0.029023 0.208148 -0.033016 -0.005804 0.001138 -0.034670 0.034967 -0.142571 -0.005878
louder -0.217460 -0.106377 0.044787 0.027865 -0.134270 0.002890 -0.038801 0.016278 -0.015470 0.004114 0.026551 0.316677 0.014530 -0.027904 0.016921 -0.053466 0.051657 0.052025 -0.057890 -0.046960 0.018045 -0.033250 -0.046706 -0.007805 0.010965 0.012690 -0.058130 0.023151 -0.046999 0.050818 0.011033 -0.108750 0.029613 0.053673 0.085845 -0.035877 0.014718 -0.005042 0.011196 -0.282385 -0.017192 -0.203389 0.204589 -0.037522 0.014068 -0.006311 -0.022407 0.027945 0.099338 -0.029868
loud -0.081966 0.133637 0.008478 -0.016625 -0.052206 -0.012021 0.051795 -0.010748 0.040643 -0.021998 -0.169478 0.215040 0.082068 -0.016204 -0.022971 0.043662 -0.347344 -0.013387 -0.262257 0.141039 0.034875 -0.007136 0.004250 0.025517 0.016548 -0.021838 0.010237 0.054775 0.032187 0.024950 0.021399 0.154656 0.001711 -0.004230 -0.082828 0.022714 -0.026096 -0.006362 0.003586 -0.056375 0.016564 -0.044207 0.120653 -0.022096 -0.060666 -0.011526 0.030849 -0.004764 0.200711 0.023328
norway 0.023897 -0.007487 0.004563 0.000876 0.183050 0.010761 0.005518 0.040488 -0.014626 0.084764 0.127014 -0.010350 0.085891 -0.002930 0.004502 0.302404 -0.158191 0.044847 0.041569 0.002859 0.010229 0.003679 -0.034163 0.034982 -0.328868 -0.011817 -0.030747 -0.037783 -0.021477 0.035986 -0.004835 -0.127953 0.219340 -0.019099 0.046351 -0.011910 -0.007411 0.032058 0.000788 0.009255 -0.070102 -0.029051 0.026277 -0.012105 -0.099590 0.007458 0.001659 -0.025086 0.013223 -0.021613
ukraine 0.115422 -0.096353 0.020895 -0.015528 0.015258 -0.037937 -0.018320 0.001758 0.023072 0.006507 0.090558 0.115089 0.140051 -0.014669 -0.004683 0.067946 -0.063811 0.097675 0.122998 0.134663 0.010377 -0.004909 0.035396 -0.015502 -0.183065 0.014584 -0.005384 -0.083157 -0.024779 0.095037 0.033510 -0.102934 0.110042 0.002462 -0.065432 -0.004359 -0.011795 0.034142 0.019002 0.193310 0.129334 -0.001994 -0.077791 -0.005316 0.051169 0.016830 -0.033321 -0.000520 0.275866 -0.028294
professional 0.032202 -0.281158 0.004361 0.007215 0.004074 0.003423 0.009322 -0.031079 -0.007807 0.090573 0.079628 -0.072151 -0.152073 -0.029849 -0.001098 -0.132479 -0.067195 -0.021794 -0.062796 -0.174569 -0.030380 -0.040628 0.021739 -0.038417 0.079898 0.013060 0.015057 0.323271 0.005764 0.014063 0.037140 0.009465 -0.131601 -0.096346 -0.039663 -0.003443 -0.004635 -0.023802 -0.028451 0.226315 -0.056987 -0.298525 -0.032224 0.005827 0.023062 -0.032397 -0.022280 0.043366 -0.002336 0.010969
moving 0.080026 -0.036439 -0.014860 -0.011598 0.021784 0.009695 -0.040183 -0.004047 -0.004201 -0.006356 -0.071119 -0.013860 -0.229818 0.030978 0.011699 0.079042 0.126039 -0.019014 0.026644 0.064254 0.029050 0.023398 -0.005602 0.009009 -0.078388 0.025389 -0.009065 0.198241 0.044949 0.048971 -0.002421 0.042927 0.195256 -0.037299 -0.043298 -0.004338 0.008501 -0.011381 0.039592 -0.019587 0.085183 0.205256 0.236656 -0.004571 0.097973 0.029672 0.015155 -0.008418 -0.055575 0.017176
tough 0.017327 0.165000 -0.011187 -0.026006 -0.022725 -0.035913 -0.037724 -0.000754 0.033095 -0.104864 -0.103779 0.003877 -0.188857 -0.031596 -0.032234 -0.058508 -0.158608 -0.025943 -0.312739 0.060979 0.007850 -0.021903 0.009469 -0.018373 -0.087499 -0.027499 -0.015523 -0.040087 0.001973 0.006420 -0.016358 0.104201 -0.045273 0.094069 0.118448 0.012211 -0.021120 0.025470 0.028336 -0.039925 -0.109774 0.013750 -0.191372 -0.002914 0.005032 -0.018350 -0.005193 0.003632 0.287222 0.028946
flying 0.088429 0.138782 0.002815 0.045899 0.028960 0.036476 0.040230 0.024887 -0.022982 -0.086305 0.026277 0.006520 -0.212120 -0.014269 0.026526 -0.066120 0.124786 -0.041923 -0.097020 0.017763 -0.035601 0.012200 0.008823 0.017345 -0.072704 -0.036559 -0.002048 0.060941 -0.029688 -0.015041 0.001690 0.062812 0.330122 0.146648 0.030139 -0.011375 0.000780 0.005181 -0.052168 0.271389 0.132569 0.059992 0.135579 0.065384 0.088805 -0.021893 0.011645 -0.011025 -0.135670 -0.056747
professionally -0.054839 -0.144863 0.019276 -0.001569 -0.071771 -0.024872 0.001698 0.009630 -0.001385 -0.026457 -0.140362 -0.143369 0.270354 0.022880 0.015619 -0.045972 0.044268 -0.081910 -0.175971 0.041006 -0.011398 0.014904 0.010371 -0.003609 0.178510 0.010037 0.004768 0.155330 -0.065912 -0.168804 0.002130 -0.187495 0.179492 -0.087811 0.130276 0.004864 0.002848 -0.003675 -0.002532 0.200741 -0.074864 0.082816 -0.036235 0.002204 -0.088791 0.029588 -0.051758 -0.006755 -0.042193 -0.018060
norwegian 0.000406 -0.006651 0.002492 0.019412 -0.092285 0.011271 -0.000508 -0.019334 -0.008036 0.033579 -0.087630 -0.072667 0.069515 -0.010967 0.013202 0.293681 0.119823 0.067731 0.003999 0.051261 0.004093 -0.018936 0.029502 -0.027103 0.095356 -0.000418 0.016689 -0.041298 0.030095 -0.040305 0.014404 0.074518 -0.052504 -0.036735 0.016446 -0.011243 0.014345 0.004797 -0.008692 -0.127096 -0.038265 -0.094812 -0.137124 0.006903 -0.003412 -0.015460 0.000480 0.001514 -0.141594 -0.007796
argentinean -0.032202 -0.030055 -0.011364 0.026941 -0.023238 0.019175 0.036350 -0.012511 0.032961 0.066714 0.020364 0.008075 -0.062133 -0.026998 -0.020075 -0.012463 0.128371 0.102849 -0.108279 0.072245 -0.000098 0.004726 -0.022149 -0.008611 0.258631 -0.061460 0.029632 -0.182433 0.018419 -0.011560 -0.029261 0.032105 -0.202644 -0.093946 -0.190961 0.039892 -0.004458 -0.007499 -0.006127 -0.057771 -0.065872 0.039932 -0.054891 0.025798 -0.011520 -0.050681 0.059378 -0.016256 -0.168775 -0.010880
ukrainian 0.059224 0.013461 0.018914 -0.050080 -0.061182 -0.042890 -0.036044 -0.020185 0.042849 -0.040952 0.136201 -0.015808 0.184504 0.003765 -0.023540 0.052530 0.221345 -0.020891 -0.171778 -0.048935 0.015969 0.009833 -0.045958 -0.014860 0.131030 0.002896 -0.000763 -0.068355 -0.019942 0.054543 -0.015918 0.098856 -0.177756 -0.042736 -0.121533 0.027913 -0.013293 0.001323 0.036853 -0.032228 0.083793 -0.095389 -0.174363 -0.045122 0.197146 0.020382 0.003262 0.015958 -0.004073 0.036984
occasional 0.049335 -0.090484 -0.030106 -0.020961 -0.064141 0.005806 -0.018627 0.048581 -0.020576 0.036813 0.046300 -0.072275 -0.218753 0.000609 -0.004395 0.034368 -0.178623 -0.017979 0.052706 -0.118696 0.017623 0.021210 -0.026416 0.030540 0.093121 -0.006804 -0.044696 0.025824 -0.006958 -0.073713 -0.041610 -0.130870 -0.221228 -0.081842 0.050026 -0.026085 -0.006686 -0.008386 0.028720 0.196761 0.085433 -0.225609 0.014577 -0.015628 0.134738 0.010006 -0.009634 0.010999 0.095862 -0.008984
denmark 0.066301 -0.046849 -0.021369 -0.022181 0.243654 -0.026538 -0.013033 -0.006444 0.023363 0.209316 0.008145 0.112941 0.069023 -0.016584 -0.023403 -0.094072 -0.108689 -0.132713 0.132320 0.038220 0.009004 -0.018577 0.015965 -0.002740 -0.108868 -0.022353 -0.003421 -0.186692 0.003660 0.021588 -0.008417 -0.002357 0.128507 -0.148398 0.113131 0.016506 -0.021516 0.048432 0.021766 0.067437 -0.114010 0.022885 -0.108151 -0.000359 -0.099529 -0.016354 -0.007769 0.013455 0.031779 0.032351
