fly -0.155062 -0.157013 -0.349455 0.505169 0.578627 -0.103850 0.047904 -0.013224 -0.209547 0.292998 -0.103301 -0.193044 -0.060099 0.169117 -0.523705 0.314745 -0.643138 0.696471 -0.356293 -0.497435 0.365179 0.038313 0.579101 0.612085 -0.669223 -0.037418 -0.441077 0.605801 0.352266 0.032028 0.515355 -0.242986 0.036111 0.073261 0.385894 -0.028564 -0.269257 -0.952310 0.261947 0.017687 0.385823 0.054557 0.224900 0.560671 -0.335118 0.452352 -0.212268 -0.366808 0.079493 0.405681
loud 0.017981 -0.097738 -0.297163 -0.291639 -0.611248 0.151691 0.678023 -0.040363 -0.571156 0.702357 0.444860 -0.091851 -0.652245 -0.530811 0.159398 0.177491 0.728983 0.510545 0.497462 -0.250576 -0.765246 0.272644 0.541426 -0.339040 0.383131 -0.103274 -0.240989 0.649486 -0.448963 0.169953 -0.556412 -0.264834 -0.052897 0.418848 -0.386304 -0.593310 0.014791 -0.503875 -0.232199 -0.480076 -0.221537 0.531225 0.713884 0.318877 -0.147847 -0.471119 -0.139853 0.435222 0.289739 -0.688980
tough 0.309179 -0.042815 0.205688 -0.093766 0.026313 -0.562825 -0.386838 -0.341513 0.269583 -0.399471 0.875984 -0.530365 -0.210157 -0.311534 -0.030808 0.237199 0.479921 0.431062 0.444647 0.395159 0.059996 -0.417280 -0.167678 -0.406417 0.681174 0.002041 -0.128900 -0.103941 -0.165055 -0.289187 -0.612172 0.453941 -0.387516 -0.170634 -0.023804 -0.543721 -0.230968 -0.339003 -0.186766 -0.231320 -0.404913 0.643594 0.263717 0.385677 -0.362025 -0.360374 0.021191 0.374050 0.481973 -0.158168
occasionally 0.078467 -0.283549 0.277137 0.064893 0.228296 -0.492218 -0.819194 -0.015678 -0.104351 -0.133987 -0.021104 -0.205142 0.247217 0.095563 0.782764 0.086779 0.086139 0.049356 -0.114183 0.635819 0.652724 -0.324791 -0.019358 0.062190 0.286606 0.191530 -0.039212 -0.672614 0.396617 0.052221 0.486921 -0.069219 0.320189 -0.309059 -0.874224 0.432684 0.002014 0.483499 0.320052 0.260426 -0.667156 0.261267 -0.395275 -0.116325 0.396407 -0.613213 0.219262 -0.073504 -0.107627 -0.518933
moving -0.540821 -0.063784 -0.786833 0.277096 0.580583 -0.285844 -0.111153 -0.825794 0.646736 0.229271 0.489108 -0.109966 0.170797 -0.134420 -0.065475 -0.565899 -0.359923 0.017109 0.107491 0.662420 0.098926 0.447471 -0.239002 -0.163032 -0.298389 0.085009 0.190509 -0.555315 -0.104554 -0.618370 -0.300126 0.146901 -0.559983 -0.499412 0.681230 0.376817 0.380113 -0.160334 -0.153229 0.143876 0.078056 -0.533230 0.284221 -0.506096 0.837626 0.761388 -0.440506 0.201849 0.427945 -0.160610
professionally -0.347401 -0.448866 -0.035745 0.566794 0.118723 0.572169 0.820371 0.007342 0.049350 0.151491 -0.305053 0.438353 0.410643 -0.089401 -0.418784 -0.258247 0.043367 -0.266081 0.147736 -0.571037 0.228785 0.144507 0.207686 0.620232 -0.065694 -0.177863 -0.116425 0.091334 -0.147513 0.650260 -0.571274 -0.145243 -0.185582 -0.054366 0.207752 0.255629 -0.187397 -0.458306 0.229769 0.832713 0.466051 -0.347303 0.495441 -0.452772 0.335489 -0.236382 0.231791 -0.058430 -0.528353 0.320892
professional -0.200727 -0.049248 0.175198 -0.210466 0.114915 -0.271533 0.222750 -0.103375 -0.749853 0.137094 -0.174582 0.434254 -0.177792 0.280999 0.334776 -0.362519 0.128609 -0.479710 -0.212014 -0.274265 -0.261006 0.185630 0.031174 -0.019814 -0.065873 -0.191739 -0.230014 0.208406 -0.031118 -0.207888 0.181222 -0.055676 -0.086980 0.282500 0.111718 0.124728 -0.112080 0.248319 -0.027121 0.332615 0.459848 -0.414004 -0.078319 -0.234962 0.190979 0.243988 0.086597 0.046214 0.079888 0.092853
norwegian 0.423804 -0.195584 0.317972 0.039889 -0.160615 -0.974245 -0.012838 0.072252 0.192641 -0.344210 -0.336423 -0.266424 0.437807 0.358166 -0.413901 0.133177 -0.558430 0.220187 -0.624612 -0.356997 0.154935 -0.571479 -0.044774 -0.589633 0.228868 -0.564652 -0.688981 0.375052 0.511341 0.249490 0.715578 0.457873 0.101772 0.241050 0.456526 -0.062432 0.266785 0.137393 -0.184952 0.171728 -0.413425 0.402930 -0.373293 -0.292822 -0.510103 0.742888 0.427955 -0.572058 0.402708 0.093772
tougher 0.414339 -0.069577 0.075475 0.085939 0.036532 -0.012359 -0.185457 -0.390722 -0.121408 -0.316835 0.135150 0.182463 -0.187057 0.247833 0.584052 -0.312533 0.296063 0.158519 0.115384 0.528475 -0.149985 0.067517 0.105887 0.261074 0.361148 -0.212055 0.398073 -0.564976 -0.228687 -0.595149 -0.340314 -0.138763 -0.228782 -0.477261 0.178575 0.112428 0.060317 0.627115 -0.520708 -0.427895 -0.163444 -0.147601 0.069140 -0.188725 0.311911 -0.110048 -0.273828 -0.115550 -0.238261 -0.388718
ukraine -0.082591 -0.331092 0.395428 -0.029096 -0.495041 -0.030900 -0.336273 -0.385343 -0.203902 0.247269 -0.281238 -0.100807 0.121938 -0.472138 0.246699 -0.072274 0.726509 0.293771 0.355594 0.177262 0.189426 -0.242562 -0.375838 0.633206 0.192893 -0.177647 0.515895 0.027360 0.070291 -0.277536 -0.304243 -0.027791 0.131834 -0.011059 -0.326965 0.111152 -0.191868 -0.275945 0.679814 0.331907 -0.117642 0.479408 0.263260 0.003107 -0.164561 -0.531598 0.373907 0.133867 0.021167 -0.227870
move 0.027368 0.223673 0.488088 0.203752 0.000349 0.831609 0.493696 0.233239 -0.366836 -0.075695 -0.303002 0.296542 -0.162384 -0.505141 0.065180 -0.098547 -0.615936 -0.173565 0.113945 0.101319 0.245166 -0.566843 -0.372034 -0.032579 -0.142965 -0.084752 0.594461 -0.436894 0.371559 0.376650 -0.426810 0.150530 0.027199 -0.626775 0.361246 0.026813 0.698873 0.070555 -0.050079 0.603348 0.463711 -0.168133 0.151558 -0.996643 0.069807 0.561419 0.139565 -0.362248 -0.747456 -0.229274
occasional -0.299059 -0.133385 -0.155355 0.321324 -0.641095 -0.193366 -0.179048 -0.474407 -0.087719 0.413211 -0.325668 0.272154 -0.098246 0.363280 -0.038572 -0.514750 -0.225242 -0.162497 -0.455283 0.177388 -0.161209 -0.115507 0.150162 -0.023178 0.065230 -0.322503 -0.479350 0.155277 0.289514 -0.052903 0.367593 0.172707 0.630883 0.508709 0.449882 -0.061113 0.389109 -0.362417 0.433336 0.452751 0.068466 -0.277904 0.179562 -0.170759 0.205089 0.262477 0.078647 0.323064 0.423593 -0.461116
ukrainian -0.529318 0.640487 -0.884160 -0.670977 -0.111653 0.103731 0.434714 0.141171 0.505489 -0.452274 0.339859 0.123372 -0.273233 0.443081 -1.094757 -0.391768 -0.346636 0.097405 0.358631 -0.610093 0.381295 -0.261519 0.564623 -0.646315 -0.393112 -0.163362 -0.421429 0.726746 -0.554637 -0.415001 0.085656 0.724314 -0.760119 -0.539765 -0.207089 -0.751653 -0.125693 0.441404 0.328590 -0.009713 -0.747996 0.464021 -0.113503 0.526523 -0.241781 0.107689 -0.659583 -0.430702 0.648580 0.176720
flying 0.312413 -0.370654 0.639885 0.615223 -0.244842 -0.148699 -0.833636 -0.453452 0.127703 0.342911 0.097681 0.530387 0.114229 0.532203 0.118225 -0.722360 0.093004 0.544597 0.137168 0.848699 0.660405 -0.347964 0.401799 0.474151 0.478323 -0.102716 0.060929 -0.345387 0.661599 0.229436 -0.315484 0.544160 0.090941 -0.178375 -0.120473 -0.432720 0.068078 0.341949 0.474449 0.123686 -0.337053 -0.243023 0.414664 0.256401 -0.136691 -0.530736 0.066934 -0.099462 -0.312971 -0.635366
danish 0.062473 -0.293706 0.467937 0.262943 0.157156 -0.626187 -0.337390 -0.453290 -0.851072 0.067110 0.262203 0.530119 0.171696 0.196112 0.554168 -0.418706 -0.287565 0.327054 -0.105170 0.054740 -0.683482 -0.118506 0.388116 0.241081 -0.281893 -0.248050 -0.121249 0.408855 -0.415797 -0.688472 0.293520 -0.372448 -0.406918 0.444961 0.656303 0.524654 -0.134630 0.522137 0.360723 -0.091671 0.453092 -0.320892 0.225082 -0.054877 -0.014745 0.668109 -0.713783 -0.226032 0.826343 -0.174951
norway -0.002915 -0.393864 0.010068 -0.277149 0.267095 -0.110325 -0.176412 -0.038894 -0.495387 0.027899 -0.378521 -0.281852 -0.261120 -0.384230 0.313967 -0.337927 -0.337472 0.316198 0.265070 -0.262225 0.193954 0.583662 0.245180 0.010201 -0.492477 -0.041392 -0.034697 0.108053 0.280387 0.277706 0.124663 -0.150977 0.440750 -0.065992 -0.712678 -0.310270 -0.096982 0.411506 -0.060261 -0.217154 -0.662090 0.243175 -0.153551 0.046389 0.337057 -0.543473 -0.109321 -0.510388 0.123764 0.277158
argentina -0.420358 0.542671 -0.833000 -0.264181 -0.621613 0.782768 0.690773 0.503644 -0.185240 0.669981 -0.293547 0.340657 -0.411732 -0.083109 -0.241845 0.039506 -0.326148 0.413687 -0.106060 -0.105365 -0.406948 -0.075945 0.272176 -0.066972 -0.520197 0.277591 0.513604 0.712549 0.272426 -0.186432 0.388397 -0.282832 -0.247117 -0.420323 0.070736 0.276560 0.473625 -0.023781 0.434138 -0.029448 0.040701 0.257628 -0.003115 -0.471366 0.028899 1.028556 -0.479785 -0.383923 0.200431 -0.827709
louder -0.177871 -0.498102 0.264123 0.298077 0.759360 0.559800 0.428475 -0.383521 -0.299716 -0.311323 0.372466 -0.297625 -0.157312 -0.772658 -0.029463 -0.487833 -0.167051 -0.061894 0.203699 -0.095258 0.720869 0.304170 -0.320159 -0.011352 0.178546 0.412954 0.489660 -0.187082 -0.069508 0.131794 -1.045333 -0.030706 -0.568871 -0.702619 -0.400163 -0.520454 -0.220846 -0.148070 -0.061965 0.658419 0.102636 -0.063546 0.543785 -0.555502 0.200472 -0.487537 0.539143 -0.467130 -0.478213 0.407219
argentinean 0.261367 0.237364 0.536506 -0.149352 0.428818 -0.708415 -0.647346 -0.553782 -0.493662 0.191399 0.184735 0.167753 0.130638 0.815697 0.438942 -0.505729 0.288482 0.160567 -0.316593 0.654228 0.490942 -0.271420 0.202577 0.406195 0.119246 -0.372626 0.022369 -0.254569 0.283615 -0.604823 -0.106893 0.446924 -0.430980 -0.501709 0.150767 -0.235157 0.091231 0.693025 -0.147066 -0.173081 0.201946 -0.137775 0.018160 0.489079 -0.564000 0.050472 -0.127373 -0.423484 -0.404245 -0.139686
denmark 0.102481 -0.004751 -0.559154 -0.005225 0.220167 0.488978 0.594547 0.536422 -0.312140 0.209128 -0.360253 0.263200 -0.338895 0.038379 0.189184 0.163796 -0.370012 0.438677 0.030400 -0.345633 -0.423316 0.350429 0.567310 0.269634 -0.577271 0.065569 0.080666 0.197717 0.152289 0.053636 0.320182 -0.446617 -0.089242 -0.313471 -0.066853 0.255870 0.142454 0.469396 -0.449194 -0.571841 -0.155542 -0.027195 -0.216086 -0.249608 0.397506 0.361297 -0.600885 -0.528472 -0.260371 -0.266060
