hanoi 0.054659 0.079044 -0.130006 0.249224 -0.088733 0.287853 0.021562 0.181783 0.229025 -0.064175 -0.223691 -0.136851 -0.151397 -0.068206 0.118043 -0.123597 -0.307256 -0.312758 -0.073736 -0.096971 -0.156603 0.008662 0.010649 0.124385 -0.245414 -0.039542 -0.097953 0.159532 -0.046453 0.126928 -0.093941 0.148012 -0.036237 0.149444 -0.120409 0.229465 0.180861 0.020744 -0.114774 0.030608
tougher 0.010764 0.012560 0.149422 -0.283537 0.026181 0.146929 -0.217096 0.053609 0.240299 0.079204 -0.106135 0.115262 -0.236103 -0.394568 0.324925 -0.070561 -0.037181 -0.184600 -0.043026 -0.057464 -0.088990 -0.028230 0.117639 -0.100809 -0.158283 0.038447 0.069598 0.046026 -0.029960 -0.039882 -0.068956 -0.109437 -0.043335 -0.255027 0.098298 -0.242341 -0.082061 0.033124 -0.012681 0.070952
occasionally -0.140343 -0.177209 0.001706 0.038267 -0.035249 0.088474 0.189742 0.056063 -0.030020 -0.001601 0.117671 0.271774 -0.121411 -0.014663 -0.201430 0.141525 -0.103161 -0.066407 -0.214846 -0.113667 -0.006587 0.484329 0.153206 -0.180199 -0.287527 -0.006116 0.086958 0.022517 -0.014179 -0.049112 -0.001024 0.020100 -0.100020 0.031322 -0.028593 -0.034914 -0.032287 -0.277989 0.176091 -0.100411
ukrainian 0.257583 0.322053 0.056637 0.002486 0.283230 0.018586 0.030999 -0.050600 0.178703 0.019897 0.125509 -0.028752 -0.110143 0.104619 -0.040783 0.007400 -0.002671 -0.234223 -0.312888 0.268075 0.150571 0.119392 -0.198421 -0.070353 -0.041936 -0.046203 -0.012404 0.084721 -0.020590 -0.242174 0.081319 -0.174669 -0.232879 -0.043873 -0.118365 -0.052191 0.135438 0.016310 0.040318 -0.161217
occasional 0.005150 -0.055753 -0.008086 -0.251079 -0.036954 0.048806 0.214284 0.037745 0.108228 0.178991 0.153494 0.154872 0.114618 0.041425 0.018742 -0.096435 0.054725 -0.338270 0.015055 -0.097270 0.016548 0.238792 -0.089322 -0.021733 -0.210034 0.127450 0.098497 0.235806 0.200318 -0.229137 0.039204 0.043021 -0.091054 -0.040567 -0.323863 -0.176630 0.126707 -0.216732 0.015680 0.040830
norway 0.121125 0.073823 0.357546 -0.046508 0.088592 -0.042980 0.004955 -0.126155 0.024972 0.173161 0.135207 0.071502 0.135512 0.116860 0.172133 -0.162917 -0.058062 -0.136753 -0.269288 -0.100924 0.075133 0.071897 0.173275 0.182133 0.251110 -0.034831 0.185201 0.209304 -0.065933 0.017523 -0.124550 0.058049 -0.099235 0.142557 -0.009291 0.021684 -0.105539 0.249960 0.048223 0.039837
baghdad 0.153510 -0.279345 0.133315 -0.016507 0.302905 -0.056852 -0.148735 0.308471 -0.078065 0.000688 -0.093099 -0.160469 -0.099261 0.148948 0.050539 -0.005367 -0.138386 -0.029167 0.115028 -0.169924 0.059230 -0.079125 0.263487 -0.098123 -0.129405 -0.217024 0.138804 0.327128 -0.024455 -0.134136 0.061039 0.177114 -0.194994 -0.312996 -0.131239 -0.059910 0.181538 -0.029145 -0.212903 0.208646
illinois -0.162296 0.119180 0.105854 0.080150 -0.122134 0.407145 -0.024960 -0.098044 -0.145937 -0.040499 0.073576 0.166423 -0.287379 -0.212782 0.018053 0.199040 0.141681 0.060815 -0.056510 -0.134240 -0.028224 0.037958 -0.046273 -0.036503 0.055179 -0.002851 -0.021417 -0.095909 0.205717 0.025036 -0.094193 0.242309 -0.311950 0.027521 -0.213345 -0.100383 0.185848 0.048822 -0.039880 0.142142
moving -0.098230 0.056276 0.118501 0.025470 0.121702 -0.096229 -0.122423 -0.150563 -0.185307 -0.033764 0.024389 0.005859 0.086875 0.156926 0.297854 -0.043425 -0.190969 0.096906 -0.266760 -0.032153 -0.005298 -0.144275 0.143511 -0.071549 -0.158182 0.177635 0.196359 0.052694 -0.260190 -0.214553 -0.314908 -0.042800 -0.235239 -0.156974 -0.128226 0.096931 0.027796 -0.167907 -0.189031 0.099714
loud -0.111203 -0.193198 0.027014 0.085719 0.071668 -0.020845 0.014194 0.130825 -0.168065 0.046679 -0.149352 -0.007052 -0.252011 -0.165518 0.002177 -0.271997 -0.314439 -0.187553 0.098855 -0.139422 -0.167124 0.269770 0.075298 0.097455 -0.002213 -0.064036 -0.017054 0.019101 -0.070266 -0.242303 0.039413 -0.105432 -0.248069 0.101633 -0.125341 -0.049124 -0.081913 -0.043394 0.127120 -0.037936
thai 0.094856 -0.083776 0.146678 -0.102166 -0.161220 0.025136 0.163558 0.136502 0.085834 -0.242034 0.416562 -0.055577 -0.215719 0.090692 0.200987 0.261799 -0.037210 -0.117242 -0.127420 -0.010609 0.197049 0.084402 -0.084199 -0.043730 -0.068873 -0.179379 -0.295649 -0.211280 -0.046752 0.010406 -0.160152 0.006619 -0.014913 -0.038975 -0.061374 -0.241635 -0.159895 0.050753 -0.068633 -0.005834
croatian 0.108585 -0.049246 -0.125899 0.181362 0.194489 -0.024272 0.099035 -0.098535 -0.135311 -0.220886 -0.118213 0.243976 -0.094415 -0.091487 0.093842 0.095446 0.242800 0.068911 -0.279561 -0.114183 -0.256488 0.110816 -0.049277 0.128609 -0.202926 -0.092797 -0.063046 0.216136 0.094424 -0.026960 -0.098258 0.122999 0.024971 0.000738 0.136890 -0.265749 0.019536 0.158435 0.223919 0.084691
argentina 0.091092 0.089212 0.059059 0.113820 0.189634 0.118789 0.068072 -0.097357 -0.002634 -0.167645 -0.065410 0.039286 -0.133750 0.041679 0.178267 0.168035 -0.127957 -0.067373 -0.048615 0.045838 0.308631 0.165041 -0.015929 0.295789 -0.163499 0.121909 -0.119379 0.150709 0.063011 0.062028 0.223325 -0.135129 -0.193015 -0.152167 -0.031546 0.049393 0.033223 0.144878 -0.122253 0.027479
vietnam 0.119338 -0.099737 -0.183925 0.015138 -0.083105 0.284747 -0.125527 0.148664 0.067828 0.170263 0.102809 -0.174372 -0.127616 0.079406 0.169100 0.126970 0.056605 -0.041314 -0.131606 -0.119356 -0.223216 0.296115 0.053573 0.191469 -0.180965 -0.023237 -0.001881 0.089343 -0.142542 -0.092988 -0.251612 -0.028693 -0.041008 -0.037301 0.106621 0.220819 0.183140 0.074718 -0.043418 -0.223698
norwegian 0.081888 -0.023883 0.221706 -0.223870 0.025081 -0.066923 0.045835 -0.139510 0.147717 0.280244 0.170932 0.059010 0.173972 0.123832 0.144150 -0.054136 0.055546 -0.257752 -0.172354 -0.016373 -0.128319 0.089580 0.208534 0.168966 0.234545 -0.205349 -0.054827 0.192158 -0.217576 0.038045 -0.246328 0.069781 -0.062754 0.065551 -0.064679 0.066267 -0.210316 0.125005 -0.135216 0.013962
professionally -0.158232 -0.007327 0.054699 0.025732 -0.218550 0.076617 0.183426 0.203824 0.027985 0.069557 -0.031206 -0.165507 -0.006551 0.003816 0.088337 0.054073 -0.285107 -0.165631 -0.189669 0.177533 0.090014 0.100067 -0.024059 0.043624 0.090072 -0.143278 0.162406 0.048511 -0.137689 0.003141 -0.048895 0.170029 -0.265137 -0.041020 -0.045499 -0.129095 -0.019528 0.170966 0.274080 0.204449
argentinean 0.152990 -0.121846 0.127357 0.084779 -0.014912 0.130162 0.101822 -0.156866 0.001404 -0.097553 0.142024 0.031901 -0.099017 -0.137012 0.105554 -0.052729 -0.027485 0.166297 -0.068697 0.047317 0.278146 0.088000 0.252664 0.446274 -0.062823 0.198414 -0.136287 0.130542 -0.045602 0.116157 0.257133 -0.256930 -0.330213 0.013192 -0.190772 -0.052624 -0.048887 0.070899 -0.074310 0.216770
louder 0.005868 -0.130895 0.047729 0.095469 -0.092308 0.163471 0.068965 -0.077936 -0.060243 -0.042543 -0.198098 0.075766 -0.217846 -0.023412 0.015427 -0.165230 -0.291581 -0.021128 0.188669 0.036677 -0.169817 0.182936 0.017123 0.125444 0.003811 -0.203347 -0.142305 0.005903 -0.076196 -0.368670 0.144915 -0.026774 -0.123681 0.100209 -0.052518 -0.163044 -0.001110 -0.000533 0.000336 -0.047546
chicago -0.054269 -0.035238 -0.009870 -0.048635 -0.244755 0.264180 -0.214197 -0.251642 -0.089288 -0.331004 0.164626 -0.028690 -0.186373 0.091388 -0.193245 -0.132803 -0.046867 -0.000768 -0.178754 -0.095567 -0.180183 0.233464 0.010082 -0.034383 0.013889 0.046203 0.096226 -0.083531 0.139774 0.069537 -0.009329 0.113911 -0.373175 -0.246118 -0.105674 0.086931 0.006539 0.130638 -0.028944 0.183086
move -0.095568 0.003448 0.072150 -0.030611 0.052632 0.054968 0.001939 -0.272874 -0.311488 0.165845 0.231825 -0.037352 -0.012140 0.233335 0.257393 -0.044689 -0.191853 0.059360 -0.353376 -0.157604 0.044813 -0.078459 -0.096920 -0.000986 -0.186813 0.185437 -0.122015 -0.056900 -0.175610 -0.118842 -0.008560 -0.098724 -0.071787 0.027664 0.026485 -0.114133 -0.178532 -0.096253 -0.328641 0.075321
thailand 0.297069 0.063209 0.093207 0.010224 -0.160952 0.016045 0.225138 -0.094215 0.109629 -0.285148 0.303315 0.176030 -0.232752 0.102935 0.179409 0.125235 -0.087992 -0.126654 0.064509 -0.161766 0.310798 0.046403 -0.247354 0.023596 -0.074192 -0.113934 -0.262334 -0.126840 -0.207250 -0.146002 -0.171338 0.003350 0.070105 0.170305 -0.222773 0.003576 -0.291154 0.051208 -0.153809 0.044512
ukraine -0.067636 0.181296 -0.102058 -0.063823 0.197252 0.125362 0.061949 -0.208062 0.304554 -0.093109 -0.004155 0.017787 -0.177775 0.062883 -0.133740 -0.114665 0.045991 -0.270239 -0.131372 0.187900 -0.071617 0.250448 -0.151792 -0.066878 -0.085375 -0.027439 -0.244432 0.072004 -0.112509 -0.315917 -0.181831 -0.134253 0.150689 -0.058567 0.009578 0.020957 -0.007789 0.004028 0.079691 0.358887
plano 0.147261 0.158781 0.363523 0.032328 -0.018617 -0.186662 -0.090240 -0.098289 -0.086417 -0.073243 -0.124097 0.220766 -0.117929 -0.024276 -0.107364 0.236367 -0.182128 -0.155499 -0.043973 0.109439 -0.270484 0.172437 -0.082412 -0.007497 0.075698 -0.180408 0.057793 0.065343 0.012634 -0.109964 -0.148984 -0.009999 0.117349 -0.171277 -0.166078 -0.061966 0.252024 -0.107086 -0.173410 0.107354
texas 0.146549 0.184360 0.435103 -0.156255 0.013585 -0.018706 0.077622 -0.206549 -0.186480 -0.026553 0.161637 -0.003011 -0.226214 -0.075518 -0.022851 0.161975 -0.039751 -0.001141 0.022899 0.076817 -0.301182 0.135111 -0.167950 0.216610 -0.088140 -0.177165 0.182258 0.161351 -0.014140 -0.062426 0.030899 -0.150630 0.173080 -0.049690 -0.137616 -0.228255 0.156579 -0.165486 -0.110845 0.013725
tough -0.067236 0.236660 0.070672 -0.065103 0.039525 0.174157 -0.231766 -0.018857 0.169246 -0.001394 -0.074897 0.103634 -0.206309 -0.298381 0.047255 -0.100076 0.065186 -0.263325 -0.020170 -0.130406 -0.079159 -0.097318 0.218293 -0.040707 -0.229674 -0.272143 0.066846 0.221852 -0.245237 0.060754 0.004659 -0.152214 -0.234287 0.086292 0.198587 -0.144616 0.095492 0.136700 -0.030020 0.082345
flying 0.073472 -0.181310 -0.017755 0.095628 -0.081524 0.281146 0.163680 0.131523 0.112558 -0.045479 -0.341285 0.275667 -0.074528 0.118135 -0.026481 -0.090744 0.248733 -0.268110 -0.302370 -0.024224 0.058450 -0.156796 -0.164694 0.082524 0.144558 -0.025213 0.105170 -0.146009 -0.156208 -0.079372 0.021922 -0.095110 0.029595 -0.153188 -0.195182 -0.062339 0.137288 0.071118 -0.073996 -0.072454
iraq 0.143178 -0.302724 0.210653 -0.042290 0.059249 -0.125859 -0.031199 0.232238 -0.075890 0.127087 -0.118636 0.074754 -0.268761 0.272263 0.079552 0.024245 0.134846 0.103740 -0.011924 -0.037469 -0.020399 0.014622 -0.043859 -0.043312 -0.178673 0.045619 0.162543 0.283116 0.066379 -0.043142 -0.005491 0.080708 -0.153503 -0.057853 -0.009018 -0.175582 0.066775 0.158006 -0.160013 0.186779
professional 0.085986 -0.220175 0.078289 -0.028698 -0.330591 -0.059833 0.069335 0.117264 0.067234 0.096168 -0.005270 -0.006905 0.049968 0.072642 0.083489 0.146821 -0.204700 -0.190280 -0.232194 0.052143 0.023104 0.111885 0.131374 -0.071911 0.021343 -0.149989 0.142552 -0.102835 0.006963 -0.093003 0.014870 0.079775 -0.200923 -0.021101 0.055458 -0.099934 0.192353 -0.063176 0.212559 0.315164
fly 0.216425 -0.321444 0.077851 -0.009075 0.057108 0.225090 0.059871 -0.189868 0.085374 -0.271693 -0.236371 0.085054 0.030487 0.016329 0.034445 -0.067348 0.216792 -0.055140 -0.229167 0.001370 -0.083979 -0.066871 -0.057092 0.113299 0.083643 0.073342 0.053569 -0.131159 -0.194573 -0.038983 -0.066505 0.130364 -0.190962 0.056404 -0.158389 0.060638 0.043087 -0.105432 0.004197 0.145485
danish -0.046317 -0.080402 0.172834 -0.014788 0.303206 0.074903 0.231971 0.143589 0.080113 0.165448 -0.037279 0.269457 -0.130440 -0.164951 -0.142094 0.185895 -0.149398 0.165141 -0.192557 0.018806 -0.105609 -0.154453 -0.026776 0.186305 -0.103767 -0.095690 0.021796 0.044805 0.028473 0.005677 -0.212156 -0.030320 -0.223969 0.064133 0.143075 0.103341 0.058524 0.021929 -0.005805 0.249814
denmark 0.028308 -0.123007 0.061302 0.132033 0.133594 0.259710 0.099372 0.170456 -0.019944 0.138829 -0.015971 0.156909 -0.126920 -0.301089 0.036959 -0.074815 -0.304436 0.166879 0.079491 0.093822 -0.026137 -0.020575 -0.174068 0.130547 -0.091620 -0.023096 0.061558 0.055676 -0.242096 -0.031441 -0.293892 0.019649 -0.267724 -0.028451 0.218007 -0.095152 -0.186526 0.045341 -0.031599 0.156207
croatia 0.178876 -0.127056 0.034453 0.007667 0.107267 0.201136 0.075738 -0.160914 -0.230390 -0.273593 -0.120054 0.154585 0.099329 0.123845 0.008212 -0.100685 0.044011 0.068637 -0.079774 -0.216177 -0.202394 -0.018588 -0.028401 0.124265 0.032690 -0.219259 0.091373 0.150614 0.051040 -0.186338 -0.201486 0.200667 0.046025 -0.141675 0.032710 -0.285160 -0.120554 -0.102019 0.122430 0.122716
