hanoi 0.251949 -0.377128 -0.371930 -0.398367 0.095739
tougher -0.346539 -0.166614 -0.320975 -0.133962 0.024925
occasionally -0.188112 -0.225636 0.171510 -0.303721 0.069257
ukrainian -0.295268 0.289523 -0.193945 -0.222725 0.133432
occasional -0.261819 -0.040423 0.062551 -0.265973 0.084781
norway -0.218184 0.112699 -0.354751 -0.060755 0.295920
baghdad -0.371852 -0.564388 -0.046851 0.081745 0.241326
illinois -0.091735 -0.113737 0.289418 -0.333348 0.188844
moving -0.187969 -0.018748 -0.108009 -0.030078 0.393355
loud -0.237406 -0.434083 -0.117804 -0.203101 0.012483
thai -0.128807 0.336331 -0.036564 -0.220659 0.331805
croatian -0.156983 -0.089004 0.291467 -0.385287 0.078929
argentina -0.071432 -0.069111 0.097872 0.032390 0.611609
vietnam 0.122413 -0.203644 -0.273539 -0.331394 0.163780
norwegian -0.127887 0.252232 -0.465431 -0.176614 0.224241
professionally -0.121326 -0.249384 -0.320579 -0.210351 0.089680
argentinean -0.047372 -0.075367 0.103436 0.092987 0.724593
louder -0.177529 -0.265507 0.011768 -0.288808 0.038190
chicago 0.029822 -0.127784 0.353391 -0.464060 0.152385
move -0.085536 0.257016 0.008341 -0.039209 0.585468
thailand -0.011362 0.488618 0.008409 -0.254535 0.450473
ukraine -0.090051 0.333899 -0.252336 -0.485693 -0.026753
plano -0.598263 0.135705 0.069844 -0.280486 -0.157529
texas -0.717055 0.233435 0.138388 -0.141432 -0.000348
tough -0.258066 -0.216762 -0.435171 -0.139716 0.045033
flying 0.082026 -0.045730 0.041520 -0.516952 0.039827
iraq -0.381899 -0.329236 0.081011 -0.003092 0.235619
professional -0.225062 -0.206613 -0.149436 -0.243899 0.039617
fly 0.118949 -0.019092 0.200584 -0.476125 0.167557
danish -0.203371 -0.231631 -0.209170 -0.078979 0.221009
denmark -0.117746 -0.346293 -0.236279 -0.111230 0.222762
croatia -0.169496 -0.080186 0.375555 -0.442055 0.033546
