move 0.391206 0.102037 -0.258671
tougher 0.414704 0.030035 -0.207238
occasionally 0.345806 -0.033009 -0.364087
argentina 0.485936 -0.237343 -0.065344
danish 0.344045 0.370462 -0.351277
fly 0.488177 0.193124 -0.039283
louder 0.355851 0.032994 -0.337265
loud 0.487163 -0.173390 -0.054104
norway 0.516457 -0.320344 0.003217
ukraine 0.500622 -0.317134 -0.035537
professional 0.325453 -0.060854 -0.410287
moving 0.434907 -0.029404 -0.165803
tough 0.487041 -0.090980 -0.051307
flying 0.487297 -0.124784 -0.059999
professionally 0.323175 -0.049059 -0.417109
norwegian 0.323704 0.224511 -0.400726
argentinean 0.305202 0.367623 -0.440671
ukrainian 0.305077 0.306731 -0.438230
occasional 0.374488 -0.044052 -0.299048
denmark 0.503262 -0.127730 -0.025932
