8.570701434826882
8.505413182567509
11.243097669075357
6.187955416019262
8.05619998426266
9.027465475759998
9.169119319587185
6.496520100593307
10.901971382550762
7.531902280833877
9.608291486332735
8.395575603309702
10.131695899516716
12.505304039682894
9.650170348404325
8.470709070084622
9.020149630318047
6.256512135039563
9.336461304149388
10.768852346816328
9.221002924792499
6.833826947675587
9.490551963452281
6.077126940710008
10.163319157446063
7.919835379241425
7.740082303937451
8.2732976072023
10.977476355890776
9.580542319299806
6.858189104668911
6.708328398985905
8.414106109632671
6.339312134374756
6.09498493760453
8.146161470802532
11.389785961891688
10.575351146735125
7.225227756893586
11.156614296460146
8.425517319430371
8.329904085538324
8.380520338517641
8.05089389961465
6.709303871912691
10.94670040050993
8.157869675268646
6.221191212252126
9.404275214018206
12.875511125161406
8.251663364533984
6.031497585592644
6.7423952271878775
8.487447227559967
6.001608869125755
6.288343710423493
8.759028427998626
11.678072489995003
9.031118086219015
8.755907758932135
8.578008453382884
6.74478113968058
12.199630277520907
9.764443913453148
8.26944235064081
8.190217655619737
10.444804188558917
6.572821375190355
9.023004176908092
10.146856384329709
5.372655707140919
6.839734424961422
8.745559420324412
7.711187165745203
5.790628689150918
5.986776364867323
5.323683193058311
7.665429180025508
9.198920247389008
6.7634521119740985
9.68653207069098
8.717506259101052
6.388847526779433
8.141312558106524
7.806483646899275
7.505444815766438
7.07092786085251
11.891879976878377
4.766024838541183
8.334578682205816
10.458738126533953
7.02661153186683
7.008529182283451
9.687378187926953
8.60137953268162
9.35676137206643
7.552765178174139
8.252596831658218
8.36908935429456
6.554851895840461
