8.559673886833602
8.340791453420632
11.437472883586004
6.436883627698986
8.718715723013583
8.860111763861468
9.651236825227153
6.7523278237556985
10.328729060033961
7.959958920919371
9.23385431550836
8.29602247144484
10.192501967701252
13.09606703650536
9.893981850038518
8.332308734757193
8.647345960222458
6.238685295657369
9.037332185778505
10.706991147280586
9.126056437785735
6.8001788884842105
9.16730601305471
6.185671536983905
9.968706120661432
7.769266915967842
7.679035510209305
8.273923777198418
11.199341438606137
9.678003850713273
6.66109446552838
6.712736662355761
8.512687396294487
6.653116364023844
6.256395885886711
8.174565781902754
10.880047466814254
10.342426630763848
7.1579140670132535
10.710804291598
8.032872878275764
8.214278622768656
8.764761127660272
8.138930007793281
7.133980705846124
11.051144067080553
7.967653993421149
6.397710520819436
9.452915215658662
12.525550172532308
8.209764162584753
5.806802422331027
6.542947416257141
8.451958771172945
6.187473092211062
6.138409530275049
8.695084906132227
11.627346778506451
9.395209913319627
8.823750446958913
8.486564946167757
6.6489661570944785
11.393094389917398
9.21081699368258
8.020679723325124
8.305830546945769
10.585604540308328
7.083603292329496
8.946902655545689
10.059614143851197
5.794590610814204
6.8860961067763125
9.136369614755896
7.758064424408329
6.020138175722466
6.182068459933801
5.493343517016016
7.674390010422495
9.170110846417755
6.55526961664212
9.558684205681324
8.134143532018559
6.492604516537667
8.222208585727131
7.5472801433438255
7.571983955207269
7.004459814007444
11.866678843476095
4.688864430793581
8.596139676673598
10.671113291902987
6.9772424176122065
6.748971462500114
9.876610661967645
8.517200321142619
9.58504489251381
7.732466248829948
8.30413765649552
8.351822073155356
6.782647297473889
