move 0.250650 -0.311752 -0.217183 0.268657 -0.075329
tougher 0.096419 0.198718 -0.004656 0.156310 0.067704
occasionally -0.189305 -0.045377 0.019141 -0.197991 -0.050338
argentina 0.170269 -0.050335 0.163179 -0.185328 0.242124
danish 0.166017 0.109827 0.024410 -0.109997 -0.213893
fly 0.147169 -0.309514 -0.173099 0.171072 -0.022924
louder 0.046747 0.222378 0.013499 0.174500 0.036734
loud -0.131760 0.111219 -0.132976 0.061842 0.260512
norway 0.181781 -0.103915 0.196246 -0.115051 0.304639
ukraine 0.101850 -0.045768 0.200025 -0.044702 0.258936
professional -0.248032 -0.006199 0.314668 0.188591 -0.207310
moving -0.043881 -0.176210 -0.010080 -0.035471 0.061775
tough -0.139627 0.118494 -0.125670 0.101036 0.196968
flying -0.172427 -0.200726 -0.015230 -0.095707 0.094299
professionally -0.253659 0.018529 0.102502 -0.233832 -0.088894
norwegian 0.105791 0.132131 0.073753 -0.071377 -0.157573
argentinean 0.098090 0.178269 0.047919 -0.050319 -0.200521
ukrainian 0.037425 0.209636 0.105912 -0.012816 -0.212518
occasional -0.194788 -0.048889 0.206205 0.209053 -0.136087
denmark 0.176129 -0.071842 0.169669 -0.147960 0.219797
