move -0.351926 0.254087 -0.381480 -0.152204 0.052498
tougher 0.023712 -0.090016 -0.029070 -0.211707 -0.124845
occasionally 0.082071 0.122185 0.044881 0.195216 0.144245
argentina -0.289379 -0.033228 0.231645 0.190519 -0.096596
danish -0.080466 -0.011704 0.054326 -0.088913 0.326970
fly -0.288805 0.241968 -0.310155 -0.045074 0.020589
louder 0.069748 -0.149280 -0.065904 -0.206610 -0.108528
loud 0.106080 -0.017010 -0.050395 -0.077544 -0.307626
norway -0.340684 -0.038853 0.173933 0.214123 -0.186983
ukraine -0.232471 -0.110278 0.099203 0.179681 -0.186495
professional 0.084881 -0.340451 -0.332605 0.194011 0.065535
moving -0.084847 0.191387 -0.066342 0.148403 -0.015202
tough 0.123540 -0.036337 -0.085523 -0.094447 -0.248997
flying -0.019251 0.220009 -0.060465 0.237550 -0.041583
professionally 0.162430 0.032835 0.075376 0.244277 0.167619
norwegian -0.030812 -0.081841 0.049315 -0.059726 0.223949
argentinean -0.016427 -0.101562 0.045120 -0.099056 0.279624
ukrainian 0.049783 -0.178950 0.002359 -0.086733 0.241767
occasional 0.031528 -0.261790 -0.343699 0.134188 -0.000714
denmark -0.318190 -0.043974 0.182216 0.190037 -0.073211
