move -0.332281 0.241069 -0.381154 -0.116147 0.039082
tougher 0.022216 -0.066197 -0.049323 -0.190456 -0.110651
occasionally 0.029095 0.087184 0.033624 0.211008 0.143922
argentina -0.315248 -0.023024 0.215975 0.217223 -0.078479
danish -0.106895 -0.016915 0.027454 -0.055566 0.318701
fly -0.280460 0.213820 -0.316161 -0.023313 0.008450
louder 0.066013 -0.133719 -0.084232 -0.196284 -0.090530
loud 0.073814 -0.065206 -0.080962 -0.064653 -0.272507
norway -0.357938 -0.027506 0.176779 0.232885 -0.170894
ukraine -0.249441 -0.101462 0.096348 0.188012 -0.161485
professional 0.089203 -0.314900 -0.325109 0.183559 0.063177
moving -0.095428 0.197465 -0.053883 0.156176 -0.016967
tough 0.088326 -0.067914 -0.111906 -0.084982 -0.214628
flying -0.039532 0.214921 -0.040110 0.240417 -0.039535
professionally 0.103354 0.013344 0.064937 0.246123 0.169609
norwegian -0.045882 -0.070402 0.026364 -0.034395 0.226322
argentinean -0.034486 -0.087653 0.022479 -0.065417 0.270637
ukrainian 0.037226 -0.163620 -0.024058 -0.059111 0.245424
occasional 0.032889 -0.251760 -0.342779 0.120160 0.003330
denmark -0.346204 -0.049800 0.171133 0.210033 -0.051205
