[3.833283]
[3.9475064]
[3.8593621]
[3.9152596]
[3.764874]
[3.8595643]
[3.7939954]
[3.725162]
[4.0802984]
[3.7404056]
[3.9122248]
[3.7035446]
[3.948012]
[3.9317923]
[4.1138887]
[3.850454]
[3.700117]
[3.9457119]
[3.8413458]
[3.77058]
[3.9061303]
[3.701547]
[3.855624]
[3.9382823]
[4.11452]
[3.675353]
[3.8224144]
[3.7874057]
[3.7275648]
[3.8120048]
[3.9092906]
[3.919334]
[3.904466]
[3.8757257]
[4.0163345]
[4.052785]
[4.281161]
[3.9631557]
[3.9868426]
[3.5260303]
[3.9522858]
[3.8316183]
[3.8292124]
[3.7333448]
[4.25568]
[4.0967603]
[3.6629562]
[3.9445107]
[3.775837]
[3.8530936]
[4.050608]
[3.8745275]
[4.0995755]
[3.932789]
[3.890998]
[3.6275053]
[3.6516492]
[4.3258915]
[3.7330127]
[3.7445145]
[3.7740383]
[3.9028769]
[3.7701778]
[3.8116813]
[3.7850945]
[3.671743]
[3.8265572]
[3.8858945]
[3.781195]
[3.6938581]
[3.709769]
[3.5883882]
[3.8414006]
[3.7336788]
[3.7044544]
[3.908237]
[3.9393256]
[3.7587395]
[3.9253566]
[4.2640195]
[3.9080105]
[3.8296442]
[3.7584174]
[3.99668]
[3.9112225]
[3.7184834]
[3.8047752]
[3.8687956]
[4.0639935]
[4.1469665]
[3.6783533]
[3.840879]
[4.0754833]
[3.947798]
[3.625063]
[4.2484465]
[3.828271]
[3.873529]
[4.1198506]
[3.6516702]
[3.829378]
[3.947031]
[3.9968064]
[3.9164243]
[3.6799426]
[4.030263]
[3.928715]
[3.650977]
[4.1390867]
[3.882541]
[3.7849038]
[3.7152212]
[3.8058634]
[3.9391744]
[3.8971057]
[3.8384068]
[3.7132351]
[3.9507794]
[3.8057156]
[3.7879758]
[3.8212042]
[3.91093]
[3.6189916]
[3.7992146]
[3.7178497]
[3.9607582]
[3.7903817]
[4.0723143]
[3.9010367]
[3.7868006]
[4.2971287]
[4.110746]
[3.7766607]
[3.8474002]
[4.0453176]
[4.106737]
[3.7314606]
[3.7622893]
[4.214983]
[3.921413]
[3.825627]
[3.7407386]
[3.9096217]
[3.8665004]
[3.6634161]
[3.6230688]
[3.931751]
[3.8858738]
[3.7072928]
[3.9875476]
[3.830932]
[3.8046787]
[3.6273217]
[3.9118092]
[3.6977093]
[4.179811]
[3.8005903]
[3.6553707]
[3.9409182]
[3.6978326]
[4.0820713]
[3.6691449]
[4.032959]
[3.9807518]
[4.0174537]
[3.7249286]
[3.8139644]
[4.0804124]
[3.63765]
[3.677481]
[3.9756906]
[3.729477]
[3.5829997]
[3.9843764]
[3.9736722]
[3.7623515]
[4.0677266]
[3.848379]
[3.805659]
[3.7312412]
[3.8665562]
[3.7714598]
[3.7315023]
[3.7812634]
[3.7335472]
[3.8273623]
[3.6853197]
[4.060087]
[3.9419684]
[3.8778014]
[3.8463256]
[3.6997485]
[4.046744]
[4.0086617]
[3.7801092]
[3.7719016]
[3.9023283]
[3.869453]
[3.7696]
[4.273906]
[3.9144616]
[3.9628391]
[3.9175332]
[3.5952458]
[3.8944674]
[3.7889466]
[4.2953615]
[3.9251075]
[4.0859447]
[3.853102]
[3.9464383]
[3.920575]
[3.7548947]
[3.7673447]
[3.7402942]
[4.074051]
[3.9783456]
[3.9329436]
[3.5913188]
[3.809955]
[3.7897143]
[3.6500127]
[3.831436]
[3.82049]
[3.7815416]
[3.7506814]
[3.6696784]
[3.8140674]
[3.8790398]
[3.8230186]
[3.833974]
[3.8712213]
[4.203307]
[4.176943]
[3.9850512]
[3.612998]
[4.074268]
[3.5811214]
[3.8679192]
[3.9657366]
[4.136237]
[3.7418253]
[3.9154897]
[3.7253206]
[3.735572]
[3.7417793]
[3.8519769]
[3.7318122]
[3.8665698]
[3.7808464]
[3.7005842]
[4.0644064]
[3.8439121]
[4.0870667]
[4.051865]
[3.7063415]
[4.019653]
[4.1929913]
[3.6635623]
[3.988457]
[4.034612]
[3.6729617]
[3.8984332]
[3.7544706]
[4.219126]
[3.9126084]
[4.1633706]
[4.0653577]
[3.9852998]
[3.6665006]
[4.0372553]
[3.8314593]
[3.7138252]
[3.9296143]
[4.076536]
[3.8543448]
[3.799914]
[3.6975155]
[3.8788533]
[4.0227256]
[3.6264117]
[3.9419923]
[3.7869313]
[3.8894768]
[4.0934134]
[3.6321898]
[3.6621535]
[4.218723]
[4.120283]
[3.5815384]
[3.8245924]
[3.7638369]
[3.7578657]
[3.652958]
[3.9773192]
[3.9135735]
[3.730395]
[3.7415662]
[3.978733]
[4.4302444]
[4.075536]
[4.050971]
[3.8560793]
[3.8385243]
[3.779467]
[4.1276636]
[4.037202]
[3.6393213]
[4.322183]
[4.03103]
[3.7287629]
[3.7331338]
[4.2932305]
[3.8060203]
[3.7876654]
[3.7977858]
[4.1408424]
[3.9460933]
[4.0916424]
[3.8838396]
[3.9527245]
[3.9183083]
[4.2560406]
[3.6475155]
[3.6637995]
[4.0968556]
[3.9160821]
[4.1536975]
[3.6671224]
[4.0876594]
[3.7100737]
[3.5748637]
[3.9057193]
[3.8590925]
[3.681633]
[4.0262537]
[3.6537228]
[3.7983203]
[3.800167]
[3.971367]
[3.8372004]
[3.689143]
[3.7744932]
[3.7186527]
[3.7801578]
[3.9244516]
[3.7446253]
[3.8856623]
[3.801914]
[4.079715]
[3.8655093]
[3.986249]
[3.7594604]
[3.8095746]
[3.802524]
[3.8543315]
[3.84773]
[4.089564]
[3.738052]
[4.296018]
[3.8855863]
[3.7309473]
[3.7235289]
[4.0104675]
[4.0410085]
[4.100709]
[4.069537]
[3.7652931]
[4.294011]
[4.176448]
[3.8660486]
[4.0637274]
[4.171835]
[4.0621195]
[3.7929733]
[3.8632276]
[3.9092624]
[3.9766893]
[4.0179253]
[4.095652]
[3.914404]
[3.5739973]
[4.031303]
[3.6622114]
[3.7940621]
[3.8194165]
[3.7097101]
[3.7467911]
[3.7986193]
[4.0723453]
[4.0936637]
[3.7331052]
[3.9670854]
[3.731812]
[3.8266478]
[4.0149784]
[3.778877]
[3.7967834]
[3.707477]
[4.0353436]
[3.895414]
[3.7986076]
[3.9934876]
[3.8745215]
[4.2237563]
[4.053943]
[3.8996053]
[3.8499892]
[3.829331]
[4.1706176]
[4.0445857]
[3.6626883]
[3.9469712]
[3.6537251]
[3.7493596]
[3.922936]
[3.6609404]
[3.8913567]
[4.0358567]
[3.8587973]
[3.8449209]
[4.02353]
[4.0823927]
[3.8471344]
[4.050426]
[3.8603163]
[3.7206683]
[4.1283097]
[3.9671867]
[3.7003546]
[3.9120207]
[4.124638]
[4.0884385]
[3.7389212]
[3.7793014]
[3.6563516]
[3.7332125]
[3.8078632]
[3.7324896]
[3.8253794]
[3.5372214]
[3.857991]
[3.867789]
[3.8594286]
[3.6907623]
[3.9510353]
[3.7050164]
[3.8609297]
[4.07348]
[3.856831]
[3.960265]
[3.7363384]
[3.9609756]
[3.851282]
[4.2249312]
[3.754202]
[3.57271]
[4.0385456]
[3.911933]
[3.7000513]
[3.9733872]
[3.8413818]
[3.7827132]
[3.7600083]
[4.2185726]
[4.020374]
[3.8219461]
[3.7007632]
[4.045084]
[4.1730485]
[3.9981537]
[4.0177503]
[4.0723057]
[3.8131394]
[3.7437897]
[3.7412276]
[3.8212965]
[3.9666576]
[3.5687413]
[3.887331]
[3.7949998]
[3.8034708]
[4.0463357]
[4.0116544]
[3.8594906]
[4.164517]
[3.8481226]
[3.8358314]
[3.7288537]
[3.7362342]
[3.6410952]
[3.6864235]
[3.934428]
[3.8135905]
[4.0621524]
[4.0078683]
[3.8097396]
[3.6248057]
[4.096258]
[3.8349853]
[3.9997232]
[4.105236]
[3.7332468]
[3.7856948]
[3.7535543]
[3.8555284]
[3.9070191]
[3.9888809]
[3.749463]
[4.0345807]
[3.856205]
[4.0446043]
[3.9368956]
[3.8697507]
[3.7305684]
[3.5901845]
[3.8663292]
[3.6402667]
[3.9180317]
[3.8461914]
[3.762969]
[3.8213725]
[4.0841007]
[3.8533409]
[4.0468373]
[3.860535]
[3.8723369]
[3.657468]
[3.9343224]
[4.0646696]
[3.990954]
[3.7711365]
[3.8515851]
[3.8272078]
[3.7209024]
[3.8416038]
[3.9050856]
[3.886354]
[4.077365]
[3.986363]
[3.9594676]
[4.066646]
[4.1064515]
[3.856373]
[3.9979227]
[3.697967]
[3.7988324]
[3.7821407]
[4.012627]
[4.307793]
[3.7332067]
[3.748228]
[3.8166265]
[3.7459178]
[3.659234]
[4.076854]
[3.8738515]
[4.01299]
[3.833852]
[4.077866]
[3.815688]
[3.7154856]
[3.8258772]
[4.081982]
[3.9217043]
[3.6039262]
[4.3151493]
[3.9116797]
[3.9283307]
[3.8361275]
[3.9100516]
[3.6642594]
[3.9854548]
[4.123359]
[3.8676105]
[3.790341]
[4.016213]
[4.2165065]
[3.9799342]
[4.075169]
[3.8284292]
[3.7698576]
[4.065332]
[3.7585945]
[3.6651883]
[3.8189487]
[3.7866743]
[4.07738]
[3.7883105]
[3.9975946]
[3.7290773]
[3.6965094]
[3.9969807]
[4.2142663]
[3.7287927]
[3.8699586]
[4.0025535]
[4.092588]
[3.9446633]
[3.7164962]
[3.7116098]
[4.0903563]
[3.9166572]
[3.6485417]
[3.9487772]
[3.841537]
[3.8195846]
[3.9657378]
[3.9213712]
[4.2098236]
[3.9272797]
[3.7400005]
[4.3283973]
[4.0483055]
[4.0914245]
[4.043624]
[3.8469148]
[3.8596165]
[3.9470305]
[4.073778]
[3.9044871]
[3.9573362]
[4.282335]
[3.8002877]
[4.0798573]
[3.8934114]
[3.9006622]
[3.9517221]
[4.06389]
[3.8565865]
[4.024472]
[4.0843616]
[3.6097867]
[3.6990676]
[3.772204]
[3.8332336]
[3.968091]
[3.727721]
[3.8369932]
[4.086039]
[3.6518018]
[3.6492677]
[4.0827394]
[3.9167316]
[3.8275461]
[3.9081154]
[3.9282072]
[3.800339]
[3.7711234]
[4.0412507]
[3.8342843]
[3.7269745]
[4.2785144]
[4.425904]
[3.5681205]
[4.1172705]
[3.698829]
[3.8061082]
[4.069659]
[3.8646793]
[3.8729913]
[3.7613597]
[3.8238316]
[3.937091]
[4.2292867]
[4.0926194]
[4.1226645]
[3.8928635]
[3.8386998]
[3.9442003]
[3.7020218]
[3.6903126]
[3.9747198]
[3.8647385]
[4.05072]
[4.121024]
[3.7336466]
[3.8300364]
[3.9340532]
[4.008414]
[3.7408996]
[4.119103]
[3.7063742]
[3.913525]
[3.8617795]
[4.018356]
[3.9498749]
[4.033988]
[3.701112]
[3.8555002]
[3.8740582]
[4.171778]
[3.5658607]
[3.8975427]
[3.8321972]
[4.0690074]
[4.199083]
[4.0415773]
[3.727185]
[3.9286718]
[3.5889273]
[3.7749865]
[3.687186]
[3.8859181]
[3.797165]
[3.60038]
[3.9125319]
[3.8956587]
[3.9645927]
[3.7701445]
[3.6272771]
[4.176933]
[4.0678854]
[3.6360865]
[4.1309466]
[3.8057537]
[3.7569826]
[3.7966146]
[3.6869614]
[3.9139557]
[3.9407945]
[3.869389]
[3.8118436]
[3.9995718]
[3.9231272]
[4.0226507]
[3.8675196]
[3.895816]
[3.708277]
[4.069106]
[3.8057263]
[3.9992707]
[3.714494]
[3.694408]
[3.9326036]
[4.119493]
[3.8538425]
[3.9065094]
[3.8179977]
[4.2118406]
[3.761692]
[3.7368305]
[3.908424]
[3.7524276]
[4.034935]
[3.8055952]
[3.8221705]
[4.091162]
[3.8502226]
[3.7989516]
[3.858354]
[4.089211]
[3.834588]
[4.060844]
[3.8394823]
[4.0508003]
[3.967906]
[3.838199]
[3.964302]
[3.634284]
[4.067485]
[3.7638264]
[4.0111017]
[3.7276802]
[3.901404]
[3.5821736]
[3.7649565]
[3.9451985]
[3.6402273]
[3.696347]
[3.8125892]
[3.8324199]
[3.8542678]
[3.8245273]
[3.7334368]
[4.0642004]
[3.6449714]
[3.7617176]
[4.2313232]
[4.15975]
[3.995639]
[3.9763055]
[3.9098098]
[4.038757]
[3.8238008]
[3.9440467]
[3.8378246]
[3.6974561]
[3.7673688]
[3.9750664]
[3.7602425]
[3.9568965]
[3.6045961]
[4.041118]
[3.9036283]
[3.9551828]
[3.7974079]
[3.8730745]
[4.414412]
[4.08832]
[3.7516136]
[3.8834496]
[3.6929476]
[3.9269044]
[3.645587]
[3.697673]
[3.5615554]
[3.8528097]
[3.7892244]
[4.0912127]
[3.9830136]
[3.6075237]
[3.8174016]
[3.8107574]
[3.884516]
[4.0077124]
[3.9509325]
[3.7357948]
[3.6579149]
[4.347502]
[3.7440085]
[3.921359]
[3.7508595]
[3.7982547]
[3.8631241]
[3.871741]
[4.02183]
[3.7759929]
[3.625297]
[3.8086932]
[4.280409]
[3.7890022]
[4.2597136]
[3.712658]
[4.003302]
[3.742391]
[4.1338387]
[3.9064264]
[3.7282934]
[3.7865305]
[3.7183056]
[3.5404909]
[3.6936672]
[4.1186953]
[3.8523936]
[4.038129]
[3.972889]
[3.9297342]
[3.8672528]
[4.131378]
[3.6029363]
[3.6470964]
[3.902339]
[3.626635]
[3.930629]
[3.9288213]
[3.9689255]
[3.7475452]
[4.1149015]
[3.7632847]
[3.8182254]
[3.7349381]
[3.930882]
[3.78488]
[4.0711727]
[3.9491832]
[4.304557]
[3.9321892]
[3.859326]
[3.7820292]
[4.13958]
[4.0696344]
[4.1149907]
[3.9336913]
[4.0155706]
[4.132458]
[4.085293]
[3.5598938]
[4.129417]
[3.7861211]
[4.2537303]
[4.064686]
[3.635746]
[3.8566728]
[3.9779472]
[3.8643606]
[3.7946382]
[3.7453341]
[3.8815246]
[4.026526]
[4.07335]
[3.7970955]
[3.8622246]
[4.046438]
[4.149649]
[3.8479369]
[3.7829301]
[3.972726]
[3.7947383]
[4.0376396]
[4.045934]
[3.8817239]
[3.8693671]
[3.8500972]
[3.599098]
[3.9871347]
[3.967383]
[4.1089892]
[3.626462]
[3.6917408]
[4.0878177]
[3.9089367]
[3.963151]
[3.9016397]
[3.7232099]
[3.7374883]
[3.8277922]
[4.0938964]
[3.8600192]
[3.8520226]
[3.522398]
[4.0237083]
[3.8777747]
[3.786778]
[4.235424]
[3.9926248]
[3.715071]
[3.7243614]
[4.1380496]
[3.8722737]
[3.9905138]
[3.7337775]
[3.9420376]
[3.979174]
[3.7789135]
[3.849677]
[3.858793]
[3.5291896]
[3.5583324]
[3.9629831]
[4.1915717]
[3.856774]
[4.1393447]
[4.196786]
[4.2619686]
[3.9115646]
[3.6574636]
[3.7397847]
[3.779786]
[4.32947]
[3.9328513]
[4.0398636]
[4.1712923]
[4.0199494]
[3.7591681]
[3.7637646]
[4.1822443]
[3.9554856]
[3.7886038]
[3.7817962]
[4.129921]
[3.88551]
[3.8445396]
[3.7624345]
[3.730336]
[4.0154047]
[3.626572]
[3.9607158]
[3.967362]
[3.7584794]
[3.9919424]
[3.834548]
[3.938212]
[3.9034033]
[3.9527102]
[3.8305132]
[3.8741813]
[4.065593]
[3.9727209]
[3.8210905]
[3.8443828]
[3.759722]
[3.8165731]
[3.92898]
[3.971406]
[3.6814446]
[3.7948558]
[3.7009144]
[3.7834985]
[3.8246877]
[3.7856927]
[4.027236]
[4.3400087]
[4.2561994]
[3.8354273]
[4.0739436]
[3.9112215]
[3.6920605]
[3.7425358]
[3.6755757]
[3.8048944]
[3.6459482]
[3.7585757]
[3.6997466]
[3.9034975]
[4.254096]
[3.8902097]
[3.78299]
[3.9002795]
[3.7745905]
[3.9114308]
[3.9666657]
[3.7869246]
[3.7202554]
[3.742465]
[3.7201512]
[4.2129464]
[3.8193755]
[3.7736983]
[3.9126139]
[3.7692447]
[4.073482]
[4.023524]
[4.021513]
[3.7437558]
[3.8465333]
[4.0945807]
[3.704595]
[4.19829]
[3.7611673]
[3.7706516]
[4.1409173]
[3.840042]
[3.9153209]
[3.9019833]
[4.1119666]
[3.7798474]
[3.78853]
[3.8352528]
[4.1764145]
[3.8632739]
[3.9283795]
[4.022333]
[4.063096]
[3.8231692]
[3.8703883]
[3.8995128]
[3.738614]
[3.8441722]
[3.8487995]
[3.8709514]
[3.7337222]
[4.078509]
[3.9104013]
[3.800107]
[3.6438313]
[4.0190372]
[4.2762523]
[3.7152457]
[3.8848417]
[3.9433804]
[4.043196]
[3.7036614]
[3.8030992]
[4.0989733]
[4.0014734]
[3.9057763]
[3.9554124]
[4.0010023]
[4.047671]
[3.716707]
[3.8219755]
[3.957973]
[4.0747375]
[3.876507]
[3.906594]
[3.8287072]
[3.8348427]
[3.7090673]
[3.727938]
[3.8617]
[3.63324]
[3.8249931]
[4.1424212]
[4.1569996]
[4.0180087]
[3.5267618]
[3.7530437]
[3.9667754]
[3.520478]
[3.71224]
[3.8083491]
[3.6613915]
[3.8592098]
[3.689942]
[3.6683168]
[4.130544]
[3.8421302]
[3.7578068]
[3.9347086]
[3.9553218]
[3.6561341]
[3.8791099]
[3.950543]
[3.7544265]
[4.1466503]
[3.7409964]
[3.8865578]
[3.7399797]
[3.7021325]
[3.6248677]
[4.08883]
[3.7492416]
[3.5544035]
[4.1178546]
[3.7266872]
[3.6376202]
[3.8808622]
[3.7198832]
[3.9518223]
[4.0197225]
[3.7530198]
[3.7600942]
[4.3290453]
[3.9071934]
[3.996008]
[3.73786]
[3.820008]
[4.106736]
[3.995656]
[4.171751]
[3.6251938]
[4.0540557]
[3.8434129]
[4.069924]
[3.8122828]
[3.90788]
[4.111807]
[3.8606768]
[3.8980172]
[4.047709]
[3.85155]
[3.8765428]
[3.7876492]
[4.020418]
[3.6866958]
[3.925346]
[3.7725267]
[3.912634]
[3.7583084]
[4.06093]
[4.0860734]
[3.9339032]
[3.844932]
[3.8556767]
[3.823701]
[4.0168524]
[3.8550777]
[4.047489]
[4.031321]
[3.9882607]
[4.0796266]
[3.8423758]
[3.7680793]
[3.9655313]
[3.8908968]
[4.088152]
[3.8881245]
[3.7552695]
[3.788672]
[4.047406]
[4.072002]
[4.024729]
[4.0269976]
[4.35219]
[3.963885]
[3.9058216]
[3.8068137]
[3.818928]
[3.7736785]
[3.8951404]
[3.7898917]
[3.781855]
[4.1455283]
[4.191581]
[3.5789635]
[3.798717]
[4.076963]
[3.7404766]
[4.156963]
[3.9575095]
[3.927249]
[3.941781]
[3.9739764]
[4.098804]
[3.7215278]
[3.8353732]
[3.8337805]
[3.5773826]
[4.00404]
[4.0154586]
[3.8931518]
[3.845781]
[3.741788]
[3.7708616]
[3.8508348]
[3.901249]
[4.2489014]
[3.9519067]
[3.7182803]
[3.878475]
[4.068076]
[4.0812263]
[4.2476707]
[3.8848567]
[3.909735]
[3.7273364]
[4.018724]
[4.2838893]
[3.8915172]
[3.913067]
[4.021512]
[3.693284]
[4.0724645]
[4.0589857]
[3.9410946]
[3.6220565]
[4.250637]
[3.8430164]
[4.0275826]
[4.006083]
[3.8891625]
[3.8544]
[3.8529677]
[3.7507267]
[4.0668244]
[3.8923197]
[3.7978134]
[3.8399022]
[4.1171575]
[3.6308362]
[3.932787]
[4.141811]
[3.9065125]
[3.929109]
[4.2473083]
[3.7401237]
[3.8262565]
[4.043172]
[3.9849608]
[3.746454]
[3.725369]
[4.015225]
[4.087308]
[3.60412]
[3.7766855]
[3.8432186]
[4.0921135]
[4.2018266]
[3.8818412]
[3.8215156]
[3.7077549]
[3.709322]
[3.61641]
[3.602219]
[4.166337]
[3.8416686]
[4.434549]
[3.6277835]
[3.9032815]
[4.092677]
[3.9426277]
[3.729535]
[3.9366643]
[3.668201]
[4.3388987]
[3.954016]
[3.80135]
[3.8370163]
[3.972952]
[3.7540874]
[3.7869062]
[3.653628]
[3.772621]
[3.8508053]
[3.8267097]
[3.763446]
[3.735047]
[4.2192807]
[3.9520435]
[3.828432]
[3.7603197]
[4.0274644]
[3.7319736]
[3.8826697]
[4.1229663]
[3.6533766]
[4.12099]
[3.8936675]
[3.913689]
[3.7759929]
[3.9662423]
[3.6421335]
[3.8306854]
[3.9019535]
[3.7982717]
[3.8531268]
[3.7819798]
[4.1257563]
[3.8355007]
[3.6927915]
[4.1411195]
[4.183608]
[3.847774]
[3.8609834]
[3.8771262]
[3.703404]
[4.002274]
[3.6029718]
[3.8545969]
[3.9055705]
[3.9229794]
[3.7790937]
[4.005106]
[4.086013]
[3.9515862]
[4.0542946]
[3.7871764]
[3.6528373]
[3.9585228]
[4.272148]
[4.0964828]
[3.8542027]
[3.941299]
[4.1466947]
[3.6397493]
[3.7023606]
[3.7906008]
[3.7969024]
[3.8734002]
[3.896906]
[4.2791395]
[4.428962]
[3.773179]
[3.8869627]
[3.7235186]
[3.8192387]
[4.0171475]
[3.7678335]
[3.7106776]
[3.8226855]
[4.227805]
[4.225513]
[4.03579]
[4.128381]
[3.8435977]
[3.6971562]
[3.6509264]
[4.325864]
[4.0265903]
[4.04883]
[3.6476495]
[3.880831]
[3.7577004]
[3.9771588]
[3.8822052]
[3.6765034]
[3.8314676]
[3.6793668]
[3.8061218]
[4.1841664]
[3.7220335]
[4.053766]
[3.7515106]
[3.851523]
[3.7043893]
[4.156519]
[3.7878025]
[4.1112957]
[4.0643654]
[3.717135]
[3.9498703]
[3.6893528]
[4.129567]
[3.7459648]
[3.8483577]
[3.7414896]
[3.674587]
[3.6517444]
[4.0964265]
[4.0098634]
[3.9471602]
[3.8883662]
[3.681811]
[4.0307026]
[3.6229746]
[3.8446608]
[3.8020642]
[4.163209]
[3.760637]
[3.792326]
[3.8802004]
[3.8492486]
[4.281938]
[3.9768004]
[3.9893456]
[4.2139554]
[3.727096]
[3.8219187]
[4.206885]
[3.8744686]
[4.090257]
[3.6050084]
[3.7032754]
[3.9388087]
[3.7308216]
[3.7404068]
[3.871474]
[3.965098]
[3.7182286]
[4.1020865]
[3.7500968]
[4.0267897]
[4.2301793]
[4.2494164]
[3.8447564]
[3.7850318]
[3.741321]
[3.68993]
[3.7354581]
[3.8640518]
[3.9252253]
[3.6394534]
[3.822184]
[3.82675]
[4.1235147]
[3.6456025]
[3.891697]
[3.837463]
[3.687195]
[3.7717094]
[3.584341]
[3.9522476]
[3.8206525]
[3.6444228]
[3.9219205]
[4.142439]
[3.8900762]
[3.7171788]
[4.118141]
[3.8207533]
[4.13906]
[3.7323704]
[4.0779138]
[3.6494904]
[3.9062204]
[3.6116295]
[3.743795]
[3.9437053]
[3.838826]
[3.7773485]
[3.9103346]
[3.7564123]
[4.048789]
[3.6563473]
[3.9120598]
[3.7742426]
[3.9975379]
[3.7306361]
[3.9462268]
[3.9347434]
[4.0520763]
[3.7650282]
[3.7182298]
[3.7094836]
[3.6714573]
[4.281702]
[3.649956]
[4.083093]
[3.7917302]
[3.8964427]
[4.089649]
[4.1991615]
[4.1273785]
[3.8605354]
[3.7352006]
[4.090369]
[3.653124]
[4.240295]
[4.072935]
[3.9998538]
[4.2531023]
[4.064271]
[4.200831]
[4.09169]
[4.1179156]
[3.987771]
[3.8026388]
[3.7839158]
[4.32627]
[3.8412514]
[4.130657]
[3.8889172]
[4.1537695]
[3.7917068]
[4.350345]
[3.8115985]
[3.7584715]
[3.8620663]
[4.2447414]
[3.9421654]
[4.1433277]
[3.7457752]
[3.680451]
[3.9836621]
[3.9225152]
[4.072107]
[3.876726]
[3.7521377]
[3.6176498]
[3.9409447]
[3.7202127]
[3.7645311]
[4.0800533]
[4.0016456]
[4.127152]
[4.0606213]
[4.108846]
[3.7299628]
[4.181745]
[3.9011564]
[3.8092914]
[3.6401699]
[3.9353168]
[3.926353]
[4.110988]
[4.0673637]
[3.8199286]
[3.9208639]
[3.8933907]
[3.7405224]
[4.124185]
[4.2137237]
[3.852509]
[3.6417267]
[3.7581477]
[4.004382]
[3.9068043]
[4.063135]
[3.7018638]
[3.716901]
[3.909309]
[4.1249948]
[4.3334126]
[3.8937864]
[3.72726]
[3.786168]
[4.008587]
[3.658017]
[4.245543]
[3.7073832]
[3.7317712]
[3.811739]
[3.9811485]
[3.7262855]
[3.8337824]
[3.7838953]
[3.6532388]
[3.8378103]
[4.311101]
[4.269399]
[4.060805]
[3.7498682]
[4.009768]
[3.9305737]
[4.0684214]
[3.8437774]
[3.8199165]
[3.5907512]
[4.074744]
[3.7347658]
[4.133804]
[4.128839]
[3.7382076]
[4.0927725]
[3.6492574]
[3.9614582]
[3.714872]
[3.7932372]
[3.7802994]
[4.258018]
[3.6979117]
[3.9127162]
[3.7864034]
[3.8736846]
[3.9020097]
[3.9904003]
[3.7551649]
[3.8933506]
[4.005163]
[4.1190653]
[3.985506]
[4.2224493]
[4.2549706]
[3.9009259]
[3.9830503]
[4.0412574]
[4.0815334]
[4.0297494]
[3.7779899]
[4.0386405]
[4.0087657]
[3.7411857]
[3.9325347]
[3.7130501]
[3.82888]
[3.9308224]
[3.7450056]
[4.0205927]
[4.123867]
[3.8599505]
[3.645388]
[3.8541188]
[4.054284]
[3.7868085]
[3.7274976]
[3.8541024]
[3.558425]
[3.8277683]
[3.6335177]
[3.8707857]
[3.923993]
[3.8359203]
[3.8439171]
[4.1310344]
[3.9233553]
[3.7566276]
[4.0838637]
[3.7147026]
[3.7550201]
[4.087243]
[3.7692204]
[4.131926]
[3.816082]
[3.8900323]
[3.7455816]
[3.577703]
[3.8000433]
[4.01693]
[3.9192996]
[3.6884925]
[3.7218318]
[3.8884573]
[3.6625032]
[4.028116]
[4.0678988]
[3.7100198]
[4.0700183]
[4.0491266]
[4.0272284]
[4.25174]
[4.012455]
[3.934576]
[3.98037]
[3.6717703]
[4.1177]
[3.8473454]
[3.7545567]
[3.7963436]
[3.8340323]
[3.8307796]
[4.0797157]
[3.8681445]
[3.7586367]
[3.6978805]
[4.276141]
[3.6960194]
[3.9690096]
[3.8588252]
[3.8037825]
[4.0657344]
[3.7660062]
[4.1917677]
[3.9244423]
[4.116669]
[3.532332]
[4.037448]
[4.061359]
[3.798923]
[4.080005]
[4.115459]
[3.8696043]
[3.9623]
[3.6195886]
[3.6974292]
[4.2386165]
[3.8297436]
[3.8581054]
[4.169716]
[3.9817264]
[3.9145963]
[3.750725]
[4.07881]
[3.7131574]
[4.1290345]
[4.2434645]
[3.8300822]
[4.190058]
[3.6604984]
[3.9854548]
[3.8344405]
[3.6569998]
[4.141661]
[4.2491217]
[3.7046237]
[3.845074]
[3.840401]
[3.7888534]
[3.8375247]
[4.078519]
[4.0403175]
[3.7685833]
[3.881938]
[3.7787948]
[4.04295]
[3.9972045]
[3.854864]
[4.130423]
[3.8923216]
[3.5278585]
[3.8462343]
[3.6291466]
[4.067527]
[3.914615]
[3.683039]
[3.8398347]
[4.012663]
[3.8661387]
[3.8998146]
[3.9769073]
[3.9435024]
[3.8700712]
[3.7705574]
[3.9894788]
[3.8037407]
[4.155563]
[3.7418463]
[4.059169]
[3.9882026]
[3.783969]
[3.7757964]
[3.7396746]
[4.0584373]
[3.6765006]
[4.2107077]
[3.7101097]
[3.9978516]
[3.565068]
[4.0090437]
[3.6550868]
[3.8330455]
[3.6699538]
[4.3207507]
[4.02922]
[4.0291815]
[3.750232]
[3.792128]
[3.9655263]
[4.103417]
[3.7924168]
[4.1408253]
[3.7424333]
[3.852037]
[3.8372438]
[3.783677]
[3.6740575]
[3.6810334]
[3.983622]
[4.0480947]
[4.083151]
[3.8670294]
[3.8118272]
[3.683185]
[3.9246786]
[3.6799672]
[3.6418762]
[3.970372]
[3.8598504]
[4.2527404]
[3.6701305]
[3.7396078]
[3.7567425]
[3.8145247]
[3.8343563]
[3.7303584]
[3.7401183]
[3.835625]
[3.7758849]
[4.3123493]
[3.9529]
[3.789612]
[3.9284549]
[4.2104793]
[3.80009]
[3.770604]
[4.13038]
[3.7098265]
[3.7065084]
[3.9622226]
[4.0590525]
[3.859475]
[3.952466]
[4.078411]
[3.625492]
[3.677887]
[3.6869724]
[3.69046]
[3.9281392]
[3.8716831]
[3.843614]
[3.6963756]
[3.7775178]
[4.0894723]
[3.765145]
[3.9388003]
[3.8645425]
[3.898004]
[4.1849985]
[3.7086177]
[3.718154]
[3.759595]
[3.6001194]
[4.0434847]
[3.9533782]
[3.9266016]
[3.747193]
[3.8371267]
[4.2638164]
[3.7902946]
[4.0670214]
[3.6249876]
[3.8764873]
[3.837638]
[4.0060725]
[3.735855]
[3.978252]
[3.997593]
[3.7384722]
[3.7061088]
[3.6287332]
[3.6249256]
[3.7611644]
[3.9401758]
[3.87726]
[4.267084]
[3.9076393]
[3.9536576]
[4.2340117]
[3.6368914]
[4.0265675]
[3.6497047]
[4.063437]
[3.921695]
[3.6725922]
[4.0569067]
[3.9266725]
[3.7179883]
[3.750545]
[4.1065784]
[3.992141]
[3.920873]
[3.802234]
[3.727648]
[4.136388]
[4.099372]
[4.0488305]
[4.1833954]
[3.693556]
[3.8356066]
[3.7701435]
[3.8223972]
[4.0218916]
[3.6800437]
[3.9430869]
[3.7191193]
[3.9509254]
[4.13275]
[3.9463534]
[3.7389274]
[3.828062]
[3.7335124]
[3.9227216]
[3.911185]
[3.81268]
[3.6735337]
[4.0691414]
[4.101051]
[3.7671921]
[3.8452787]
[4.2766385]
[3.6064174]
[4.0708766]
[4.0773306]
[4.021451]
[3.8717906]
[3.6850946]
[3.9343102]
[3.7258801]
[4.346053]
[4.024723]
[3.827289]
[3.757513]
[3.7853742]
[3.6843572]
[3.9280972]
[4.179928]
[3.9409359]
[3.880571]
[3.7180872]
[3.7632682]
[3.7632043]
[3.7112305]
[3.8923109]
[4.1176696]
[3.8421474]
[4.0782166]
[3.9509754]
[4.0045605]
[3.9070034]
[4.07957]
[4.01348]
[3.6971755]
[3.6369383]
[3.7866683]
[3.8582258]
[4.1881933]
[4.0273743]
[3.6766908]
[4.0788393]
[3.8092566]
[4.067086]
[3.926033]
[4.0699143]
[3.6911173]
[3.7236505]
[4.074328]
[4.0843964]
[3.8698702]
[4.059731]
[3.802358]
[3.8242972]
[3.71936]
[3.938629]
[3.9113379]
[4.0190225]
[3.715241]
[3.8866253]
[3.780461]
[3.7443316]
[4.2276907]
[3.9222033]
[4.260139]
[3.6833773]
[3.942653]
[3.6201448]
[4.3385005]
[4.1133294]
[3.605151]
[3.8110466]
[3.7569425]
[3.9513898]
[3.8768997]
[3.7842174]
[4.0231647]
[3.8675613]
[3.9348927]
[4.317107]
[3.7298653]
[3.9066832]
[3.9123063]
[3.7577226]
[3.6450105]
[4.0300593]
[4.313936]
[3.6555839]
[3.6199298]
[3.759196]
[3.868837]
[3.784142]
[3.8191488]
[4.084619]
[3.8363104]
[4.1253448]
[3.836153]
[3.661403]
[4.0888815]
[3.8750353]
[4.2608256]
[3.7331595]
[3.9187222]
[4.1647387]
[3.6760972]
[3.9091425]
[3.6324797]
[4.130656]
[3.7628105]
[3.7068024]
[3.7479763]
[3.9065375]
[3.9212096]
[3.9369147]
[4.0061846]
[4.459021]
[3.9175715]
[4.2484746]
[3.9141898]
[4.141213]
[3.8109162]
[3.891211]
[3.669873]
[3.914723]
[3.754669]
[3.9552586]
[3.9298682]
[3.741783]
[3.759254]
[3.9317622]
[3.844545]
[3.863522]
[3.527336]
[3.838496]
[3.7758613]
[3.8665655]
[4.085437]
[3.9679596]
[3.915158]
[3.825827]
[4.020505]
[4.045034]
[3.8608003]
[4.0960608]
[3.7855952]
[3.7169805]
[4.019322]
[3.750115]
[4.1254683]
[3.7155569]
[3.905474]
[3.6736643]
[3.523485]
[3.9208317]
[3.9439824]
[3.942228]
[3.9256954]
[3.6985445]
[3.6240506]
[3.9069266]
[3.7607422]
[3.750358]
[3.88209]
[3.755997]
[4.0434093]
[4.1115675]
[3.7719579]
[3.7874823]
[3.7533605]
[4.2324114]
[3.9532094]
[3.9695926]
[4.045066]
[4.223998]
[3.62973]
[4.052556]
[4.0515976]
[3.842082]
[4.0194345]
[3.8589196]
[3.8633795]
[3.8123412]
[3.8576186]
[3.9370022]
[3.7477012]
[3.8232136]
[4.0826416]
[4.14164]
[4.179772]
[3.635592]
[4.2406363]
[3.8317466]
[3.9843545]
[4.3204255]
[4.053227]
[3.9136186]
[3.7041986]
[3.945082]
[3.86256]
[3.992681]
[3.9348526]
[4.104843]
[3.8106792]
[3.805466]
[3.814325]
[3.9084222]
[3.7626672]
[3.812285]
[4.065506]
[3.6257925]
[4.2831497]
[3.981865]
[3.916749]
[3.6821969]
[4.160842]
[3.5314164]
[3.7398202]
[3.7201684]
[3.826211]
[3.989068]
[3.7593377]
[3.9606397]
[3.8419335]
[4.2036004]
[4.1221623]
[3.621957]
[4.0839396]
[4.063851]
[3.9232154]
[3.9339552]
[4.2424808]
[3.701784]
[3.7814786]
[3.9254494]
[3.930391]
[3.651343]
[3.7819326]
[3.9001794]
[4.337709]
[3.7757688]
[3.7533042]
[3.7580266]
[3.8659348]
[3.823042]
[4.278165]
[3.85329]
[3.717207]
[3.6245892]
[3.8290606]
[3.8828495]
[3.680634]
[3.858241]
[3.671299]
[3.773057]
[3.935468]
[3.8321018]
[4.103549]
[3.782563]
[3.6226668]
[3.6357837]
[3.7261899]
[3.7047193]
[3.9404602]
[4.19658]
[3.8397565]
[3.6303804]
[4.21261]
[3.934356]
[3.837983]
[4.317393]
[4.126636]
[4.103633]
[4.1290026]
[3.8463323]
[4.239159]
[3.886042]
[4.03839]
[3.8935585]
[3.744039]
[3.7495675]
[4.0224986]
[3.7267504]
[3.6780136]
[3.8798237]
[4.219068]
[3.9658623]
[3.8067083]
[3.7139952]
[3.659388]
[4.0429225]
[3.9351285]
[3.7214222]
[4.0262494]
[4.260992]
[3.8223622]
[4.0790305]
[3.7581215]
[3.9311264]
[3.692381]
[3.7478285]
[4.0223894]
[3.69948]
[4.121784]
[3.973566]
[3.9220355]
[3.7383811]
[3.8813598]
[3.7589235]
[3.9161313]
[3.854936]
[3.6375737]
[3.7197561]
[3.6888025]
[4.146927]
[4.0834565]
[3.8528128]
[3.862081]
[3.9183838]
[4.084964]
[3.9353223]
[3.78121]
[3.8945339]
[3.6679556]
[3.6121142]
[3.784385]
[4.0634437]
[4.051257]
[4.2841754]
[4.082454]
[3.9390776]
[3.7826135]
[3.7743523]
[3.7885106]
[4.217162]
[4.199587]
[3.8941572]
[3.5903397]
[4.0409656]
[3.849445]
[4.276967]
[4.241865]
[3.7220287]
[3.8607492]
[3.6242225]
[4.1784544]
[3.881168]
[3.7015312]
[3.7002683]
[4.1044035]
[3.92919]
[4.0371203]
[3.8921628]
[3.7456884]
[3.784155]
[4.2266755]
[3.690647]
[3.877665]
[4.0403986]
[3.7312987]
[3.8610027]
[4.1790667]
[3.683208]
[3.9378154]
[3.9204185]
[4.028426]
[3.9230125]
[4.0936213]
[3.9045029]
[4.0254307]
[4.036175]
[3.7893293]
[3.9044638]
[3.856885]
[3.8145509]
[4.0519195]
[3.8378646]
[4.200432]
[3.8328855]
[3.6751442]
[3.8409958]
[3.9545176]
[4.087574]
[3.5160065]
[3.8327367]
[4.1002097]
[4.0208445]
[3.8946702]
[4.2155237]
[4.459116]
[3.8701649]
[4.0504837]
[3.8453903]
[4.063812]
[4.062873]
[4.081499]
[3.8656394]
[3.7148924]
[3.8183055]
[3.9108841]
[3.73094]
[3.7288265]
[3.756582]
[3.7148678]
[3.9929063]
[3.835595]
[3.9994354]
[4.1174107]
[3.874102]
[3.8423717]
[4.044661]
[4.0175476]
[3.7279072]
[3.7744608]
[4.091315]
[4.1974382]
[3.9530342]
[3.6969693]
[3.850825]
[3.7046158]
[3.9452858]
[3.7405357]
[3.777932]
[3.7540462]
[3.931198]
[4.104145]
[3.8116899]
[3.9995265]
[3.5133352]
[4.066462]
[3.8203292]
[3.7702188]
[3.752492]
[3.8396263]
[4.1281533]
[3.6222253]
[3.946477]
[4.0128202]
[3.8308554]
[3.9802175]
[4.142888]
[3.5265586]
[4.0548635]
[3.773689]
[3.859892]
[3.8468223]
[3.7057042]
[3.8563402]
[4.173147]
[4.028949]
[3.7979667]
[3.7075126]
[4.0867205]
[3.7259517]
[3.7270992]
[3.8312984]
[3.9906435]
[3.9192612]
[3.8260076]
[3.9976199]
[3.8442554]
[4.0828238]
[3.8008296]
[3.6207027]
[3.8161862]
[4.032146]
[4.0386605]
[4.1410694]
[3.8271794]
[3.9018307]
[3.768487]
[3.7776778]
[4.121905]
[3.8300326]
[4.0308]
[3.7478628]
[3.510629]
[3.9402215]
[4.0730267]
[3.9564714]
[4.2256646]
[4.1695337]
[4.0784006]
[4.0999355]
[3.7332997]
[3.6349576]
[4.222006]
[3.8683782]
[4.2112083]
[3.8890285]
[4.2068896]
[3.70935]
[3.8646982]
[3.7543864]
[3.7047868]
[3.9376113]
[3.8445053]
[3.7083962]
[3.736808]
[3.7220893]
[3.966097]
[3.918508]
[4.2213955]
[3.9178298]
[4.082404]
[3.7557712]
[3.9630063]
[3.7161415]
[3.8663373]
[3.8441315]
[3.9405103]
[3.9439266]
[3.8174882]
[3.9993513]
[4.041914]
[3.6903815]
[3.9428673]
[3.784777]
[3.8549922]
[4.1810403]
[3.7305915]
[3.7024798]
[3.9693146]
[3.9263935]
[3.9638057]
[3.6545663]
[4.0499654]
[3.8501365]
[4.0260673]
[3.8936367]
[3.7223744]
[3.9535668]
[3.8431435]
[3.689042]
[3.8280513]
[4.0605564]
[3.9111447]
[3.9163778]
[3.7825425]
[4.2078347]
[4.0237274]
[3.806007]
[3.9323087]
[3.7144647]
[3.7364287]
[3.8218148]
[4.0421605]
[3.734102]
[4.0542364]
[3.9450357]
[3.7372725]
[4.0135713]
[3.7368515]
[4.0331297]
[3.6389222]
[3.8237844]
[3.9159358]
[3.80293]
[3.753463]
[3.899255]
[3.8797624]
[4.083579]
[3.8157663]
[4.033608]
[3.939353]
[3.7463295]
[3.8607628]
[3.6965084]
[3.9109516]
[3.8451886]
[3.839244]
[3.8248878]
[3.7583797]
[4.2205234]
[3.5952694]
[3.937573]
[3.7018065]
[3.8780663]
[3.7542696]
[4.006618]
[3.9385827]
[4.0474963]
[3.739162]
[3.7773082]
[3.7711892]
[3.885644]
[3.8577933]
[4.283434]
[3.8064106]
[3.9676602]
[3.9421785]
[4.0274525]
[3.6895943]
[3.935009]
[3.9926074]
[4.0687313]
[3.8395731]
[3.7903514]
[3.8973064]
[3.763129]
[3.8016315]
[3.671721]
[3.6812167]
[3.7791808]
[3.9405732]
[3.9861145]
[3.6673765]
[3.8189135]
[3.7710383]
[3.7517612]
[4.0404387]
[3.8900402]
[3.9487176]
[3.7424774]
[3.7202916]
[3.6815405]
[4.0417323]
[3.9262662]
[4.031539]
[3.8953452]
[4.200965]
[3.6577544]
[3.9519823]
[3.7185469]
[3.8442006]
[4.014081]
[3.8854287]
[3.7879744]
[3.7856498]
[3.859194]
[3.848719]
[3.943524]
[4.1355805]
[3.932074]
[3.8104177]
[4.077848]
[4.0612073]
[3.9561453]
[3.9822001]
[3.741775]
[3.8111587]
[4.130114]
[3.6409369]
[4.0099406]
[3.7451794]
[4.066139]
[3.991689]
[3.9497335]
[4.075365]
[4.2265434]
[4.0211916]
[3.7543972]
[3.7357264]
[4.07073]
[4.0403967]
[4.059402]
[3.798791]
[4.0418787]
[3.6977267]
[3.9708104]
[3.8539853]
[3.65022]
[4.2374573]
[4.4555826]
[3.930583]
[3.9191694]
[3.891776]
[4.0596]
[3.6928587]
[3.6941767]
[4.289937]
[3.6944385]
[3.6521275]
[4.4026217]
[3.7809072]
[3.9203844]
[3.6402814]
[4.3226724]
[3.7756646]
[3.8435087]
[4.0410066]
[4.29358]
[3.784079]
[3.9333947]
[3.8275232]
[3.723044]
[4.165353]
[3.756282]
[3.7811668]
[3.8174915]
[4.0324316]
[3.8696313]
[3.9913142]
[4.00712]
[3.7363274]
[4.166486]
[3.9979556]
[3.6374135]
[3.760483]
[4.222581]
[3.9315975]
[3.7866066]
[4.1987634]
[3.8390188]
[4.039804]
[3.6289701]
[3.7591248]
[3.7218175]
[3.8918283]
[4.0783668]
[3.8822577]
[4.0932546]
[3.7067282]
[3.7377496]
[4.0120087]
[3.8984187]
[4.038499]
[4.0308514]
[3.890765]
[3.700067]
[3.7832153]
[3.8914552]
[3.7416787]
[3.802629]
[3.685517]
[3.8624315]
[4.005649]
[3.6832526]
[3.856865]
[3.6359472]
[4.1272807]
[3.6778123]
[3.7948077]
[3.9464471]
[3.8396225]
[3.8349862]
[3.6779487]
[4.0794663]
[3.9648528]
[3.8790731]
[3.9169066]
[3.7230532]
[3.911629]
[3.686387]
[3.7405465]
[4.0477414]
[4.021866]
[3.6029086]
[3.6182535]
[3.9968657]
[4.089165]
[3.7417831]
[3.9418392]
[4.1179123]
[3.9012773]
[4.216823]
[4.0606403]
[3.7075927]
[3.8504426]
[3.8809562]
[3.8793535]
[3.8738537]
[3.7315986]
[3.829186]
[3.823737]
[4.288119]
[3.9356165]
[3.6828017]
[3.6852]
[3.7039323]
[3.7204614]
[3.6093318]
[3.980575]
[4.0030503]
[4.214749]
[4.19842]
[4.0981436]
[4.05281]
[4.260502]
[3.649255]
[3.8986392]
[4.026158]
[3.8132381]
[3.8577116]
[3.7221773]
[3.8152013]
[3.8729014]
[3.8870835]
[3.6748538]
[3.9329443]
[3.6844802]
[3.8401816]
[4.233886]
[4.1277447]
[4.075851]
[3.9027352]
[3.8928103]
[3.558079]
[3.8326676]
[3.7552626]
[3.8930318]
[3.8428252]
[4.069622]
[3.829289]
[4.170849]
[3.9936378]
[3.9038024]
[3.8183749]
[3.6058402]
[3.8076885]
[3.8598146]
[3.717456]
[3.8003402]
[3.780755]
[3.7170348]
[3.7020395]
[4.155646]
[4.0795584]
[4.012952]
[3.6575513]
[3.8594737]
[3.6392124]
[4.025285]
[3.673102]
[4.0807686]
[3.6572714]
[3.7087364]
[3.6773977]
[3.7506824]
[3.654969]
[4.0674157]
[3.8567991]
[3.529981]
[3.6417232]
[3.9277298]
[3.999859]
[3.6546388]
[3.6832545]
[3.9310396]
[4.053723]
[3.8646705]
[3.929727]
[4.1335654]
[4.2423778]
[4.0301147]
[4.1228075]
[3.8414829]
[3.7106724]
[4.4526443]
[4.0272655]
[3.791338]
[3.7406726]
[4.194329]
[3.691972]
[3.876092]
[3.8470073]
[3.6907113]
[3.7591996]
[4.029902]
[4.1402907]
[3.6347327]
[3.7800245]
[3.716899]
[3.6702242]
[4.1256566]
[3.8401122]
[3.9291177]
[4.020524]
[4.0289545]
[3.635237]
[3.7410183]
[3.809598]
[3.796183]
[3.6917133]
[3.7264469]
[3.781434]
[3.8583705]
[4.2965345]
[3.5135944]
[3.965218]
[3.9878387]
[3.601455]
[4.125026]
[3.896881]
[3.7790418]
[3.8207746]
[3.7643142]
[4.058795]
[3.855016]
[3.8647554]
[3.9815114]
[3.7754192]
[3.7072008]
[4.106537]
[3.820469]
[3.784387]
[3.6322694]
[3.9238272]
[3.9319713]
[3.736829]
[4.079777]
[4.1833453]
[3.9028652]
[4.1257463]
[3.7900782]
[3.883786]
[3.9271646]
[3.8406289]
[3.8412204]
[3.672355]
[3.6269982]
[4.3390656]
[3.9913435]
[3.919264]
[4.063048]
[3.8397512]
[3.8706784]
[3.8110259]
[4.026378]
[4.0160275]
[3.7815278]
[3.8908596]
[3.9886518]
[4.0746136]
[3.6719124]
[3.8202832]
[3.8283105]
[3.602298]
[3.722791]
[3.8956227]
[3.7158365]
[3.8171797]
[3.8868923]
[3.6347086]
[3.8522465]
[3.8327827]
[3.7992098]
[3.7059958]
[3.7454095]
[3.6406152]
[4.126987]
[3.9356513]
[3.8811343]
[3.9558647]
[3.8573046]
[3.8192136]
[3.6507506]
[4.12334]
[3.8930821]
[3.9336276]
[3.632873]
[3.9118752]
[3.9707577]
[4.151052]
[3.9349375]
[3.8556745]
[3.7263007]
[4.3213286]
[3.6903427]
[3.8519807]
[3.6966162]
[4.3463936]
[3.753566]
[3.8958359]
[3.6915767]
[3.7428205]
[3.6327658]
[3.939665]
[3.9217203]
[4.010162]
[3.8431084]
[3.7250898]
[3.8997853]
[3.6163137]
[4.298021]
[3.6913114]
[3.919462]
[3.8687584]
[3.6762307]
[3.7372777]
[4.260428]
[3.8761864]
[4.1897125]
[3.8906865]
[3.8922439]
[3.6987891]
[3.7936606]
[3.7783194]
[4.1272244]
[3.8777943]
[3.9326088]
[3.914867]
[4.0245824]
[3.6945744]
[4.2229385]
[3.75351]
[3.9260938]
[3.654648]
[3.8450959]
[4.1856914]
[3.89449]
[4.0909104]
[3.6252599]
[4.158177]
[3.910607]
[3.8373275]
[3.7708392]
[3.746686]
[4.124024]
[3.8135035]
[3.8985033]
[3.9023075]
[3.7804706]
[4.020988]
[3.6784787]
[3.8394823]
[3.8849468]
[3.9406023]
[3.780651]
[3.816641]
[4.02809]
[3.6858532]
[4.4518447]
[3.7279787]
[4.1113095]
[3.5697908]
[3.69289]
[3.698913]
[3.8647516]
[4.0232058]
[3.9316826]
[3.9214246]
[3.8435254]
[4.0840526]
[3.8941827]
[3.634115]
[3.8998914]
[3.823023]
[4.3075843]
[4.060401]
[3.7331982]
[4.198039]
[3.9923897]
[3.7603254]
[4.2538447]
[3.9112458]
[3.7037141]
[3.7795248]
[3.9646003]
[3.748909]
[3.730277]
[3.7515109]
[4.227756]
[3.8647587]
[3.7835565]
[3.8569922]
[3.6885583]
[3.749806]
[3.8214264]
[3.9390614]
[3.7241096]
[3.839389]
[3.7794962]
[3.8355465]
[4.052062]
[3.790585]
[4.212533]
[4.0234528]
[4.0743046]
[3.7700768]
[3.9164538]
[3.974573]
[3.8924918]
[3.8574674]
[3.7068455]
[3.8204207]
[3.9142518]
[3.7827928]
[3.8181703]
[3.9555316]
[4.104964]
[4.1546264]
[3.953863]
[3.760807]
[3.7920566]
[3.866397]
[3.876363]
[3.7726588]
[3.9391105]
[4.244812]
[3.916153]
[3.7070913]
[3.8984141]
[3.6523883]
[3.771795]
[4.069782]
[4.2078586]
[3.6851885]
[3.8987968]
[4.1104813]
[4.2145944]
[3.8238225]
[3.946238]
[3.8379061]
[3.831917]
[4.182918]
[3.9938862]
[3.7784126]
[3.776733]
[3.8314934]
[3.8886378]
[3.934121]
[3.9899247]
[4.03775]
[4.2414565]
[3.8261034]
[3.812856]
[4.218552]
[3.7002437]
[3.651816]
[3.8330529]
[3.9179342]
[3.6155446]
[4.1900215]
[3.8376408]
[3.6571124]
[3.8546956]
[4.035808]
[3.8248248]
[3.8657465]
[4.05174]
[3.7378829]
[4.2055926]
[3.9555986]
[3.6816063]
[3.8273375]
[3.6130385]
[3.8855639]
[3.8813121]
[4.149241]
[3.8544807]
[4.4440975]
[4.2125936]
[4.0947237]
[3.7526145]
[3.7449026]
[4.0229664]
[3.975203]
[3.8895485]
[3.913412]
[3.7090893]
[4.3390727]
[3.8374043]
[4.1473155]
[4.0172462]
[4.2187977]
[4.0272837]
[3.8436637]
[3.7342408]
[3.75182]
[3.9308307]
[3.7929134]
[3.7505934]
[3.6527314]
[4.300813]
[3.9190197]
[4.126353]
[3.8936772]
[3.9439728]
[3.9115784]
[3.7728515]
[3.8465927]
[3.9157255]
[3.7320774]
[4.0587063]
[3.720724]
[3.795208]
[3.87087]
[3.9528368]
[3.9230978]
[4.222167]
[3.8116033]
[3.7575135]
[4.0518184]
[4.0250072]
[4.0518465]
[4.091212]
[3.852096]
[3.6809714]
[4.2382145]
[3.6659908]
[4.2866693]
[3.689973]
[4.08487]
[3.9578533]
[4.086447]
[3.528063]
[4.251833]
[4.1784163]
[3.822133]
[3.7763925]
[3.5115526]
[3.9950948]
[4.064429]
[3.6139722]
[3.7970707]
[3.7830722]
[3.9386072]
[4.19634]
[3.6823044]
[4.074586]
[4.0305576]
[3.9675372]
[4.042071]
[3.7308607]
[4.0835805]
[3.6533885]
[4.037812]
[3.9859045]
[4.0288544]
[4.127975]
[3.9167652]
[4.339197]
[4.0227294]
[4.2893195]
[3.651209]
[4.0681043]
[4.0605474]
[3.8416467]
[3.8289]
[3.674348]
[3.7473288]
[3.9119916]
[3.8365784]
[3.762909]
[4.134638]
[3.7958622]
[3.7719185]
[3.753812]
[3.898091]
[4.242962]
[4.089291]
[3.8220289]
[3.6491404]
[3.7938857]
[4.0796065]
[3.9315903]
[3.860322]
[3.946465]
[3.8315716]
[3.7043393]
[3.9559677]
[3.891487]
[3.8334837]
[3.7569947]
[4.224201]
[3.6466517]
[3.726241]
[3.5100012]
[3.9038002]
[3.6332836]
[3.7810214]
[3.8768513]
[3.8315635]
[3.7787771]
[3.9375367]
[3.7796237]
[4.241653]
[3.8557005]
[3.7535324]
[3.9125066]
[3.9205608]
[3.6469688]
[3.790809]
[3.7034974]
[3.6596603]
[3.7794657]
[3.776684]
[3.909106]
[4.035041]
[4.115549]
[3.8729687]
[4.252289]
[3.96634]
[4.023378]
[3.5196261]
[4.1842165]
[3.992821]
[4.4334908]
[4.0385737]
[3.6825743]
[3.6977823]
[3.696957]
[4.2147937]
[4.156311]
[4.0801067]
[3.830979]
[3.7359748]
[3.926507]
[3.7993412]
[3.7944455]
[3.8311484]
[3.687364]
[3.846049]
[3.8039935]
[3.851347]
[4.0316772]
[3.8418534]
[3.9035575]
[3.7762563]
[3.726674]
[3.852073]
[3.910644]
[3.808162]
[3.9949894]
[3.9451575]
[4.2671175]
[3.8254688]
[3.6970534]
[3.74697]
[4.142274]
[4.092284]
[3.637559]
[3.9264474]
[3.9503877]
[3.9324923]
[4.0932703]
[3.8474922]
[3.8191512]
[3.7489195]
[3.7975063]
[4.124224]
[4.0008564]
[3.8771648]
[3.6746225]
[3.9381258]
[3.886451]
[4.284938]
[3.7192123]
[3.9576826]
[3.5945501]
[3.75137]
[3.69157]
[4.0570927]
[3.6170506]
[3.9633708]
[4.217745]
[3.7121892]
[3.5276065]
[4.2843385]
[3.8777695]
[3.8043272]
[3.6310968]
[4.020973]
[3.8888466]
[4.0536857]
[3.8381984]
[4.1766543]
[4.1484823]
[4.140298]
[3.8117452]
[4.0516505]
[3.9400504]
[3.8304493]
[4.100986]
[3.649506]
[3.693119]
[3.9780936]
[4.244068]
[3.7036433]
[4.4401245]
[3.7264707]
[3.6925037]
[3.9293382]
[3.7017572]
[3.8016012]
[4.0887465]
[3.8736184]
[3.771308]
[3.794747]
[3.919973]
[3.9501638]
[3.7504263]
[3.9154835]
[3.8132288]
[3.8478072]
[4.1052656]
[4.167395]
[3.7526114]
[3.9079595]
[4.0993195]
[3.6827404]
[3.7240849]
[4.012869]
[3.6432793]
[4.041209]
[3.5917008]
[3.557513]
[3.6695411]
[4.2552385]
[3.7816014]
[4.0179734]
[3.9383988]
[3.854677]
[3.7524607]
[3.8301833]
[3.8385084]
[3.9620423]
[3.7185729]
[3.8414674]
[4.013706]
[3.821345]
[3.78082]
[3.874467]
[4.002762]
[4.2182207]
[4.1289883]
[3.7536616]
[3.9637053]
[3.7241282]
[3.775281]
[3.798722]
[4.3445497]
[4.0278544]
[3.9929044]
[4.044142]
[3.7763128]
[4.137596]
[3.6910734]
[3.700533]
[3.5764763]
[4.1803284]
[3.9011788]
[3.7046242]
[3.7931795]
[3.775918]
[3.8919916]
[4.0105114]
[3.9129086]
[3.6913164]
[3.6486542]
[3.6470697]
[4.0304847]
[3.79039]
[4.07567]
[4.040541]
[4.081054]
[4.005055]
[3.834738]
[3.779556]
[3.823037]
[4.2094316]
[3.8404927]
[3.5225866]
[3.884552]
[3.8490574]
[3.9239779]
[3.9474747]
[3.9252856]
[3.9901419]
[4.0343404]
[3.8439667]
[3.7949703]
[4.030418]
[3.753422]
[3.9846072]
[4.133353]
[3.8106015]
[3.9975972]
[3.8463693]
[3.9298522]
[4.0321927]
[4.0591283]
[3.8802114]
[3.8471987]
[4.0483375]
[3.8980024]
[3.760013]
[4.038988]
[3.8068213]
[4.019921]
[3.9205792]
[4.0532146]
[3.8391016]
[3.8288798]
[4.0436697]
[4.219345]
[3.7469618]
[3.843548]
[4.028914]
[3.812457]
[3.6961691]
[3.7924333]
[4.0395575]
[3.7752533]
[3.6480923]
[4.0803905]
[3.774291]
[4.14157]
[4.0784416]
[3.8016021]
[3.8129134]
[3.750394]
[3.9217546]
[3.829276]
[3.590322]
[3.7134285]
[4.0269213]
[3.9620068]
[4.1792903]
[3.9125671]
[4.0523114]
[3.8107865]
[3.6691098]
[3.930455]
[3.712235]
[3.9758556]
[3.8714602]
[4.1394506]
[3.6336915]
[3.645036]
[3.829574]
[3.7244542]
[3.7542315]
[4.10759]
[3.9945912]
[3.8761802]
[3.766818]
[3.5195153]
[3.7478178]
[3.965]
[3.6013339]
[4.1555014]
[3.9504535]
[3.9536273]
[4.0035305]
[3.7558281]
[4.2074084]
[3.7932577]
[4.0284963]
[4.1476383]
[4.0499544]
[3.7798948]
[3.8718283]
[3.8376012]
[3.726326]
[4.0324874]
[3.7666516]
[3.8370292]
[4.071948]
[4.2129216]
[3.7512164]
[4.149875]
[3.8843484]
[4.036246]
[4.1714687]
[4.278307]
[3.6816156]
[3.826337]
[3.7411962]
[4.122363]
[3.9284067]
[3.8488142]
[4.166671]
[3.993248]
[3.8150587]
[4.0445757]
[3.7163293]
[4.066976]
[3.8557482]
[3.643702]
[4.1139593]
[4.10337]
[3.645894]
[3.895596]
[3.8746972]
[3.7228525]
[3.8257475]
[3.8754346]
[4.1431527]
[3.8872812]
[3.6842089]
[3.9266248]
[4.0589695]
[3.7727227]
[3.6818304]
[3.9224381]
[4.1261034]
[4.0738277]
[3.8041484]
[3.703994]
[3.7112153]
[3.876025]
[3.8856418]
[3.7472396]
[3.7740602]
[3.8779142]
[4.010987]
[3.9232097]
[3.940187]
[4.1086283]
[4.211178]
[3.817905]
[3.9400737]
[4.212056]
[3.8167143]
[3.9255416]
[4.079946]
[3.9542866]
[4.0781713]
[3.8766456]
[3.8602917]
[4.1905947]
[3.6333573]
[4.101328]
[3.653574]
[3.9983373]
[3.9076881]
[4.03469]
[3.7152553]
[3.8807807]
[3.597184]
[3.763386]
[3.8335264]
[3.8340952]
[3.8364108]
[4.070158]
[3.9884627]
[4.2167745]
[4.0066223]
[4.0708823]
[3.7445865]
[4.0628195]
[4.1241574]
[3.786262]
[3.985849]
[3.8227525]
[3.8012965]
[3.7802482]
[3.9421306]
[4.0953255]
[4.0675006]
[3.816003]
[3.9421637]
[3.743964]
[3.7845428]
[3.984487]
[3.765338]
[4.0310473]
[3.8348973]
[3.7329836]
[3.73759]
[4.2144055]
[3.849151]
[3.8263621]
[3.8814976]
[3.6247122]
[3.967967]
[3.7094362]
[4.0319643]
[3.8259106]
[3.7176385]
[3.964851]
[3.9071782]
[3.752327]
[3.7039227]
[3.8934252]
[3.9180532]
[3.8775604]
[4.210602]
[3.8966467]
[4.109738]
[4.037359]
[3.8632007]
[3.699403]
[4.13597]
[3.908422]
[4.2405753]
[3.9945493]
[4.166588]
[4.0189137]
[3.7534368]
[3.940522]
[3.7397978]
[3.8176074]
[3.9369006]
[3.940568]
[3.7240138]
[3.986456]
[3.8824894]
[3.8801985]
[3.7228281]
[4.0218215]
[3.8018553]
[4.0171022]
[3.8688807]
[3.9282672]
[3.855838]
[4.082002]
[3.6810226]
[3.7843614]
[4.000328]
[4.129678]
[4.140842]
[3.7475603]
[3.8770914]
[3.7174723]
[3.561877]
[3.6495233]
[3.7811337]
[3.700836]
[3.9372523]
[3.9358535]
[3.58321]
[4.0645957]
[3.6999974]
[3.7364378]
[3.8678122]
[3.6715035]
[3.964484]
[4.1498294]
[4.1626606]
[3.7664616]
[4.1246357]
[3.909617]
[3.7562675]
[4.289612]
[3.7364688]
[3.6757078]
[3.7016232]
[3.6459076]
[4.0771055]
[4.119282]
[4.125226]
[3.817568]
[3.714929]
[3.8971305]
[3.7074382]
[3.7849808]
[3.9759746]
[3.8297195]
[4.046174]
[3.8580103]
[4.0583167]
[4.0708365]
[3.8992515]
[3.8292668]
[4.2190046]
[3.938606]
[3.962673]
[3.8279777]
[3.93847]
[4.049523]
[3.9113054]
[4.056219]
[4.035103]
[3.7894032]
[3.7542114]
[3.7650242]
[3.881916]
[3.9299533]
[3.647598]
[4.0197754]
[4.2845726]
[3.8207254]
[3.746669]
[3.6801023]
[3.8971462]
[4.1569085]
[3.9719007]
[3.7367938]
[4.005637]
[3.8086944]
[3.8948617]
[4.012837]
[3.8139818]
[3.8778188]
[3.6817393]
[3.7156482]
[3.8931406]
[4.073015]
[3.9972072]
[4.035463]
[3.9684825]
[3.826068]
[3.9052303]
[3.9239833]
[4.121134]
[3.8085268]
[4.1166997]
[4.07719]
[3.9424462]
[3.8270428]
[3.829291]
[3.6860752]
[3.923146]
[3.7530181]
[3.7797964]
[4.3016677]
[3.7550576]
[3.811923]
[3.567929]
[4.015479]
[4.1402607]
[4.1835127]
[3.8063607]
[3.7652829]
[4.0719748]
[3.9851685]
[4.049569]
[4.0142403]
[4.051368]
[4.255598]
[3.5954115]
[3.7679129]
[3.6851315]
[4.0442123]
[3.9450784]
[3.7388475]
[3.6975334]
[3.7364178]
[3.646795]
[3.6370986]
[3.95006]
[3.650145]
[4.135421]
[3.9670062]
[4.0155716]
[3.9078689]
[3.7293952]
[3.6437495]
[3.9854317]
[3.864929]
[4.035515]
[3.7926347]
[3.637968]
[3.590871]
[4.069363]
[4.0087867]
[4.0320935]
[4.023372]
[3.5219152]
[3.826332]
[3.8882852]
[3.794873]
[4.3022094]
[4.028296]
[4.207692]
[4.2002983]
[3.7512193]
[3.8108234]
[3.6912189]
[4.0825405]
[3.6390657]
[3.8595548]
[3.8409123]
[3.7129452]
[3.961975]
[3.7279646]
[4.0597835]
[4.223762]
[3.9289749]
[4.156656]
[3.9761817]
[3.7230368]
[4.258026]
[3.7058415]
[4.1202655]
[3.5698822]
[3.8573942]
[4.0559964]
[4.0535755]
[4.050238]
[3.6872706]
[3.7635608]
[4.2887254]
[3.7370133]
[3.9290652]
[4.2191114]
[3.6953952]
[3.8312593]
[4.226313]
[3.8815453]
[3.9130142]
[4.177366]
[3.9979506]
[3.8876903]
[3.8158057]
[3.834741]
[3.8114972]
[3.8007336]
[4.345959]
[4.102215]
[3.8863702]
[3.8210502]
[4.2728558]
[4.154523]
[4.0374255]
[3.6828837]
[3.9486516]
[3.89408]
[3.8260033]
[3.701878]
[4.035356]
[4.016331]
[3.8654208]
[3.9285898]
[4.08709]
[4.1455946]
[4.033194]
[3.9666224]
[3.618378]
[3.8595016]
[3.8747783]
[3.8972766]
[4.1004686]
[3.7449665]
[3.6439822]
[3.693293]
[3.710948]
[3.8554277]
[3.978405]
[4.1687074]
[3.6947696]
[3.8585522]
[3.8115444]
[4.080426]
[4.03725]
[3.760336]
[3.9341846]
[3.9845393]
[3.7089698]
[3.6162684]
[4.038302]
[3.7930171]
[3.921196]
[4.0478435]
[3.873957]
[3.754802]
[3.7812738]
[3.8989692]
[4.0145655]
[4.036852]
[3.7750351]
[3.791838]
[4.2385707]
[3.9303029]
[3.7267392]
[3.8534527]
[3.725447]
[3.7501771]
[3.7627447]
[3.6821108]
[3.8798428]
[3.9305296]
[3.903759]
[4.0545106]
[3.7857163]
[3.5927925]
[3.97305]
[4.060644]
[3.897397]
[3.737144]
[3.7358563]
[3.7500033]
[3.7978415]
[4.0327563]
[3.768623]
[3.8992965]
[4.286529]
[3.7926354]
[3.88008]
[3.727618]
[3.7999766]
[3.822121]
[4.126831]
[3.8837047]
[3.8678489]
[3.8441064]
[3.9839818]
[3.624505]
[3.8962932]
[3.8365314]
[4.17743]
[3.7427757]
[3.991958]
[3.6991704]
[3.8943956]
[4.084785]
[3.737346]
[3.6426964]
[3.7688076]
[4.1444387]
[3.7416203]
[4.1556554]
[4.112526]
[3.785685]
[4.0559583]
[3.8571286]
[4.0149]
[3.72039]
[3.898522]
[3.6454823]
[3.6463082]
[3.9615688]
[3.8669868]
[3.82266]
[4.119662]
[3.7735898]
[3.6944113]
[3.8011765]
[4.0716376]
[3.7997363]
[4.0447936]
[4.06924]
[3.6519105]
[3.7936225]
[3.748614]
[3.8724787]
[3.7811441]
[4.0363507]
[3.839055]
[3.8350124]
[3.744436]
[4.058907]
[4.0765057]
[4.0558414]
[3.9334595]
[3.8822165]
[4.0970654]
[3.674625]
[4.1351824]
[3.7192311]
[3.8260121]
[3.84542]
[3.9264855]
[3.6077478]
[4.127502]
[4.2829814]
[3.7694447]
[3.646636]
[4.0030394]
[4.208378]
[3.7716708]
[3.8616393]
[3.7463272]
[3.822503]
[3.8378396]
[3.89572]
[3.628563]
[4.0636992]
[4.1290946]
[3.6427286]
[4.014353]
[3.8656595]
[3.961991]
[4.1473517]
[3.716496]
[4.00085]
[3.69359]
[4.026526]
[3.8403387]
[3.7548761]
[4.2811513]
[4.0024276]
[3.9231062]
[3.6507833]
[3.9041438]
[3.929578]
[3.9267004]
[3.7497442]
[3.8349314]
[4.1036963]
[4.1535106]
[3.8731246]
[4.046167]
[4.1133647]
[4.181942]
[3.7511692]
[3.8630657]
[3.8161886]
[3.7134788]
[3.966303]
[3.6622083]
[3.7856767]
[3.7851834]
[3.9780014]
[3.8929722]
[4.0202003]
[3.7727122]
[4.17772]
[4.125079]
[4.315069]
[3.9292471]
[4.1263256]
[3.8806407]
[4.032626]
[3.7311358]
[4.120958]
[3.7061987]
[3.8380604]
[3.7671902]
[3.9023836]
[4.206314]
[3.72794]
[3.9782588]
[3.8158646]
[3.7022824]
[3.741994]
[3.7935796]
[4.0053325]
[3.7871823]
[3.916674]
[4.03638]
[4.0565114]
[4.0241923]
[3.8447196]
[3.963964]
[3.991627]
[3.9260802]
[4.0279307]
[3.7346504]
[3.635984]
[3.7163258]
[3.9216049]
[3.5881078]
[4.2041597]
[3.6479604]
[3.6438491]
[3.6930091]
[4.0813074]
[3.6423683]
[3.8763885]
[4.032367]
[4.026733]
[3.8352258]
[3.746228]
[3.6886308]
[3.8299847]
[3.5303323]
[3.7691352]
[4.05942]
[3.9251277]
[3.9275925]
[3.6421678]
[3.772241]
[4.090645]
[3.884426]
[3.9599407]
[4.244143]
[3.7839656]
[3.8754869]
[4.055134]
[4.0527716]
[3.7569983]
[3.7446756]
[4.190098]
[4.1041903]
[3.8102198]
[3.909677]
[3.787127]
[4.073979]
[3.973169]
[3.7134905]
[3.9133205]
[3.805528]
[3.9106288]
[3.7062297]
[4.2425756]
[4.3109465]
[3.949709]
[3.715927]
[4.1525726]
[3.748236]
[3.7409651]
[3.8046455]
[3.960928]
[4.0156484]
[4.093186]
[3.864642]
[4.1198883]
[4.094682]
[3.8469934]
[4.278258]
[3.7555802]
[4.2087207]
[3.72701]
[4.148003]
[3.7612286]
[4.1207566]
[3.6336954]
[3.9774709]
[3.827228]
[4.031722]
[3.8863928]
[3.640523]
[4.036148]
[3.715447]
[3.702974]
[3.6790814]
[3.5053337]
[3.7858574]
[3.7232215]
[3.7488108]
[4.15144]
[3.6917558]
[4.183465]
[3.991985]
[4.0210414]
[3.653508]
[4.1140966]
[3.7823548]
[3.6820343]
[3.9351745]
[3.8436637]
[4.078644]
[3.851545]
[3.6284678]
[4.1012597]
[3.8809755]
[3.8732398]
[4.041698]
[3.7938097]
[4.0608387]
[3.7643247]
[3.7193093]
[3.812275]
[3.8326116]
[3.787196]
[3.8607597]
[3.7830875]
[3.8149717]
[3.7634518]
[3.889434]
[3.7258875]
[4.0149527]
[3.812455]
[3.7036734]
[3.8006551]
[3.6947663]
[3.918621]
[3.837992]
[4.0594044]
[3.913694]
[3.8248734]
[4.072382]
[3.7706015]
[3.907104]
[4.0757957]
[4.210119]
[3.990245]
[3.9329855]
[3.9138992]
[4.132367]
[3.7377238]
[3.8069212]
[3.6713047]
[3.8474183]
[3.6195798]
[4.214887]
[3.879885]
[3.9122055]
[3.893459]
[4.0361543]
[4.0549793]
[3.8502226]
[4.197239]
[3.628425]
[3.8120255]
[3.918528]
[4.033656]
[4.0000772]
[4.1512394]
[3.8312101]
[3.7436132]
[3.7507248]
[4.2818036]
[3.7225595]
[3.6743264]
[3.918563]
[3.9105842]
[3.6970992]
[3.9304333]
[3.9023788]
[4.1229653]
[3.6900291]
[3.8354983]
[4.2166123]
[4.1146307]
[4.0868406]
[3.866354]
[3.6974344]
[3.9517622]
[3.9442253]
[3.6795287]
[3.770863]
[3.9561713]
[3.9492252]
[4.1163106]
[3.829074]
[3.789501]
[3.887344]
[3.925565]
[3.9806635]
[3.810485]
[3.8211164]
[3.6453233]
[4.2061563]
[3.9233851]
[4.058756]
[3.8832335]
[3.8810306]
[4.0915055]
[4.0735226]
[3.685604]
[3.8573134]
[4.0486717]
[3.6534195]
[4.0017247]
[3.779364]
[4.0782633]
[4.042477]
[3.9978945]
[3.8384254]
[3.9125187]
[4.1132026]
[3.9968975]
[3.9976432]
[4.0367646]
[3.7893357]
[3.7217488]
[3.5944912]
[4.3981395]
[3.6560163]
[4.1348743]
[3.8601074]
[3.6702418]
[3.748593]
[3.8301969]
[3.717865]
[4.19854]
[4.179233]
[4.0113077]
[4.127516]
[3.9716294]
[4.0364246]
[3.7455285]
[3.7574368]
[3.5694153]
[4.2076726]
[3.9762251]
[4.093384]
[4.0520005]
[3.94613]
[3.8254797]
[4.127534]
[3.7324152]
[3.9954314]
[3.8459377]
[3.740424]
[3.6779146]
[4.012535]
[4.0784698]
[3.8239923]
[3.755886]
[3.7947633]
[4.159699]
[3.926888]
[3.6499395]
[3.888838]
[3.9505365]
[3.8522222]
[4.3062935]
[4.2613335]
[3.7934928]
[3.931263]
[4.191322]
[4.0694013]
[4.2533545]
[3.750977]
[3.657426]
[3.5898364]
[3.7278008]
[3.8752346]
[3.89123]
[3.7247303]
[3.7592626]
[3.8757873]
[3.9988928]
[3.8734062]
[4.0546265]
[3.9692152]
[4.2224813]
[3.8239193]
[3.8341472]
[3.815561]
[3.8022938]
[3.7381785]
[3.7043805]
[3.8064456]
[4.0922465]
[3.9035723]
[3.6795988]
[3.7328777]
[3.6330981]
[3.6541786]
[3.8421998]
[3.7816234]
[3.784291]
[3.6849174]
[3.8008356]
[3.6430163]
[3.8287716]
[4.1759377]
[3.9375324]
[3.977135]
[3.9861646]
[3.8104079]
[4.257537]
[4.041831]
[3.6274104]
[3.5224488]
[3.8284435]
[4.085501]
[3.6811361]
[3.6245806]
[4.019568]
[3.7922091]
[3.866024]
[4.1867747]
[4.0923285]
[3.9214332]
[3.9138434]
[4.176432]
[4.276159]
[4.041892]
[4.1996884]
[3.9228027]
[3.8254502]
[3.993434]
[3.9802608]
[4.01086]
[4.029218]
[3.691503]
[3.7172503]
[3.7611258]
[3.7162983]
[3.9914966]
[3.9693277]
[4.0195093]
[3.801991]
[3.939046]
[4.1322618]
[3.9903064]
[3.8711984]
[3.6369257]
[3.6823652]
[3.803926]
[3.8411767]
[3.7228446]
[3.8331177]
[3.6704843]
[3.702979]
[4.040022]
[3.8285828]
[3.9511523]
[4.079846]
[3.771698]
[4.26682]
[3.6348538]
[3.9233267]
[4.0794716]
[3.6463888]
[3.882673]
[3.7166948]
[4.1365566]
[4.0508013]
[3.9125562]
[3.7899895]
[3.6349082]
[3.960086]
[3.7993894]
[3.730338]
[3.8603792]
[3.7425241]
[3.7752213]
[3.5251899]
[4.181494]
[3.696962]
[3.9317431]
[3.8793528]
[3.752362]
[3.7807987]
[4.0304356]
[3.9753437]
[4.322049]
[3.9422545]
[3.721891]
[4.1380186]
[3.7989893]
[3.8107328]
[4.2428794]
[4.005432]
[3.8501432]
[3.9139075]
[3.8070445]
[3.8146996]
[3.7727606]
[4.024401]
[4.068446]
[4.0313945]
[4.2099023]
[4.0690703]
[4.215007]
[4.057008]
[3.9638917]
[3.7509534]
[3.919326]
[4.1534324]
[3.804964]
[3.7889707]
[3.9724424]
[3.9573116]
[3.7670343]
[4.0751185]
[4.0743546]
[3.772038]
[3.884192]
[3.893657]
[4.13102]
[3.630975]
[3.6962805]
[3.71562]
[3.677846]
[3.9122784]
[4.06054]
[3.9492748]
[4.2799296]
[3.6995046]
[3.6930292]
[3.7845173]
[3.7529168]
[3.76589]
[3.9452338]
[4.207067]
[3.7484288]
[3.8403568]
[3.824737]
[3.828638]
[4.024182]
[3.7619865]
[4.245743]
[3.7500505]
[3.8013837]
[3.7275484]
[4.20751]
[4.0480638]
[4.094393]
[4.243599]
[3.8000948]
[3.8565984]
[4.05053]
[4.0065384]
[4.0223813]
[3.8890967]
[4.0743504]
[4.0800624]
[3.9744554]
[3.6885664]
[4.120961]
[3.9757152]
[3.8876526]
[4.1797686]
[3.8906713]
[3.828103]
[3.8353255]
[3.691498]
[3.9146352]
[3.8564322]
[3.833938]
[3.7491531]
[4.0460544]
[3.9582677]
[3.8733842]
[3.7858524]
[3.9980867]
[3.8960035]
[3.9076722]
[4.1752462]
[4.1890116]
[3.6463172]
[3.6672432]
[3.8893425]
[4.2646437]
[4.0226164]
[4.059647]
[3.8281808]
[3.795321]
[4.003034]
[3.7266555]
[3.7141898]
[3.6630683]
[3.8004708]
[4.1939216]
[3.8881724]
[4.1662245]
[3.7059853]
[3.7262452]
[3.7432244]
[4.118197]
[4.0761366]
[3.6905355]
[4.021223]
[4.1475906]
[3.885788]
[3.7783322]
[3.8749387]
[3.9377155]
[3.9425344]
[4.0294595]
[3.9526408]
[3.8611465]
[3.7482033]
[3.894845]
[3.837055]
[3.9965103]
[4.224684]
[4.1924996]
[3.9879138]
[3.6975238]
[3.8906088]
[4.0416813]
[3.8058445]
[4.1340475]
[3.8328729]
[3.8495104]
[3.8024423]
[3.784048]
[3.9454198]
[3.7387538]
[3.6973486]
[3.8911884]
[3.6341867]
[3.9301405]
[3.826619]
[3.9034975]
[4.2064347]
[3.6976323]
[3.7850254]
[3.5794857]
[3.9690135]
[3.9134035]
[3.638817]
[4.2222767]
[3.7471552]
[3.8763595]
[3.7883732]
[3.8430214]
[3.941094]
[4.108231]
[3.8387306]
[3.7847097]
[4.160566]
[4.204133]
[3.7888994]
[4.2395773]
[3.8055882]
[4.032228]
[3.7878547]
[4.2951584]
[3.745176]
[3.760623]
[3.959992]
[3.6898868]
[3.8558621]
[4.2829485]
[4.0349135]
[3.7389548]
[3.7046845]
[3.856352]
[3.8919225]
[3.8981738]
[4.3204007]
[4.229581]
[4.043803]
[3.9883914]
[3.6381567]
[3.8283782]
[3.9289896]
[4.303775]
[3.8705907]
[3.7622066]
[3.8793101]
[3.6746602]
[3.9657154]
[3.7099392]
[4.018388]
[3.9092429]
[3.883637]
[3.6821532]
[3.7499726]
[4.082162]
[3.8538995]
[3.8280735]
[4.1321564]
[3.9999754]
[4.327991]
[4.1470847]
[4.1103473]
[3.8551183]
[3.9754803]
[3.9676192]
[3.8268473]
[3.9103396]
[3.6791458]
[3.7264307]
[3.814588]
[3.8111393]
[3.9271817]
[3.799363]
[3.8393693]
[3.7718534]
[3.7369149]
[3.8264933]
[3.8784533]
[3.90918]
[3.6384497]
[4.155692]
[4.056353]
[3.6247084]
[4.221119]
[3.8619425]
[3.8814173]
[4.016864]
[3.8409219]
[3.9279923]
[4.0316076]
[3.9688883]
[3.7757761]
[3.8300824]
[3.8759236]
[3.7943544]
[3.504032]
[3.9208117]
[3.801862]
[4.026161]
[3.9644804]
[4.128775]
[3.6754348]
[3.5746994]
[3.7828681]
[4.0357323]
[3.7393467]
[3.70245]
[4.011398]
[3.6664796]
[4.343572]
[3.6739779]
[3.6957078]
[4.1155877]
[4.219672]
[3.563661]
[4.198326]
[3.8603015]
[3.9784284]
[3.7327888]
[3.8125672]
[3.9822762]
[3.911738]
[3.7797918]
[3.9165454]
[3.7714086]
[3.9249048]
[3.9149673]
[3.7152581]
[4.26245]
[3.6844523]
[3.6859522]
[3.7518625]
[4.0038276]
[4.158275]
[3.9267106]
[4.061095]
[3.7511723]
[3.8451984]
[3.9021106]
[4.249728]
[3.8581321]
[3.9648986]
[3.8006392]
[3.7273664]
[3.909852]
[3.7027032]
[3.885504]
[3.7684515]
[4.1252985]
[3.9361422]
[4.248067]
[4.034489]
[3.917202]
[3.92392]
[4.2206783]
[3.6887913]
[3.7078817]
[3.5903397]
[3.9997277]
[3.8116348]
[4.070175]
[3.9347692]
[4.096042]
[3.8354294]
[3.7641187]
[4.0416203]
[3.7635136]
[4.2779417]
[3.967415]
[4.077181]
[3.8894644]
[4.0208817]
[3.9928162]
[3.7057562]
[3.7801354]
[3.7230983]
[4.1730514]
[3.7701242]
[3.8105414]
[3.710917]
[3.795363]
[3.6758153]
[3.6176474]
[4.1042976]
[3.980431]
[3.7861068]
[4.060063]
[3.797447]
[3.7389216]
[4.0383615]
[3.8701472]
[4.012904]
[4.2728376]
[3.6758103]
[3.749195]
[3.7585082]
[3.7852266]
[3.8791666]
[3.682248]
[3.8490636]
[3.7564838]
[3.7313082]
[3.8592706]
[3.7256234]
[4.1817]
[3.8351557]
[4.0420265]
[3.948628]
[4.058573]
[3.8105838]
[3.7921343]
[4.1228156]
[3.744643]
[3.6391034]
[3.6601062]
[4.3043184]
[3.8930619]
[4.053092]
[4.1954417]
[4.0693727]
[4.0504074]
[3.7642179]
[3.9549718]
[3.7423065]
[3.7196472]
[3.64292]
[3.923609]
[3.8781927]
[3.7551749]
[3.6072867]
[3.914691]
[3.8352485]
[4.1457396]
[3.7549145]
[3.7315416]
[3.8521996]
[3.8802805]
[4.0875173]
[3.7327347]
[3.9915407]
[3.7825167]
[3.847589]
[3.7875175]
[3.8209133]
[3.8237996]
[3.6664279]
[3.7530751]
[3.8542259]
[3.9795642]
[3.8219156]
[3.8955379]
[3.8734918]
[3.8700347]
[3.7250164]
[3.836882]
[4.109398]
[3.687618]
[3.77763]
[3.8208218]
[3.7724314]
[3.7318275]
[3.7829049]
[3.8355227]
[4.249269]
[3.9618258]
[3.7618546]
[4.065942]
[3.6528068]
[4.208794]
[4.1120353]
[4.022152]
[3.7512593]
[3.963964]
[3.9346023]
[4.196078]
[4.129084]
[4.2818847]
[4.064776]
[3.7938094]
[4.1484537]
[3.8045366]
[3.8612099]
[4.2077427]
[4.0379186]
[3.9130726]
[3.9286194]
[3.7535567]
[4.0410123]
[3.7027047]
[3.940187]
[3.8370209]
[4.0151367]
[3.6498475]
[4.2446055]
[4.0847855]
[3.9971912]
[3.6478217]
[3.9161267]
[3.9487789]
[3.6049411]
[3.9954941]
[3.867272]
[3.7388003]
[3.7491333]
[3.986105]
[3.7307665]
[3.900023]
[3.6998737]
[4.0164423]
[3.7143686]
[3.7994986]
[4.0143]
[4.095335]
[4.1485434]
[3.8833737]
[3.768713]
[3.9991724]
[3.874794]
[4.1232996]
[3.7059283]
[4.1116295]
[3.8998177]
[3.9083488]
[3.9523103]
[3.5679135]
[4.0390835]
[4.004501]
[3.8055463]
[3.6825268]
[3.7971838]
[3.989388]
[4.01919]
[3.8979127]
[3.675965]
[3.8943539]
[4.050696]
[4.132264]
[4.118753]
[3.7119977]
[3.7685485]
[3.784662]
[3.9169788]
[3.752112]
[3.7759097]
[3.905021]
[3.9569561]
[3.8348064]
[3.9033794]
[4.2427917]
[3.8378718]
[3.7222192]
[3.6918504]
[3.8535903]
[4.022466]
[4.0286045]
[4.2249246]
[4.0448265]
[4.0237875]
[3.8177876]
[3.7435474]
[4.030532]
[3.8422256]
[4.053096]
[4.2453856]
[3.8362765]
[3.61589]
[3.6283016]
[3.900731]
[3.9042277]
[3.8438292]
[3.8274763]
[3.8100078]
[4.2465024]
[4.0278115]
[4.064546]
[4.1702037]
[3.8849742]
[3.7173502]
[3.7676897]
[4.1890936]
[4.3006353]
[4.0003996]
[3.636394]
[3.7338216]
[4.0655313]
[3.6082728]
[3.770152]
[3.8227952]
[4.262577]
[3.783364]
[4.1523714]
[4.295869]
[3.81788]
[4.128477]
[3.5779636]
[3.7600434]
[3.850965]
[3.859167]
[3.7790716]
[3.9881341]
[3.9325612]
[3.9783776]
[4.017119]
[3.7516367]
[4.008473]
[3.8475883]
[3.8479166]
[3.62793]
[4.0151753]
[4.0646214]
[4.006066]
[3.6340451]
[4.160544]
[3.7882452]
[4.120079]
[4.09696]
[3.901037]
[3.7570274]
[4.242394]
[3.75117]
[3.73475]
[3.77671]
[3.866094]
[4.1072855]
[3.6856334]
[3.7498746]
[4.1751275]
[3.7046816]
[4.0503206]
[3.8414834]
[3.89259]
[4.0402355]
[3.701675]
[3.687949]
[3.813262]
[3.7392867]
[3.8998704]
[3.8852668]
[4.06001]
[4.0424843]
[3.9307427]
[4.0321]
[3.8761272]
[4.0119085]
[3.8054903]
[3.947101]
[3.8361104]
[3.8265262]
[3.7540114]
[3.9712877]
[3.8741221]
[3.76139]
[3.666217]
[3.7865715]
[3.8066697]
[3.7878506]
[4.3409925]
