hanoi -0.133788 -0.062705 0.175049 0.089968 -0.412482 0.025467 -0.093446 -0.085645 0.218888 0.085965 0.131524 0.383213 0.226208 0.151238 -0.020769 0.033834 0.214271 -0.323855 0.015354 -0.022582
tougher 0.281658 0.254200 0.088340 -0.143930 -0.127241 0.076862 0.148928 -0.120988 0.100109 -0.046682 0.439695 -0.115014 -0.148369 0.086565 0.052450 0.167733 0.147543 -0.155964 -0.355752 -0.118076
occasionally -0.216029 -0.007371 0.410516 -0.233514 -0.206931 0.405413 0.014092 0.349504 0.008483 -0.013397 0.053605 0.102799 -0.164543 -0.236327 0.195719 -0.181290 0.080151 0.075947 0.038227 -0.016354
ukrainian -0.112525 0.489066 -0.082009 0.051626 0.138308 -0.147442 0.136059 0.208468 -0.093201 0.259824 -0.130744 -0.005019 0.230613 0.148521 0.203830 -0.245652 -0.117212 -0.045397 0.154347 -0.139396
occasional 0.063552 0.009451 0.176982 -0.291301 -0.052576 0.202418 -0.111821 0.547367 -0.103901 0.083809 0.084641 -0.008316 -0.160719 -0.113328 0.107716 -0.352074 0.099285 -0.030438 0.038509 -0.102734
norway 0.088657 0.236466 0.175780 0.147722 0.115066 0.185039 -0.328863 0.126529 -0.075947 0.323103 0.134815 -0.268299 -0.000565 0.070665 -0.301639 0.078001 -0.224388 -0.191692 0.124217 -0.065392
baghdad -0.172310 0.107523 0.143525 -0.055703 0.412717 -0.101759 -0.121930 -0.143060 -0.307371 -0.263085 0.289991 0.239956 -0.239008 0.155229 -0.149139 -0.040511 0.168438 -0.067984 -0.186229 -0.080923
illinois -0.166501 -0.077403 0.269404 -0.043071 -0.240048 -0.171514 0.267855 0.060800 -0.100666 -0.074183 -0.179692 -0.014903 -0.264444 -0.028567 -0.223903 -0.016417 -0.097939 -0.035983 -0.224211 -0.388121
moving 0.050333 0.091466 -0.145883 0.029778 -0.170947 -0.010759 0.039799 0.192016 0.048948 -0.195423 0.157626 0.104736 0.038465 0.613608 -0.140037 -0.332186 -0.086932 0.260169 -0.088788 0.257773
loud -0.134218 0.105441 -0.183714 -0.250854 -0.021088 -0.004879 -0.307528 0.038178 0.105558 -0.270429 0.187763 0.423676 -0.091164 -0.062221 -0.077840 0.138849 -0.131934 -0.081438 0.021326 -0.323660
thai -0.066335 -0.027146 0.259022 -0.283573 -0.100387 -0.009647 0.054032 0.311822 -0.138042 -0.080084 -0.209251 0.023234 -0.040140 0.315860 0.062144 0.413745 -0.052383 0.091990 -0.092845 0.126200
croatian 0.205231 -0.006126 0.317360 -0.055363 0.037416 -0.114428 -0.126661 0.012003 0.263379 0.275080 -0.043891 0.263292 0.055476 0.089602 -0.215616 -0.019207 -0.133696 0.501947 -0.236767 -0.112117
argentina 0.035556 -0.033145 0.069638 -0.009823 -0.067689 0.041036 -0.209717 -0.299792 0.063341 0.160694 -0.131818 0.070583 -0.339310 0.322165 0.368607 -0.130485 -0.199878 -0.015367 -0.177258 -0.015604
vietnam -0.298159 -0.139099 0.121634 0.207953 -0.305807 -0.011603 -0.104909 0.019626 0.223476 0.106012 0.213694 0.343704 0.275268 0.138302 -0.004621 -0.044343 0.246949 -0.283669 0.021327 -0.167126
norwegian 0.132643 0.197727 0.126915 0.223955 -0.053082 0.193923 -0.229995 0.245912 -0.128357 0.257693 0.231067 -0.345793 0.064986 0.234011 -0.315757 0.197489 0.042895 -0.253809 0.208239 -0.058181
professionally -0.038570 0.181697 -0.187502 0.093223 0.062995 0.151719 -0.106950 0.320750 -0.088864 0.197908 -0.187200 0.194596 -0.285155 -0.095013 -0.075932 0.134489 0.177850 -0.073272 -0.304050 -0.077902
argentinean -0.133909 -0.099618 0.007796 -0.173590 -0.020658 -0.126661 -0.106991 -0.289781 -0.149423 0.175364 -0.045698 0.213006 -0.241415 0.415467 0.260158 0.014657 -0.381205 -0.238369 -0.068535 0.127532
louder -0.042401 0.122501 -0.161701 -0.161855 -0.088005 -0.080414 -0.216396 -0.044402 -0.135036 -0.233129 -0.050511 0.408471 0.131228 0.058315 0.146411 0.045223 0.011922 -0.168771 0.037385 -0.525532
chicago -0.127022 0.299429 0.293825 -0.256891 -0.291556 -0.159266 0.206695 -0.004639 0.108725 -0.139676 -0.304691 0.038740 -0.331440 -0.079445 -0.249415 -0.194189 0.093278 -0.228991 0.013448 -0.251840
move 0.033650 0.090672 -0.175000 -0.001237 -0.146592 0.177298 -0.064417 0.246817 0.110599 0.032738 -0.042797 0.136963 0.017338 0.401532 -0.183645 -0.187287 -0.172717 0.168121 0.004469 0.039375
thailand 0.055424 0.018519 0.318426 -0.215650 -0.067616 -0.102642 -0.051550 0.251559 -0.007552 -0.081012 -0.282711 -0.105455 0.194268 0.398962 0.097607 0.322270 -0.111746 -0.062011 -0.041976 -0.004034
ukraine -0.151201 0.401146 -0.170078 0.117887 0.156658 -0.323067 -0.025711 0.178659 -0.036474 0.253176 0.101408 -0.061544 0.256490 0.125373 0.289859 -0.060523 -0.040799 -0.137479 0.027423 -0.238161
plano -0.077356 0.406649 0.115599 0.167297 -0.321163 -0.253267 -0.396530 -0.052152 -0.207516 -0.148540 0.015479 0.018136 -0.261013 -0.188871 0.089637 0.032771 -0.115250 0.101375 0.057135 0.102090
texas 0.049936 0.142818 0.076838 0.265762 -0.394465 -0.202213 -0.151402 0.050183 -0.168518 -0.049616 0.158671 -0.030288 -0.292592 -0.103450 0.090571 0.108989 -0.279994 0.312307 0.038520 -0.071359
tough 0.247730 0.271543 0.124082 -0.139576 -0.070758 0.012693 0.253389 -0.044286 -0.080225 0.220209 0.391849 0.175100 -0.062080 0.043854 0.086792 0.234535 0.307211 -0.192665 -0.137398 0.051315
flying 0.024010 0.082746 0.133718 0.421940 0.293971 -0.016451 0.181640 0.269420 0.290156 -0.269227 -0.008122 0.225659 -0.296112 0.085432 0.176207 0.086644 -0.070108 0.024565 0.040046 -0.017197
iraq -0.388886 0.008801 0.127702 -0.084691 0.312757 0.110755 -0.066680 -0.089501 -0.112487 -0.116179 0.251139 0.114681 -0.130461 0.209168 -0.037943 -0.025987 -0.085339 0.130814 -0.262677 -0.094088
professional -0.014918 0.148215 -0.101833 0.053157 0.136030 -0.011677 0.127652 0.284047 -0.275816 0.180690 -0.119810 0.288229 -0.305110 -0.010244 0.129101 0.162612 0.292943 0.011442 -0.178388 -0.071226
fly 0.138954 0.023228 0.153948 0.367174 0.251647 -0.021273 0.114265 0.184663 0.165582 -0.084621 0.002735 0.127122 -0.282597 0.221708 0.117381 0.082981 -0.068313 -0.078228 0.317287 -0.174079
danish 0.100091 0.062933 0.157138 0.117255 0.095398 0.158874 0.036964 0.022235 -0.187958 0.018653 -0.009540 0.298503 0.306840 -0.063836 0.119114 0.010168 -0.428730 -0.064497 -0.363664 0.062453
denmark 0.232933 0.103058 0.112994 0.182146 0.056389 0.009588 -0.004591 0.137316 -0.084112 -0.090773 0.120638 0.250181 0.189921 -0.230073 -0.003911 -0.026598 -0.415444 -0.166903 -0.344435 -0.027952
croatia 0.263863 0.100488 0.248727 0.000612 0.088743 -0.256047 -0.134436 -0.016761 0.034172 0.079298 0.012028 0.283571 -0.127695 0.030759 -0.137260 -0.107898 -0.009797 0.327921 -0.026392 -0.205051
