fly 0.278963 0.097609 0.218017 0.089044 0.020449 -0.090633 -0.150699 -0.107645 -0.069203 0.041021 0.010283
loud -0.123599 -0.054964 0.084406 0.410915 -0.242121 -0.312036 -0.210885 0.134947 -0.224332 -0.043727 -0.107835
tough -0.050569 -0.014586 -0.055471 0.359721 -0.219755 -0.208731 -0.107404 -0.001343 -0.166258 -0.195723 0.045445
occasionally 0.008094 0.156319 -0.167517 0.014892 0.033026 0.208634 0.132673 -0.121049 -0.182187 -0.333437 0.239638
moving 0.327790 0.079435 -0.186349 0.013046 0.042568 0.007141 0.167938 -0.130823 -0.112753 -0.192807 0.310686
professionally -0.058933 0.112717 -0.122474 0.109465 0.091239 0.209165 0.013582 -0.019316 -0.166841 -0.247867 0.045441
professional 0.160280 -0.056759 -0.174414 0.086533 -0.158137 0.067230 0.024918 0.015686 0.083571 -0.012864 -0.209924
norwegian -0.023326 0.072054 0.098289 -0.087447 -0.015096 0.073292 -0.174626 0.067796 0.141094 0.129269 0.162834
tougher -0.065136 0.241004 -0.144031 0.185338 0.043968 -0.321721 -0.017565 0.038766 0.128610 -0.127199 0.025431
ukraine 0.079425 -0.148681 0.003274 -0.120211 -0.073429 0.008647 0.171156 -0.150863 0.097278 -0.217384 0.273540
move 0.316707 0.185289 0.242862 0.087286 -0.038182 -0.134120 -0.074914 0.005752 0.065520 0.149595 -0.061736
occasional 0.220858 0.003826 -0.149108 0.007177 -0.207429 0.118616 0.123262 -0.141746 0.056682 -0.098850 -0.039117
ukrainian -0.110237 0.118242 -0.070212 -0.162483 0.003649 0.158686 -0.130108 -0.138123 0.166000 0.080265 0.340259
flying 0.240994 0.009321 -0.170869 0.047798 0.040277 0.052829 0.036580 -0.212974 -0.202305 -0.239904 0.367512
danish -0.097273 0.107131 0.063548 -0.024087 0.136272 0.049753 -0.317753 0.098180 -0.000083 0.164443 0.098715
norway 0.174278 -0.232856 0.162806 -0.049661 -0.005558 -0.100652 0.109610 0.116243 0.001916 -0.042729 0.080957
argentina 0.016679 -0.236309 0.282163 -0.038392 0.183785 -0.082595 0.148264 0.048663 -0.117703 0.039476 0.068505
louder -0.192869 0.144000 -0.054145 0.273386 0.115625 -0.436984 -0.076171 0.201844 0.031498 0.000863 -0.088350
argentinean -0.196713 0.049335 0.105850 -0.019188 0.182368 0.094012 -0.175652 0.000455 0.022248 0.188755 0.207605
denmark 0.125548 -0.199916 0.208303 -0.063717 0.132274 -0.089133 0.057097 0.096135 -0.060510 0.007618 0.009248
