fly 0.254521 -0.375892 0.028355 -0.012587 0.193084 0.068146 -0.032435 0.004042 -0.125059 -0.071125 -0.161697
loud -0.320798 -0.076085 -0.247408 0.063075 0.022218 0.091655 0.179594 0.057813 0.042904 0.055104 -0.186387
tough -0.245254 -0.061460 -0.283437 0.072766 0.045796 0.029072 0.058737 0.072943 -0.060376 0.138928 -0.129397
occasionally 0.021977 0.035179 -0.056876 0.048054 -0.067824 -0.371979 -0.079524 0.226339 -0.033144 -0.016617 0.021678
moving 0.216605 0.031475 -0.258626 0.101473 -0.121436 -0.036295 -0.100988 -0.088723 0.275570 -0.025898 0.134915
professionally -0.079857 -0.009590 0.053623 0.109323 0.059598 -0.402976 -0.085816 0.247848 -0.007373 -0.022683 0.039038
professional -0.276615 0.037138 0.107712 0.137857 0.241567 -0.035444 -0.390798 -0.133254 0.120196 -0.008540 0.097534
norwegian -0.034399 0.050051 0.269920 0.163463 -0.148500 0.051768 0.042909 -0.029057 0.004814 -0.132190 -0.152532
tougher -0.039195 0.007562 0.000710 0.078453 -0.146121 0.230673 -0.133270 0.124648 -0.223589 0.002717 0.269547
ukraine 0.047265 0.282915 -0.038345 -0.075910 0.068796 0.017257 -0.023830 -0.088832 -0.232393 0.087595 -0.089240
move 0.150435 -0.238695 -0.042029 0.008131 0.077499 0.215202 -0.068710 0.091805 0.041392 -0.425574 -0.077270
occasional -0.141195 0.040075 0.024405 -0.016057 0.208124 -0.046698 -0.362815 -0.082771 0.123875 -0.077778 -0.014245
ukrainian 0.054657 0.169389 0.306311 0.109128 -0.158597 0.083962 -0.144091 0.120765 -0.091656 0.044021 -0.217022
flying 0.219452 -0.108374 -0.161395 0.093520 -0.022728 -0.093382 -0.055677 -0.112869 0.135782 0.293116 -0.035909
danish 0.036874 -0.085577 0.363926 0.058219 -0.202028 -0.064231 0.026268 0.069267 0.097186 0.070114 -0.097009
norway 0.014008 0.186290 -0.054724 0.001222 0.101440 -0.023406 0.171711 -0.260816 -0.025849 -0.085720 0.006638
argentina 0.104409 0.199604 0.013342 -0.097710 0.314453 0.003447 0.275925 0.037398 0.071950 0.029461 0.078318
louder -0.120762 0.056376 0.033604 0.079120 -0.181865 0.207878 0.004416 0.151942 -0.127988 0.061225 0.298271
argentinean 0.063246 0.120145 0.293333 0.045170 -0.010874 0.079687 -0.001797 0.266879 0.145037 0.098485 -0.108067
denmark 0.096857 0.048879 0.105714 -0.145157 0.130288 -0.126496 0.154678 -0.197024 -0.046898 0.049123 0.072734
