fly 0.013307 -0.176755 -0.295443 0.250218 0.242887 -0.128483 -0.043959 0.039843 0.046159 0.031260 -0.047081
loud -0.075797 -0.025406 0.017234 -0.085988 0.116166 -0.090541 0.055615 -0.413276 0.118201 -0.013393 0.092413
tough -0.173247 -0.008727 0.047836 -0.071322 0.081573 -0.115719 0.106571 -0.389197 0.116386 -0.036042 0.055515
occasionally -0.321877 -0.044637 -0.060260 0.010713 -0.045101 0.267140 0.108415 0.064143 -0.178978 0.105795 0.235003
moving -0.009842 -0.123389 -0.133391 -0.130734 -0.031334 0.042359 0.341576 0.186703 -0.007094 0.060881 -0.116109
professionally -0.303535 -0.012824 0.034555 0.079185 -0.076599 0.228602 0.087418 0.007449 -0.190887 0.066491 0.193599
professional 0.083446 -0.208193 0.277258 -0.037752 -0.035700 0.095155 -0.014120 -0.036953 -0.116824 -0.134894 -0.184765
norwegian 0.259440 -0.033934 -0.014442 0.044957 -0.066521 0.029672 -0.038965 -0.025428 0.217826 -0.068743 0.087545
tougher -0.075899 -0.061370 -0.078754 -0.261796 -0.227482 -0.065341 -0.113600 -0.009212 0.097393 -0.012088 -0.075053
ukraine -0.066490 -0.109780 0.139677 -0.140224 0.133463 -0.015489 -0.031643 -0.031985 0.166655 0.125814 0.079280
move 0.071561 -0.387554 -0.397380 0.131698 -0.009888 -0.038283 -0.060440 0.150815 -0.106386 0.090127 0.059254
occasional -0.042842 -0.232113 0.189256 0.027471 0.060521 0.089668 -0.050627 0.030631 -0.088657 -0.103639 -0.107667
ukrainian 0.107401 0.053538 0.061642 0.034268 -0.040512 0.001957 -0.119109 0.043514 0.269537 -0.236469 0.174690
flying 0.064155 0.076976 -0.050942 -0.031717 0.187852 -0.080444 0.302315 -0.009373 0.131385 -0.067280 -0.139181
danish 0.220947 0.153839 -0.039301 0.075212 0.014517 0.020675 -0.039179 -0.004096 0.197998 -0.122402 0.043468
norway 0.035693 -0.156321 0.103078 -0.078235 0.114289 0.002918 0.092632 -0.038506 0.160903 0.291429 -0.051089
argentina 0.023801 -0.085112 0.052050 -0.021720 0.140569 -0.090118 0.019830 -0.021205 0.137979 0.356896 0.033931
louder -0.014845 0.010971 -0.058523 -0.383646 -0.154682 -0.016221 -0.116883 -0.026174 0.063172 0.034381 -0.011048
argentinean 0.140500 0.096920 0.050834 0.092678 -0.056800 -0.089789 -0.054411 -0.015520 0.309061 -0.157598 0.129833
denmark 0.088469 -0.054685 0.040515 -0.045310 0.234614 0.028716 -0.022305 0.016835 0.087593 0.295885 -0.112119
